0.00000000    0.00000000   0.06480719   0.06480786   0.13655910   0.13655917   0.19680771   0.19681179   0.25009130   0.25009503   0.32387615   0.32387680   0.40110653   0.40111023   0.44290974   0.45141232   0.45143352   0.48313943   0.48314308   0.53067023   0.53068341   
1.00000000    0.01623704   0.06681830   0.06696371   0.13755417   0.13762199   0.19747834   0.19750658   0.25058771   0.25066512   0.32428965   0.32430439   0.40143721   0.40144226   0.44183361   0.45166923   0.45217141   0.48335349   0.48344514   0.52727372   0.53075656   
2.00000000    0.03242652   0.07252960   0.07304881   0.14049616   0.14076255   0.19947549   0.19957688   0.25207138   0.25236796   0.32552659   0.32558362   0.40241659   0.40244471   0.43919439   0.45237535   0.45389920   0.48398853   0.48432232   0.52135536   0.53101190   
3.00000000    0.04851813   0.08119704   0.08219002   0.14526472   0.14584668   0.20275737   0.20298101   0.25452719   0.25518041   0.32757602   0.32770394   0.40404236   0.40409902   0.43564799   0.45354441   0.45604831   0.48503160   0.48569009   0.51457591   0.53146081   
4.00000000    0.06445750   0.09204035   0.09348756   0.15168426   0.15268046   0.20725865   0.20765415   0.25793063   0.25906570   0.33040619   0.33066151   0.40630500   0.40637068   0.43148127   0.45516348   0.45848179   0.48644387   0.48744557   0.50730232   0.53212693   
5.00000000    0.08018782   0.10444868   0.10624577   0.15955126   0.16104141   0.21289620   0.21351414   0.26224905   0.26397565   0.33400997   0.33441389   0.40916768   0.40919190   0.42689700   0.45721016   0.46119678   0.48806696   0.48949218   0.49980464   0.53302367   
6.00000000    0.09565576   0.11799866   0.11998723   0.16865826   0.17070541   0.21957538   0.22046789   0.26744297   0.26985324   0.33834379   0.33894020   0.41210577   0.41268480   0.42235499   0.45964098   0.46420651   0.48825956   0.49175069   0.49378019   0.53413876   
7.00000000    0.11081938   0.13240156   0.13439567   0.17881063   0.18146449   0.22719599   0.22841748   0.27346704   0.27663543   0.34335813   0.34420775   0.41264512   0.41676464   0.42046200   0.46233719   0.46750849   0.48187646   0.49415751   0.49447242   0.53542092   
8.00000000    0.12565260   0.14744984   0.14925994   0.18983569   0.19313577   0.23565704   0.23726520   0.28027041   0.28425585   0.34897989   0.35018047   0.40833115   0.42140615   0.42375520   0.46463192   0.47107541   0.47415774   0.49665358   0.49727089   0.53677047   
9.00000000    0.14014126   0.16298485   0.16443468   0.20158616   0.20556393   0.24485979   0.24691737   0.28779563   0.29264706   0.35508432   0.35681990   0.40270997   0.42657600   0.42881970   0.46137609   0.47176551   0.47484980   0.49915529   0.50061581   0.53264945   
10.00000000    0.15427291   0.17888266   0.17981487   0.21394008   0.21861977   0.25470865   0.25728677   0.29597490   0.30174246   0.36140514   0.36408597   0.39705985   0.43220740   0.43465559   0.45252487   0.47489511   0.47872723   0.50144712   0.50430937   0.51566388   
11.00000000    0.16802636   0.19504828   0.19531985   0.22679905   0.23219710   0.26510877   0.26829395   0.30472009   0.31147769   0.36720437   0.37193786   0.39234732   0.43768068   0.44106851   0.44319478   0.47901194   0.48250779   0.49861219   0.50269657   0.50389998   
12.00000000    0.18136455   0.21088287   0.21141092   0.24008595   0.24620898   0.27595778   0.27986768   0.31389728   0.32179153   0.37037061   0.38033457   0.39086441   0.43128152   0.44563181   0.44796406   0.48136369   0.48350476   0.48598562   0.48757399   0.49692449   
13.00000000    0.19422925   0.22644424   0.22791884   0.25374259   0.26058399   0.28712380   0.29194470   0.32325472   0.33262649   0.36897960   0.38923545   0.39485442   0.42035023   0.45255837   0.45520905   0.46452833   0.47107557   0.48027025   0.48548675   0.48794533   
14.00000000    0.20653405   0.24194667   0.24453414   0.26772731   0.27526240   0.29838324   0.30446907   0.33219945   0.34392901   0.36577590   0.39860023   0.40234085   0.40886794   0.44749706   0.45449781   0.46010130   0.46146380   0.46558259   0.47254946   0.47609417   
15.00000000    0.21815062   0.25733241   0.26122795   0.28201217   0.29019055   0.30921778   0.31739090   0.33927930   0.35564941   0.36471124   0.39695592   0.40839238   0.41132353   0.43051415   0.43812863   0.44792855   0.45708955   0.46086712   0.46804729   0.47184959   
16.00000000    0.22888155   0.27254148   0.27797464   0.29657872   0.30529940   0.31814403   0.33066386   0.34343787   0.36774142   0.36909842   0.38466218   0.41348011   0.41856819   0.42109993   0.42178540   0.43193232   0.44256618   0.44587241   0.46929112   0.47316655   
17.00000000    0.23840971   0.28750889   0.29473618   0.31141079   0.31978057   0.32289483   0.34423350   0.34898237   0.37203640   0.37807991   0.38016329   0.39654154   0.40553606   0.41567218   0.42785193   0.42907225   0.43092059   0.43172533   0.45573681   0.45952292   
18.00000000    0.24621856   0.30214953   0.31128516   0.32090413   0.32647299   0.33647157   0.35717379   0.35876028   0.36004895   0.37952306   0.38913522   0.38939954   0.39288741   0.39970264   0.41371308   0.41602185   0.43994492   0.44047524   0.44394245   0.44591390   
19.00000000    0.25152715   0.31624254   0.31779337   0.32903620   0.34113900   0.34654894   0.35205052   0.36256189   0.37072724   0.37238019   0.37347400   0.38368296   0.39749178   0.40125294   0.40356863   0.40588466   0.42840398   0.43239910   0.45107174   0.45365975   
20.00000000    0.25344151   0.31696693   0.32647529   0.33563126   0.34551998   0.34589082   0.35716182   0.35827309   0.36736073   0.36827589   0.38026588   0.38641643   0.38704496   0.38887285   0.41236888   0.41768706   0.41882976   0.41924335   0.46202477   0.46336344   
21.00000000    0.25380952   0.31719580   0.32680211   0.33600202   0.34594372   0.34631084   0.35755409   0.35866401   0.36775794   0.36867055   0.38063888   0.38675085   0.38739076   0.38922625   0.41271739   0.41795634   0.41917600   0.41952603   0.46225526   0.46307016   
22.00000000    0.25490860   0.31787840   0.32777858   0.33711018   0.34721190   0.34756808   0.35872867   0.35983449   0.36894707   0.36985206   0.38175555   0.38775396   0.38842507   0.39028223   0.41376078   0.41878530   0.42018374   0.42037004   0.46292336   0.46374094   
23.00000000    0.25672456   0.31900348   0.32939292   0.33894339   0.34931528   0.34965418   0.36067892   0.36177776   0.37092036   0.37181293   0.38360984   0.38942532   0.39013834   0.39202787   0.41549392   0.42020987   0.42175575   0.42179347   0.46394491   0.46489034   
24.00000000    0.25923433   0.32055290   0.33162594   0.34148160   0.35223887   0.35255543   0.36339402   0.36448279   0.37366518   0.37454098   0.38619135   0.39176326   0.39251395   0.39444123   0.41790780   0.42224851   0.42367224   0.42391771   0.46513918   0.46650595   
25.00000000    0.26240660   0.32250235   0.33445169   0.34469767   0.35596243   0.35625306   0.36685889   0.36793433   0.37716441   0.37801963   0.38948607   0.39476419   0.39552688   0.39748959   0.42099000   0.42488935   0.42606887   0.42649029   0.46620999   0.46854345   
26.00000000    0.26620265   0.32482239   0.33783828   0.34855807   0.36046111   0.36072374   0.37105444   0.37211329   0.38139688   0.38222839   0.39347638   0.39842189   0.39914093   0.40112437   0.42472418   0.42804147   0.42889197   0.42945712   0.46687200   0.47091299   
27.00000000    0.27057725   0.32747952   0.34174891   0.35302365   0.36570625   0.36594018   0.37595752   0.37699676   0.38633796   0.38714335   0.39814137   0.40272718   0.40330311   0.40526905   0.42908754   0.43132047   0.43206112   0.43298881   0.46713318   0.47348542   
28.00000000    0.27547931   0.33043746   0.34614275   0.35805009   0.37166613   0.37187178   0.38154070   0.38255786   0.39196010   0.39273774   0.40345652   0.40766663   0.40793168   0.40979026   0.43402458   0.43414407   0.43548698   0.43738557   0.46744289   0.47604145   
29.00000000    0.28085223   0.33365776   0.35097604   0.36358827   0.37830681   0.37848539   0.38777114   0.38876460   0.39823334   0.39898228   0.40939149   0.41288992   0.41321502   0.41443282   0.43638891   0.43864997   0.43986152   0.44254169   0.46851058   0.47829038   
30.00000000    0.28663371   0.33710044   0.35620293   0.36958400   0.38559280   0.38574593   0.39460704   0.39557568   0.40512563   0.40584505   0.41588953   0.41794572   0.41851292   0.41947828   0.43836103   0.44201552   0.44592244   0.44834280   0.47092187   0.48002220   
31.00000000    0.29275480   0.34072384   0.36177611   0.37597710   0.39348754   0.39361670   0.40198553   0.40292337   0.41260236   0.41328658   0.42131279   0.42213734   0.42336944   0.42619105   0.44107472   0.44512808   0.45260196   0.45473798   0.47485217   0.48044906   
32.00000000    0.29913754   0.34448357   0.36764749   0.38269937   0.40195322   0.40205795   0.40976862   0.41060599   0.42062068   0.42101169   0.42230999   0.42557266   0.43083843   0.43350232   0.44558517   0.44852941   0.45977122   0.46169255   0.47553093   0.48012914   
33.00000000    0.30569083   0.34833022   0.37376789   0.38966997   0.41094555   0.41100558   0.41684811   0.41735718   0.42273981   0.42701842   0.42922867   0.42992063   0.43896863   0.44135340   0.45184935   0.45309089   0.46674763   0.46917390   0.47047771   0.48647781   
34.00000000    0.31230281   0.35220498   0.38008677   0.39678620   0.41605619   0.42001558   0.42070016   0.42128925   0.42975070   0.43061683   0.43816672   0.43893592   0.44751329   0.44971198   0.45871401   0.45930529   0.46394422   0.47613214   0.47714458   0.49365788   
35.00000000    0.31882816   0.35603204   0.38654962   0.40389432   0.41330738   0.41826432   0.43051255   0.43058530   0.43894298   0.43895243   0.44724441   0.44842793   0.45477702   0.45854187   0.45879803   0.46747688   0.46753470   0.48470025   0.48554120   0.50136254   
36.00000000    0.32506707   0.35970526   0.39309199   0.40947090   0.41148057   0.41402052   0.44089186   0.44098337   0.44821629   0.44878123   0.44929303   0.45835397   0.45853929   0.46682274   0.46779066   0.47566355   0.47620726   0.49377256   0.49401118   0.50087833   
37.00000000    0.33073349   0.36306679   0.39961991   0.40676239   0.40947775   0.41756038   0.44290066   0.45178979   0.45179951   0.45899627   0.45902967   0.46851311   0.46867689   0.47669229   0.47731052   0.48446229   0.48462341   0.49555375   0.50326275   0.50448603   
38.00000000    0.33541903   0.36587820   0.40407632   0.40521965   0.40617567   0.42312700   0.43682419   0.46297500   0.46299887   0.46929434   0.46980406   0.47916602   0.47932193   0.48484813   0.48702651   0.48929922   0.49399365   0.49859343   0.51106630   0.51108702   
39.00000000    0.33859219   0.36780765   0.40219459   0.40254447   0.41164576   0.42706753   0.43130653   0.47453146   0.47455180   0.47761297   0.48095956   0.48567820   0.49020641   0.49057288   0.49769340   0.49845299   0.49860770   0.49862053   0.50246083   0.50562425   
40.00000000    0.33972713   0.36850441   0.40149219   0.40153301   0.41446637   0.42851971   0.42852293   0.47900432   0.48641630   0.48643565   0.48641800   0.48643609   0.49199484   0.49283570   0.49283598   0.49560142   0.50118337   0.50177861   0.50201382   0.50201567   
41.00000000    0.33740989   0.36735688   0.40135301   0.40488503   0.40882879   0.42885028   0.43089109   0.46235825   0.46890163   0.47872213   0.48232733   0.48699979   0.48705328   0.48728301   0.49228006   0.49406954   0.49658544   0.50206662   0.50261866   0.50964562   
42.00000000    0.33062428   0.36579329   0.39665228   0.40096598   0.41277831   0.42973914   0.43417449   0.43834411   0.44631752   0.45584315   0.46624127   0.47163279   0.48837558   0.48879932   0.48953806   0.49236628   0.49569830   0.49762180   0.50183905   0.50378602   
43.00000000    0.32033753   0.36545706   0.38169773   0.39944469   0.41410194   0.42193206   0.42313074   0.42956746   0.43471017   0.43767719   0.44613170   0.45179438   0.47222560   0.48452819   0.49173404   0.49178806   0.49481248   0.49850597   0.50135153   0.50659827   
44.00000000    0.30781250   0.36488098   0.36620917   0.39018962   0.39419528   0.40266526   0.40958342   0.41957554   0.43166721   0.43415974   0.43727330   0.44182422   0.45349276   0.46752035   0.49498245   0.49592900   0.49736159   0.49947577   0.50193255   0.50257520   
45.00000000    0.29385647   0.34676983   0.36562528   0.36801640   0.37587638   0.38707136   0.39128521   0.40124779   0.41531901   0.42923275   0.43825281   0.44512294   0.44992783   0.45220386   0.48244983   0.48381711   0.50122727   0.50132620   0.50649243   0.50773222   
46.00000000    0.27886665   0.32764464   0.34216117   0.35403614   0.36436139   0.36755598   0.37756291   0.38362276   0.40186068   0.41167878   0.43946815   0.44131343   0.44945779   0.45726524   0.46871713   0.47044072   0.50644679   0.50760273   0.50827572   0.51381020   
47.00000000    0.26302814   0.30767467   0.31826279   0.33227600   0.34230393   0.35671723   0.36025489   0.37597812   0.38858200   0.39485747   0.42957195   0.44258226   0.44988919   0.45384739   0.45956709   0.47385351   0.49617759   0.50521200   0.51507650   0.51516935   
48.00000000    0.24642913   0.28699418   0.29441236   0.31091571   0.32032606   0.33887946   0.34184873   0.36918906   0.37391897   0.38574918   0.41979433   0.43062068   0.45121456   0.45174642   0.45970462   0.48418462   0.48438480   0.49283441   0.52350549   0.52358403   
49.00000000    0.22911738   0.26574310   0.27064049   0.29004911   0.29866558   0.32056392   0.32340522   0.35441302   0.35845852   0.38654326   0.40862704   0.41655434   0.44878299   0.45522369   0.46511526   0.47298729   0.47972871   0.49605057   0.52306359   0.52331591   
50.00000000    0.21112780   0.24407760   0.24698107   0.26972228   0.27740989   0.30272154   0.30535747   0.33860633   0.34292030   0.38828125   0.39661405   0.40460112   0.44800843   0.45719676   0.46211727   0.47123484   0.47139503   0.50297750   0.51484405   0.51831504   
51.00000000    0.19249430   0.22216121   0.22348370   0.24998425   0.25666419   0.28561646   0.28795411   0.32340987   0.32777538   0.38360603   0.38458790   0.40070107   0.44629232   0.45164510   0.45455439   0.47101804   0.47762084   0.50018343   0.50680917   0.52260939   
52.00000000    0.17325049   0.20015626   0.20022560   0.23092000   0.23656487   0.26941605   0.27139488   0.30920796   0.31334353   0.37319633   0.37306481   0.40394670   0.43935398   0.44260879   0.45343309   0.47459778   0.48406427   0.49439826   0.49980178   0.52350273   
53.00000000    0.15342206   0.17732942   0.17822823   0.21267178   0.21729242   0.25428267   0.25587784   0.29620147   0.29987674   0.36253965   0.36235617   0.40876857   0.43114257   0.43377061   0.45437939   0.47627406   0.48974024   0.49150209   0.49496981   0.51736126   
54.00000000    0.13301626   0.15498830   0.15656563   0.19545384   0.19908743   0.24040135   0.24161890   0.28454615   0.28760000   0.35278129   0.35267715   0.41379751   0.42353887   0.42604916   0.45516169   0.47339961   0.48836257   0.49404083   0.49874323   0.51041597   
55.00000000    0.11202205   0.13349443   0.13541855   0.17956587   0.18226982   0.22798960   0.22885941   0.27438204   0.27672812   0.34423151   0.34419583   0.41598647   0.41688130   0.42240109   0.45524930   0.46867061   0.48563727   0.49863222   0.50450755   0.50542647   
56.00000000    0.09043785   0.11327049   0.11516865   0.16540490   0.16725813   0.21729619   0.21786493   0.26584082   0.26746926   0.33705105   0.33705230   0.41130306   0.41155405   0.42654368   0.45460999   0.46396647   0.48406893   0.49644362   0.50681134   0.51223680   
57.00000000    0.06831564   0.09494329   0.09646075   0.15346733   0.15457871   0.20858908   0.20891456   0.25904501   0.26002027   0.33135227   0.33136473   0.40688670   0.40711028   0.43176976   0.45354955   0.45973909   0.48338859   0.49132632   0.51311743   0.51884949   
58.00000000    0.04577165   0.07954253   0.08044032   0.14432344   0.14484463   0.20213230   0.20227949   0.25410274   0.25455630   0.32722002   0.32722943   0.40369104   0.40380221   0.43675368   0.45247590   0.45604883   0.48317715   0.48704055   0.51971051   0.52484058   
59.00000000    0.02295216   0.06877451   0.06905034   0.13854178   0.13867687   0.19815358   0.19819203   0.25110005   0.25121716   0.32471563   0.32471837   0.40175721   0.40178419   0.44093174   0.45171006   0.45295860   0.48314189   0.48416352   0.52615496   0.52918712   
60.00000000    0.00000000   0.06480719   0.06480786   0.13655910   0.13655917   0.19680771   0.19681179   0.25009129   0.25009503   0.32387615   0.32387680   0.40110653   0.40111023   0.44290974   0.45141232   0.45143352   0.48313943   0.48314308   0.53067043   0.53068314   
