0.27000000     0.36000000     -5.00000000      2.13160000      
0.27000000     0.36000000     -4.79591837      2.13160000      
0.27000000     0.36000000     -4.59183673      2.13160000      
0.27000000     0.36000000     -4.38775510      2.13160000      
0.27000000     0.36000000     -4.18367347      2.13160000      
0.27000000     0.36000000     -3.97959184      2.13160000      
0.27000000     0.36000000     -3.77551020      2.13160000      
0.27000000     0.36000000     -3.57142857      2.13160000      
0.27000000     0.36000000     -3.36734694      2.13160000      
0.27000000     0.36000000     -3.16326531      2.13160000      
0.27000000     0.36000000     -2.95918367      2.13160000      
0.27000000     0.36000000     -2.75510204      2.13160000      
0.27000000     0.36000000     -2.55102041      2.13160000      
0.27000000     0.36000000     -2.34693878      2.13160000      
0.27000000     0.36000000     -2.14285714      2.13160000      
0.27000000     0.36000000     -1.93877551      2.13160000      
0.27000000     0.36000000     -1.73469388      2.13160000      
0.27000000     0.36000000     -1.53061224      2.13160000      
0.27000000     0.36000000     -1.32653061      2.60168623      
0.27000000     0.36000000     -1.12244898      12.53160000      
0.27000000     0.36000000     -0.91836735      2.13160000      
0.27000000     0.36000000     -0.71428571      2.13160000      
0.27000000     0.36000000     -0.51020408      2.13160000      
0.27000000     0.36000000     -0.30612245      2.13160000      
0.27000000     0.36000000     -0.10204082      2.13160000      
0.27000000     0.36000000     0.10204082      2.13160000      
0.27000000     0.36000000     0.30612245      2.13160000      
0.27000000     0.36000000     0.51020408      2.13160000      
0.27000000     0.36000000     0.71428571      2.13160000      
0.27000000     0.36000000     0.91836735      2.13160000      
0.27000000     0.36000000     1.12244898      12.53160000      
0.27000000     0.36000000     1.32653061      2.60168623      
0.27000000     0.36000000     1.53061224      2.13160000      
0.27000000     0.36000000     1.73469388      2.13160000      
0.27000000     0.36000000     1.93877551      2.13160000      
0.27000000     0.36000000     2.14285714      2.13160000      
0.27000000     0.36000000     2.34693878      2.13160000      
0.27000000     0.36000000     2.55102041      2.13160000      
0.27000000     0.36000000     2.75510204      2.13160000      
0.27000000     0.36000000     2.95918367      2.13160000      
0.27000000     0.36000000     3.16326531      2.13160000      
0.27000000     0.36000000     3.36734694      2.13160000      
0.27000000     0.36000000     3.57142857      2.13160000      
0.27000000     0.36000000     3.77551020      2.13160000      
0.27000000     0.36000000     3.97959184      2.13160000      
0.27000000     0.36000000     4.18367347      2.13160000      
0.27000000     0.36000000     4.38775510      2.13160000      
0.27000000     0.36000000     4.59183673      2.13160000      
0.27000000     0.36000000     4.79591837      2.13160000      
0.27000000     0.36000000     5.00000000      2.13160000      
