0.00000000    0.00000000   0.12380391   0.12380700   0.24999787   0.25000265   0.37656658   0.37657235   0.44276829   0.47949688   0.47952507   0.53672815   0.53675782   0.55002538   0.62536783   0.62548444   0.63506989   0.66931301   0.66944908   0.68793642   0.68877874   
1.00000000    0.01623645   0.12476876   0.12497634   0.25049259   0.25057202   0.37684986   0.37693344   0.44215895   0.47970772   0.47986726   0.53667456   0.53691232   0.55058726   0.62289736   0.62525957   0.63668070   0.66854044   0.66880250   0.67238220   0.68355847   
2.00000000    0.03244742   0.12761924   0.12842195   0.25196907   0.25227442   0.37768830   0.37801673   0.44040615   0.48029875   0.48087325   0.53656819   0.53741043   0.55216813   0.61746004   0.62473766   0.63919686   0.65456642   0.66289070   0.66854795   0.67538189   
3.00000000    0.04860571   0.13223793   0.13396762   0.25441155   0.25508612   0.37905237   0.37981442   0.43769945   0.48127623   0.48238646   0.53660468   0.53823798   0.55454475   0.61054408   0.62377447   0.63780112   0.63982117   0.65134608   0.66462694   0.67367909   
4.00000000    0.06468060   0.13845601   0.14136611   0.25779346   0.25897036   0.38088214   0.38231491   0.43427897   0.48263158   0.48424643   0.53694657   0.53938113   0.55749686   0.60230540   0.61995882   0.62335813   0.63177971   0.64640095   0.65282863   0.66968685   
5.00000000    0.08063590   0.14608339   0.15034371   0.26207920   0.26387892   0.38306775   0.38550237   0.43040962   0.48435194   0.48631975   0.53769151   0.54081854   0.56083933   0.59257089   0.60373689   0.61874938   0.62060899   0.63862776   0.64439476   0.66316199   
6.00000000    0.09642790   0.15493459   0.16063534   0.26722524   0.26975475   0.38540557   0.38935708   0.42641387   0.48642052   0.48850595   0.53887988   0.54251083   0.56439150   0.58116690   0.58694918   0.60574386   0.61626496   0.62593398   0.63856853   0.65954364   
7.00000000    0.11200348   0.16484623   0.17200468   0.27318094   0.27653481   0.38751102   0.39385580   0.42276502   0.48881636   0.49072713   0.54048619   0.54436875   0.56741884   0.56821526   0.57076473   0.59326736   0.60532030   0.61967559   0.62962898   0.65866653   
8.00000000    0.12729917   0.17568552   0.18425161   0.27988854   0.28415268   0.38870422   0.39897222   0.42021195   0.49151346   0.49291217   0.54220941   0.54596356   0.55348729   0.55441227   0.57155662   0.58111744   0.59152198   0.61657034   0.61993030   0.65754815   
9.00000000    0.14224207   0.18735065   0.19721188   0.28728131   0.29254093   0.38812043   0.40467730   0.41967969   0.49447783   0.49497275   0.53544912   0.53820810   0.54579880   0.54893918   0.56922083   0.57215154   0.58004714   0.61041009   0.61405737   0.65376405   
10.00000000    0.15675370   0.19976434   0.21075300   0.29527794   0.30163296   0.38538761   0.41093967   0.42160455   0.49672412   0.49765393   0.51923131   0.52304884   0.54678042   0.54829661   0.55914962   0.56266197   0.57957347   0.60135885   0.61186744   0.63366378   
11.00000000    0.17075667   0.21286231   0.22476897   0.30376818   0.31136440   0.38099292   0.41772585   0.42558790   0.49685241   0.50071750   0.50394810   0.50768417   0.53988358   0.54150946   0.55646860   0.55761393   0.58102633   0.59294534   0.60955076   0.62362706   
12.00000000    0.18418085   0.22657999   0.23917512   0.31257577   0.32167404   0.37572208   0.42500024   0.43099909   0.48457762   0.49101356   0.50024127   0.50502617   0.52741702   0.52987981   0.55672704   0.55977697   0.58130547   0.58554003   0.60478756   0.61798210   
13.00000000    0.19696374   0.24084255   0.25390371   0.32135345   0.33250440   0.37035705   0.43272466   0.43738726   0.46815081   0.47509697   0.49844380   0.50848593   0.51422206   0.51897961   0.55558841   0.56328836   0.57989051   0.57999206   0.59731020   0.61782227   
14.00000000    0.20903977   0.25556047   0.26890023   0.32926937   0.34380196   0.36600662   0.44085449   0.44443156   0.45156947   0.45902507   0.49148827   0.50049168   0.51229059   0.51300115   0.55151944   0.56540835   0.57701032   0.57762552   0.59100493   0.62018953   
15.00000000    0.22031680   0.27062579   0.28412046   0.33436261   0.35551702   0.36485344   0.43480850   0.44285422   0.44940206   0.45217448   0.47988606   0.48684895   0.51135556   0.51572451   0.54492900   0.56191057   0.57579317   0.57842608   0.58748423   0.62364426   
16.00000000    0.23063877   0.28588889   0.29952822   0.33463208   0.36760316   0.36916689   0.41822821   0.42674969   0.45815627   0.46015567   0.46675958   0.47319354   0.51075900   0.51854906   0.53732979   0.55456701   0.57479433   0.58025012   0.58777886   0.61266725   
17.00000000    0.23973044   0.30102136   0.31509344   0.33179306   0.37771729   0.38001649   0.40177038   0.41063802   0.45328142   0.45921005   0.46755985   0.46836069   0.50970024   0.51900127   0.53105524   0.54697571   0.57332824   0.57966455   0.59240384   0.61276752   
18.00000000    0.24712353   0.31439328   0.33005837   0.33079101   0.38410827   0.38965942   0.39258485   0.39469083   0.43988020   0.44572283   0.47645632   0.47675501   0.50738194   0.51372562   0.52959796   0.54077594   0.57159710   0.57859650   0.59849856   0.61419649   
19.00000000    0.25211030   0.31909225   0.33794504   0.34659518   0.36872291   0.37849517   0.40044035   0.40570351   0.42683149   0.43223207   0.48372868   0.48619042   0.50371405   0.50518943   0.53040997   0.53690579   0.57019009   0.57784379   0.60455068   0.61587710   
20.00000000    0.25389837   0.31892139   0.35109607   0.35441355   0.36191105   0.36310648   0.40985789   0.41692449   0.41866983   0.41908256   0.48744865   0.49465046   0.49689690   0.50117832   0.53085398   0.53563272   0.56964912   0.57758037   0.60786059   0.61663197   
21.00000000    0.25426336   0.31914125   0.35151110   0.35478538   0.36233020   0.36349124   0.41020693   0.41718477   0.41901088   0.41936254   0.48667111   0.49468094   0.49758098   0.50146080   0.53013278   0.53709208   0.56705627   0.58005877   0.60809036   0.61683760   
22.00000000    0.25535347   0.31979637   0.35275326   0.35590258   0.36358157   0.36464247   0.41125215   0.41798105   0.42000847   0.42019799   0.48472853   0.49474883   0.49927363   0.50230718   0.52919908   0.54021680   0.56245109   0.58436276   0.60877860   0.61745060   
23.00000000    0.25715477   0.32087419   0.35481390   0.35776935   0.36564766   0.36655087   0.41298783   0.41934176   0.42156707   0.42160875   0.48215157   0.49477950   0.50153319   0.50371436   0.52888780   0.54410571   0.55762955   0.58882823   0.60992222   0.61845826   
24.00000000    0.25964450   0.32235505   0.35767891   0.36038957   0.36850160   0.36920092   0.41540433   0.42128088   0.42345824   0.42372161   0.47925017   0.49464551   0.50419387   0.50567736   0.52936613   0.54849245   0.55307279   0.59319300   0.61151505   0.61983295   
25.00000000    0.26279180   0.32421377   0.36132917   0.36376364   0.37210925   0.37257060   0.41848777   0.42377921   0.42581437   0.42627891   0.47625151   0.49417322   0.50722570   0.50818944   0.53064596   0.54911710   0.55325079   0.59741417   0.61354599   0.62151899   
26.00000000    0.26655849   0.32642142   0.36574115   0.36788623   0.37643001   0.37663093   0.42221859   0.42673993   0.42857370   0.42920890   0.47340410   0.49317789   0.51063932   0.51124223   0.53269173   0.54608922   0.55829595   0.60150257   0.61599489   0.62340646   
27.00000000    0.27089997   0.32894673   0.37088754   0.37274497   0.38134355   0.38141642   0.42656581   0.42983861   0.43164127   0.43257207   0.47103830   0.49154564   0.51445267   0.51482577   0.53545279   0.54426082   0.56357169   0.60548261   0.61882111   0.62531247   
28.00000000    0.27576574   0.33175717   0.37673788   0.37832028   0.38666072   0.38700593   0.43145387   0.43240389   0.43490182   0.43664977   0.46960570   0.48934731   0.51868078   0.51892868   0.53887668   0.54377767   0.56903436   0.60937328   0.62191553   0.62704246   
29.00000000    0.28109983   0.33481935   0.38325906   0.38458566   0.39251210   0.39311355   0.43388325   0.43642391   0.43852325   0.44154271   0.46963182   0.48692400   0.52333306   0.52353826   0.54291389   0.54461897   0.57464892   0.61317256   0.62468498   0.62840599   
30.00000000    0.28684057   0.33809887   0.39041523   0.39150732   0.39879100   0.39959293   0.43413828   0.43966793   0.44389681   0.44714440   0.47148648   0.48489517   0.52841288   0.52864060   0.54663294   0.54752086   0.58038230   0.61681344   0.62106606   0.62151322   
31.00000000    0.29291955   0.34155950   0.39816573   0.39903898   0.40530539   0.40613830   0.43355488   0.44126522   0.45048462   0.45337525   0.47514952   0.48405233   0.53391757   0.53422077   0.54961123   0.55265097   0.58618969   0.60749838   0.60755535   0.61012652   
32.00000000    0.29925936   0.34516164   0.40644959   0.40707541   0.41165496   0.41201310   0.43326488   0.44168888   0.45770613   0.46018892   0.48030597   0.48505436   0.53983730   0.54026283   0.55330548   0.55826030   0.59190684   0.59364434   0.59371215   0.59802944   
33.00000000    0.30576927   0.34885960   0.41413318   0.41490712   0.41694710   0.41716327   0.43533254   0.44197971   0.46546102   0.46755142   0.48660480   0.48806490   0.54614990   0.54674975   0.55734790   0.56426981   0.57995098   0.58006857   0.58596980   0.58895363   
34.00000000    0.31233778   0.35259720   0.41463574   0.41850324   0.42505909   0.42552949   0.44098032   0.44433551   0.47370720   0.47543261   0.49277316   0.49378123   0.55278805   0.55366127   0.56049443   0.56612853   0.56644789   0.57112128   0.57520757   0.57608765   
35.00000000    0.31881992   0.35630010   0.41251028   0.41709668   0.43480277   0.43518723   0.44900843   0.44996189   0.48241365   0.48380254   0.49872518   0.50165113   0.55308911   0.55310160   0.55664104   0.55882763   0.56101652   0.56417327   0.57153682   0.57730024   
36.00000000    0.32501635   0.35986301   0.40959767   0.41347646   0.44506439   0.44535974   0.45786803   0.45826832   0.49155217   0.49262820   0.50549117   0.51008149   0.54001006   0.54004255   0.54617313   0.54981840   0.56774809   0.56871518   0.57309918   0.57674043   
37.00000000    0.33064206   0.36312894   0.40660230   0.40920364   0.45575296   0.45597308   0.46701102   0.46827435   0.50109264   0.50186362   0.51250647   0.51886556   0.52715170   0.52732520   0.53508043   0.53745677   0.56581358   0.56588651   0.56999175   0.57427854   
38.00000000    0.33529117   0.36586212   0.40397349   0.40528080   0.46682888   0.46698615   0.47686535   0.47881837   0.51095905   0.51135790   0.51437928   0.51442712   0.51696687   0.52526007   0.52708904   0.52853298   0.55428600   0.55476986   0.56239784   0.56967630   
39.00000000    0.33843742   0.36773728   0.40212060   0.40250842   0.47826005   0.47836331   0.48706301   0.48976642   0.50212554   0.50219089   0.50943412   0.51258567   0.52140141   0.52211763   0.53059431   0.53698920   0.54305759   0.54489530   0.55448846   0.55946495   
40.00000000    0.33956214   0.36841402   0.40138457   0.40156083   0.48994178   0.49004292   0.49004406   0.49004864   0.49515320   0.50090923   0.50152456   0.50152764   0.53176972   0.53190948   0.53191262   0.53198597   0.53469701   0.54850030   0.55021186   0.55022196   
41.00000000    0.33726669   0.36730757   0.40120436   0.40489321   0.46636602   0.47695619   0.49059096   0.49095079   0.49841726   0.50125018   0.51193980   0.51415882   0.52035880   0.52349853   0.53241520   0.53632240   0.54249999   0.54650749   0.55660995   0.56631978   
42.00000000    0.33056215   0.36580769   0.40045666   0.41277923   0.44282398   0.45512937   0.48975191   0.49236805   0.49238328   0.49911847   0.50483726   0.50532692   0.53402068   0.53544550   0.53772526   0.54113370   0.54880994   0.54886268   0.56869982   0.57739830   
43.00000000    0.32042296   0.36552435   0.39821045   0.41738619   0.42451079   0.43438871   0.47018863   0.48454984   0.49533536   0.49616291   0.50371803   0.50727380   0.53668360   0.53818875   0.54388107   0.54565983   0.55759417   0.56235904   0.56306272   0.57040096   
44.00000000    0.30810627   0.36632185   0.39145015   0.39531487   0.41745372   0.43236182   0.45228556   0.46774067   0.49944750   0.49992419   0.50753079   0.51085226   0.53295383   0.53797163   0.54038356   0.54608857   0.55336586   0.55855469   0.58583970   0.59222566   
45.00000000    0.29442172   0.36639895   0.37366021   0.37643039   0.40713510   0.42701912   0.44956051   0.45265929   0.50468354   0.50492621   0.51235034   0.51251757   0.52166589   0.52836175   0.54508882   0.54897415   0.55461238   0.56250261   0.59532378   0.60605493   
46.00000000    0.27977148   0.34790729   0.35650535   0.37099564   0.39851806   0.41010617   0.44118054   0.45905812   0.50161729   0.50996469   0.51102114   0.51549785   0.51974379   0.52439495   0.55074515   0.55383109   0.55968408   0.56760032   0.58572785   0.60374991   
47.00000000    0.26433803   0.32513117   0.33517297   0.37188733   0.38718731   0.39411918   0.43416007   0.46765159   0.49055389   0.50167736   0.51839768   0.51916853   0.52629337   0.53121796   0.55720533   0.55977199   0.56600959   0.57309873   0.57614620   0.60019247   
48.00000000    0.24819029   0.30248730   0.31350798   0.36634649   0.37322252   0.38564314   0.43021352   0.46636790   0.49005077   0.49069765   0.52677911   0.52727408   0.53443528   0.53921547   0.56240080   0.56629309   0.56798587   0.57315125   0.57959251   0.59231241   
49.00000000    0.23133086   0.28022605   0.29187722   0.35251733   0.35803930   0.38652349   0.42717446   0.45625216   0.48157356   0.49918811   0.53610448   0.53646377   0.54354024   0.54757741   0.55568338   0.57167304   0.57381530   0.57997635   0.58426195   0.58614418   
50.00000000    0.21371885   0.25852945   0.27047028   0.33724065   0.34263080   0.38987050   0.42346822   0.44525933   0.47507432   0.50993663   0.54494597   0.54652856   0.54682138   0.55349321   0.55856474   0.56925993   0.58056869   0.58313510   0.58657260   0.59156172   
51.00000000    0.19529030   0.23760088   0.24943475   0.32240837   0.32755618   0.39360682   0.41838831   0.43518565   0.47146146   0.51954167   0.53863600   0.55672063   0.55748487   0.56225486   0.56504898   0.56717785   0.58008245   0.58266990   0.59450205   0.59891605   
52.00000000    0.17599083   0.21765955   0.22892411   0.30848143   0.31316685   0.39672232   0.41210776   0.42699826   0.47032249   0.52146683   0.53974144   0.55443123   0.56786964   0.56976179   0.57044965   0.57602235   0.57954601   0.58453027   0.60504311   0.60839674   
53.00000000    0.15581827   0.19891476   0.20912487   0.29568382   0.29972776   0.39768586   0.40526466   0.42221545   0.47086658   0.51559567   0.54788516   0.54850152   0.56575245   0.57461356   0.58228830   0.58306822   0.58818704   0.59533507   0.61646205   0.61907866   
54.00000000    0.13484780   0.18155685   0.19028080   0.28418254   0.28746995   0.39525801   0.39848846   0.42205676   0.47234370   0.50851135   0.54351325   0.55177756   0.56814655   0.57058858   0.59562940   0.59607616   0.60080842   0.60760135   0.62810444   0.62846188   
55.00000000    0.11321597   0.16579033   0.17272014   0.27412711   0.27661128   0.39078354   0.39223605   0.42513413   0.47418903   0.50156754   0.53973100   0.54905052   0.56621237   0.57776240   0.60965628   0.61001600   0.61338014   0.62030691   0.63273548   0.64053616   
56.00000000    0.09107958   0.15189137   0.15688568   0.26565861   0.26736168   0.38610180   0.38681249   0.42952034   0.47600640   0.49506546   0.53725188   0.54514461   0.56182984   0.58911146   0.62315558   0.62427864   0.62484523   0.63232542   0.63656567   0.64920706   
57.00000000    0.06858258   0.14024822   0.14335890   0.25890864   0.25991906   0.38207576   0.38242089   0.43418147   0.47753878   0.48919820   0.53605487   0.54163921   0.55763446   0.60051337   0.62619144   0.63870850   0.63992634   0.64054501   0.64656557   0.65640267   
58.00000000    0.04584338   0.13135397   0.13285260   0.25399316   0.25445922   0.37905539   0.37919727   0.43844314   0.47865225   0.48426145   0.53594218   0.53895512   0.55390330   0.61128654   0.62602599   0.64026271   0.65530600   0.65559851   0.65892399   0.66763488   
59.00000000    0.02295655   0.12573352   0.12612793   0.25100411   0.25112240   0.37719663   0.37722986   0.44158027   0.47931051   0.48078578   0.53644123   0.53728101   0.55111604   0.62057475   0.62556065   0.63766581   0.66706951   0.66907414   0.67218242   0.67270510   
60.00000000    0.00000000   0.12380391   0.12380700   0.24999787   0.25000265   0.37656658   0.37657235   0.44276829   0.47949687   0.47952507   0.53675716   0.53672878   0.55002541   0.62536784   0.62548446   0.63506989   0.66931302   0.66944910   0.68793677   0.68878614   
