0.00000000   0.00000000    0.68493151    0.68493151    0.68493151    0.68493151    
1.00000000   0.01712329    0.66780822    0.68514551    0.68514551    0.70205479    
2.00000000   0.03424658    0.65068493    0.68578714    0.68578714    0.71917808    
3.00000000   0.05136986    0.63356164    0.68685518    0.68685518    0.73630137    
4.00000000   0.06849315    0.61643836    0.68834765    0.68834765    0.75342466    
5.00000000   0.08561644    0.59931507    0.69026179    0.69026179    0.77054795    
6.00000000   0.10273973    0.58219178    0.69259412    0.69259412    0.78767123    
7.00000000   0.11986301    0.56506849    0.69534043    0.69534043    0.80479452    
8.00000000   0.13698630    0.54794521    0.69849582    0.69849582    0.82191781    
9.00000000   0.15410959    0.53082192    0.70205479    0.70205479    0.83904110    
10.00000000   0.17123288    0.51369863    0.70601124    0.70601124    0.85616438    
11.00000000   0.18835616    0.49657534    0.71035851    0.71035851    0.87328767    
12.00000000   0.20547945    0.47945205    0.71508949    0.71508949    0.89041096    
13.00000000   0.22260274    0.46232877    0.72019660    0.72019660    0.90753425    
14.00000000   0.23972603    0.44520548    0.72567192    0.72567192    0.92465753    
15.00000000   0.25684932    0.42808219    0.73150717    0.73150717    0.94178082    
16.00000000   0.27397260    0.41095890    0.73769381    0.73769381    0.95890411    
17.00000000   0.29109589    0.39383562    0.74422308    0.74422308    0.97602740    
18.00000000   0.30821918    0.37931306    0.75189125    0.75222679    0.99064318    
19.00000000   0.32534247    0.35958904    0.75827362    0.75827362    0.77358610    
20.00000000   0.34246575    0.34246575    0.76577670    0.76577670    0.76577670    
21.00000000   0.34289357    0.34289357    0.75050024    0.75050024    0.78112978    
22.00000000   0.34417382    0.34417382    0.73530516    0.73530516    0.79655502    
23.00000000   0.34629706    0.34629706    0.72019660    0.72019660    0.81204834    
24.00000000   0.34924791    0.34924791    0.70518015    0.70518015    0.82760589    
25.00000000   0.35300562    0.35300562    0.69026179    0.69026179    0.84322413    
26.00000000   0.35754474    0.35754474    0.67544805    0.67544805    0.85889974    
27.00000000   0.36283596    0.36283596    0.66074594    0.66074594    0.87462964    
28.00000000   0.36884690    0.36884690    0.64616309    0.64616309    0.89041096    
29.00000000   0.37554302    0.37554302    0.63170777    0.63170777    0.90624100    
30.00000000   0.38288835    0.38288835    0.61738892    0.61738892    0.92211726    
31.00000000   0.39084631    0.39084631    0.60321627    0.60321627    0.93803739    
32.00000000   0.39938027    0.39938027    0.58920036    0.58920036    0.95399920    
33.00000000   0.40845412    0.40845412    0.57535266    0.57535266    0.97000062    
34.00000000   0.41803273    0.41803273    0.56168560    0.56168560    0.98603973    
35.00000000   0.42808219    0.42808219    0.54821269    0.54821269    1.00211472    
36.00000000   0.43857015    0.43857015    0.53494861    0.53494861    1.01822389    
37.00000000   0.44946592    0.44946592    0.52190927    0.52190927    1.03436564    
38.00000000   0.46074055    0.46074055    0.50911194    0.50911194    1.05053847    
39.00000000   0.47236693    0.47236693    0.49657534    0.49657534    1.06674097    
40.00000000   0.48431971    0.48431971    0.48431971    0.48431971    1.08297180    
41.00000000   0.46010373    0.48492473    0.48492473    0.50853570    1.06136762    
42.00000000   0.43588774    0.48673529    0.48673529    0.53275168    1.03987852    
43.00000000   0.41167176    0.48973800    0.48973800    0.55696767    1.01851181    
44.00000000   0.38745577    0.49391113    0.49391113    0.58118366    0.99727533    
45.00000000   0.36323978    0.49922533    0.49922533    0.60539964    0.97617759    
46.00000000   0.33902380    0.50564463    0.50564463    0.62961563    0.95522779    
47.00000000   0.31480781    0.51312754    0.51312754    0.65383161    0.93443587    
48.00000000   0.29059183    0.52162829    0.52162829    0.67804760    0.91381261    
49.00000000   0.26637584    0.53109803    0.53109803    0.70226358    0.89336969    
50.00000000   0.24215986    0.54148590    0.54148590    0.72647957    0.87311978    
51.00000000   0.21794387    0.55274015    0.55274015    0.75069556    0.85307662    
52.00000000   0.19372789    0.56480899    0.56480899    0.77491154    0.83325514    
53.00000000   0.16951190    0.57764136    0.57764136    0.79912753    0.81367153    
54.00000000   0.14529591    0.59118755    0.59118755    0.79434339    0.82334351    
55.00000000   0.12107993    0.60539964    0.60539964    0.77528982    0.84755950    
56.00000000   0.09686394    0.62023186    0.62023186    0.75653158    0.87177548    
57.00000000   0.07264796    0.63564079    0.63564079    0.73809117    0.89599147    
58.00000000   0.04843197    0.65158553    0.65158553    0.71999302    0.92020745    
59.00000000   0.02421599    0.66802771    0.66802771    0.70226358    0.94442344    
60.00000000   0.00000000    0.68493151    0.68493151    0.68493151    0.96863943    
