0.00000000    0.00000000   0.13676692   0.13676696   0.27202930   0.27202994   0.40294449   0.40295001   0.51542635   0.51547371   0.53338581   0.54335893   0.54350504   0.54924227   0.62912517   0.62917308   0.65520950   0.67633839   0.68761931   0.68821765   0.68822117   
1.00000000    0.01681943   0.13775574   0.13783113   0.27252021   0.27255889   0.40326338   0.40328887   0.51485920   0.51561637   0.53248125   0.54221987   0.54356784   0.55201821   0.62895408   0.62930509   0.65472514   0.67129308   0.67308458   0.68570792   0.68815711   
2.00000000    0.03363510   0.14068003   0.14097551   0.27398654   0.27414052   0.40421106   0.40431064   0.51280436   0.51610660   0.53060656   0.54125261   0.54396657   0.55713185   0.62820502   0.62974233   0.65291837   0.65443207   0.66369818   0.67846516   0.68079078   
3.00000000    0.05044315   0.14542179   0.14606571   0.27641251   0.27675618   0.40578435   0.40600715   0.50885231   0.51691004   0.52936154   0.54111123   0.54463723   0.56281775   0.62612039   0.63030113   0.63770251   0.64677973   0.65498417   0.66602221   0.67243821   
4.00000000    0.06723945   0.15180880   0.15290739   0.27977227   0.28037651   0.40797468   0.40836819   0.50316474   0.51800387   0.52931918   0.54143436   0.54558306   0.56868849   0.62037808   0.62043682   0.63147638   0.63666826   0.65117331   0.65126642   0.66639966   
5.00000000    0.08401943   0.15964115   0.16127762   0.28403146   0.28496259   0.41077001   0.41137986   0.49626390   0.51935507   0.53023175   0.54205581   0.54680850   0.57461277   0.60365937   0.60889225   0.62883238   0.63048683   0.63844242   0.64838192   0.66020913   
6.00000000    0.10077790   0.16871472   0.17095178   0.28914882   0.29046785   0.41415492   0.41502467   0.48853082   0.52091808   0.53179239   0.54292233   0.54831344   0.58053297   0.58683818   0.59432533   0.61933697   0.62082457   0.63605322   0.64637437   0.65414705   
7.00000000    0.11750886   0.17883762   0.18172149   0.29507794   0.29684012   0.41811033   0.41928162   0.48016085   0.52262969   0.53378606   0.54402697   0.55007402   0.57002497   0.57881720   0.58644421   0.60486266   0.61092565   0.63695906   0.64434325   0.64902789   
8.00000000    0.13420518   0.18983915   0.19340348   0.30176898   0.30402361   0.42261217   0.42412629   0.47124829   0.52439141   0.53601803   0.54535009   0.55187397   0.55332967   0.56323917   0.59005687   0.59248127   0.59948616   0.63681493   0.63930113   0.64716993   
9.00000000    0.15085834   0.20157303   0.20584212   0.30917035   0.31196073   0.42762533   0.42953064   0.46184710   0.52596921   0.53574715   0.53904147   0.54621616   0.54717199   0.55538072   0.57570042   0.58721135   0.59821949   0.63149306   0.63232339   0.64676638   
10.00000000    0.16745795   0.21391718   0.21890804   0.31723007   0.32059363   0.43306509   0.43546224   0.45203633   0.51954061   0.52531880   0.53286866   0.54080001   0.54872483   0.55712590   0.56195873   0.57494689   0.60405036   0.62162895   0.62451181   0.64614099   
11.00000000    0.18399129   0.22677174   0.23249502   0.32589700   0.32986538   0.43783421   0.44188182   0.44289622   0.50289387   0.51271105   0.53076632   0.54196524   0.54511874   0.55492663   0.55598724   0.56619632   0.60968883   0.61094113   0.61611291   0.64477399   
12.00000000    0.20044264   0.24005639   0.24651637   0.33512160   0.33972084   0.43005151   0.44628398   0.44873623   0.48627862   0.49688157   0.53066699   0.53083820   0.54501298   0.54682627   0.55706377   0.56666103   0.59985868   0.60735399   0.61571343   0.64264301   
13.00000000    0.21679259   0.25370772   0.26090142   0.34485638   0.35010715   0.41884916   0.45303104   0.45591237   0.46973916   0.48086204   0.51708336   0.52589366   0.53999542   0.54650880   0.56026837   0.56952073   0.58950030   0.59862443   0.62150118   0.63998548   
14.00000000    0.23301719   0.26767683   0.27559246   0.35505514   0.36097377   0.40705515   0.45312600   0.46044840   0.46161523   0.46658022   0.50331933   0.51482157   0.53899503   0.54783358   0.56256248   0.57185450   0.58081444   0.59094066   0.62725153   0.63701183   
15.00000000    0.24908692   0.28192692   0.29054219   0.36566606   0.37227192   0.39478946   0.43680389   0.44799349   0.46800541   0.47172601   0.48976676   0.50217708   0.53942572   0.54884345   0.56020155   0.57055559   0.57749986   0.58730359   0.63282071   0.63380867   
16.00000000    0.26496523   0.29643032   0.30571153   0.37644010   0.38230029   0.38395203   0.42053582   0.43197992   0.47392880   0.47799414   0.47845323   0.49071664   0.53974079   0.54842947   0.55370923   0.56439790   0.58002613   0.58911459   0.63036165   0.63359869   
17.00000000    0.28060496   0.31116243   0.32106793   0.36873498   0.38823349   0.39594308   0.40439831   0.41595696   0.46252656   0.47259276   0.48499511   0.49109276   0.53915103   0.54144571   0.55205688   0.55715184   0.58442461   0.59312110   0.62663855   0.62790137   
18.00000000    0.29593385   0.32607287   0.33658368   0.35529939   0.38841003   0.39970809   0.39990778   0.40848608   0.44957616   0.46015380   0.49355822   0.49847545   0.53207287   0.53646761   0.55167436   0.55238217   0.58913367   0.59761200   0.62226997   0.62272568   
19.00000000    0.31075384   0.33927856   0.34354143   0.35223340   0.37262254   0.38387468   0.41191011   0.42085659   0.43679015   0.44726194   0.50222577   0.50561809   0.52279464   0.53160575   0.54918967   0.55269124   0.59318538   0.60164251   0.61767743   0.61911512   
20.00000000    0.32181039   0.33045934   0.35623639   0.35784896   0.36753014   0.36848750   0.42369871   0.42474032   0.43125644   0.43669554   0.50834842   0.50917795   0.51645644   0.52858295   0.54859891   0.55280419   0.59496584   0.60352725   0.61571760   0.61737632   
21.00000000    0.32215566   0.33084304   0.35662499   0.35823569   0.36792690   0.36888261   0.42401136   0.42503559   0.43159438   0.43702088   0.50857631   0.50932709   0.51665028   0.52883662   0.54527423   0.55622604   0.59493272   0.60374757   0.61588319   0.61722487   
22.00000000    0.32318718   0.33199020   0.35778874   0.35939363   0.36911461   0.37006536   0.42494765   0.42592103   0.43260551   0.43799536   0.50925726   0.50974543   0.51720137   0.52959655   0.54068349   0.56116695   0.59477182   0.60440751   0.61637593   0.61672783   
23.00000000    0.32489214   0.33388896   0.35972161   0.36131601   0.37108551   0.37202817   0.42650252   0.42739543   0.43428187   0.43961436   0.51031063   0.51038848   0.51800551   0.53085947   0.53642378   0.56624817   0.59428064   0.60550408   0.61582212   0.61718807   
24.00000000    0.32724961   0.33651987   0.36241369   0.36399177   0.37382701   0.37475866   0.42866760   0.42945636   0.43661056   0.44187032   0.51071162   0.51194104   0.51887878   0.53261874   0.53311321   0.57135775   0.59308524   0.60703165   0.61465600   0.61829518   
25.00000000    0.33023126   0.33985631   0.36585146   0.36740596   0.37732198   0.37824001   0.43143118   0.43209975   0.43957402   0.44475284   0.51019061   0.51390405   0.51976681   0.53156946   0.53487028   0.57646904   0.59072128   0.60898104   0.61372339   0.61966588   
26.00000000    0.33380210   0.34386498   0.37001810   0.37154012   0.38154926   0.38245148   0.43477817   0.43531961   0.44314971   0.44824887   0.50793217   0.51623643   0.52112730   0.53216147   0.53759877   0.58157596   0.58694413   0.61133815   0.61353986   0.62124557   
27.00000000    0.33792153   0.34850640   0.37489383   0.37637279   0.38648423   0.38736894   0.43868992   0.43910787   0.44730844   0.45234295   0.50409210   0.51887770   0.52331956   0.53437001   0.54079077   0.58194657   0.58668178   0.61407634   0.61422592   0.62293843   
28.00000000    0.34254437   0.35373539   0.38045627   0.38187997   0.39209934   0.39296548   0.44314376   0.44345442   0.45200936   0.45701743   0.49934539   0.52172424   0.52625535   0.53760895   0.54442346   0.57618115   0.59179500   0.61553758   0.61718170   0.62454699   
29.00000000    0.34762199   0.35950129   0.38668078   0.38803563   0.39836465   0.39921204   0.44811199   0.44834709   0.45718430   0.46225270   0.49416510   0.52458372   0.52979821   0.54156224   0.54845398   0.57017492   0.59692535   0.61702916   0.62056092   0.62551787   
30.00000000    0.35310332   0.36574784   0.39354085   0.39481200   0.40524823   0.40607801   0.45355964   0.45377133   0.46267893   0.46802740   0.48888986   0.52707256   0.53386819   0.54607025   0.55275171   0.56463897   0.60207160   0.61692979   0.62104248   0.62339549   
31.00000000    0.35893577   0.37241247   0.40100836   0.40217985   0.41271618   0.41353177   0.45943958   0.45970738   0.46794911   0.47431855   0.48414652   0.52843706   0.53841871   0.55103313   0.55636726   0.56139936   0.60665897   0.60741671   0.60794681   0.61268527   
32.00000000    0.36506590   0.37942443   0.40905389   0.41010837   0.42073163   0.42154119   0.46568123   0.46608879   0.47044763   0.48110147   0.48256574   0.52760164   0.54341537   0.55635788   0.55655980   0.56434274   0.59361238   0.59413252   0.60092768   0.60185617   
33.00000000    0.37143973   0.38670119   0.41764681   0.41856474   0.42925017   0.43007398   0.46700686   0.47216279   0.47323743   0.48834901   0.48699521   0.52419530   0.54881841   0.55756264   0.56189130   0.56956509   0.58002122   0.58088398   0.58850552   0.58924067   
34.00000000    0.37800225   0.39414138   0.42675453   0.42751265   0.43819509   0.43909801   0.46165300   0.47862998   0.48059182   0.49602833   0.49399539   0.51924953   0.55452124   0.55970638   0.56604639   0.56754809   0.56825754   0.57387227   0.57725167   0.57768179   
35.00000000    0.38469565   0.40161161   0.43633603   0.43690855   0.44716283   0.44858127   0.45611329   0.48444408   0.48844768   0.50407627   0.50189828   0.51442589   0.55311012   0.55334555   0.55976312   0.56150084   0.56333254   0.56706313   0.57502517   0.58188134   
36.00000000    0.39145365   0.40892090   0.44604477   0.44669034   0.44854913   0.45849129   0.45868381   0.48797734   0.49674242   0.51109113   0.51032588   0.51337113   0.54022293   0.54105729   0.54980117   0.54986425   0.56711176   0.56890617   0.57747203   0.58041054   
37.00000000    0.39818507   0.41577251   0.44210757   0.45673619   0.45699870   0.46859289   0.46879136   0.48744117   0.50543749   0.51362932   0.51904901   0.52160616   0.52754698   0.52896357   0.53764007   0.53767844   0.56533950   0.56621473   0.57457785   0.57883659   
38.00000000    0.40471605   0.42168059   0.43593109   0.46664308   0.46785856   0.47921181   0.47938339   0.48478936   0.51421283   0.51447794   0.51506919   0.52159611   0.52500605   0.52576058   0.52894888   0.53089835   0.55523626   0.55838915   0.56831735   0.57031021   
39.00000000    0.41052427   0.42587970   0.43030485   0.47407020   0.47911081   0.48459900   0.49021402   0.49061915   0.50267267   0.50401105   0.51312918   0.51349578   0.52423588   0.52802516   0.53724619   0.54012639   0.54537782   0.55006244   0.55901618   0.56040006   
40.00000000    0.41345118   0.42742564   0.42744910   0.47543784   0.49064943   0.49065203   0.49074579   0.49503648   0.50114483   0.50181888   0.50208463   0.50209472   0.53241867   0.53242500   0.53530899   0.54439557   0.54550416   0.54894215   0.55207320   0.55210792   
41.00000000    0.40757911   0.42776753   0.42978016   0.46647941   0.47875775   0.47996395   0.49136797   0.49374268   0.50205403   0.50250231   0.51439380   0.51769674   0.52435844   0.52656013   0.53709464   0.54039585   0.54777728   0.54816303   0.56019127   0.56842097   
42.00000000    0.39504010   0.42873211   0.43278782   0.44433832   0.45596444   0.48346832   0.49302367   0.49349225   0.50296267   0.50367657   0.50497512   0.50868156   0.53597803   0.53787555   0.54240664   0.54831446   0.54925186   0.55033593   0.57271082   0.57832913   
43.00000000    0.37938774   0.42054467   0.42888563   0.43468611   0.43675393   0.47475717   0.48893749   0.49363225   0.49637745   0.50395980   0.50665979   0.50892869   0.53812773   0.54350183   0.55036189   0.55109672   0.56260874   0.56284546   0.56509757   0.57119190   
44.00000000    0.36179354   0.39804532   0.40971634   0.43336344   0.43936935   0.45802336   0.47021782   0.49858317   0.50019167   0.50829822   0.51056928   0.51565184   0.53896688   0.53933854   0.55061714   0.55152905   0.55700300   0.56109179   0.58604686   0.59262472   
45.00000000    0.34280585   0.37566203   0.38723755   0.43534393   0.43672745   0.44659855   0.45231990   0.50422522   0.50528460   0.51179266   0.51549707   0.52127356   0.53212228   0.53221204   0.54938099   0.55548166   0.55978575   0.56525586   0.60426886   0.60643914   
46.00000000    0.32273419   0.35360838   0.36482016   0.42093505   0.42942357   0.44335124   0.44909218   0.50670797   0.51117591   0.51143182   0.51840673   0.52276375   0.52323729   0.53707208   0.55363234   0.56057663   0.56448871   0.57148945   0.60088816   0.60224998   
47.00000000    0.30178891   0.33195071   0.34259007   0.40408232   0.41280931   0.44603240   0.45359768   0.49596893   0.50521859   0.51851949   0.51923365   0.52899102   0.52916542   0.54550027   0.55936219   0.56598168   0.56986765   0.57891548   0.59463574   0.59672702   
48.00000000    0.28013977   0.31072392   0.32061318   0.38759605   0.39552665   0.45024485   0.45875313   0.48410669   0.49268715   0.52686675   0.52737340   0.53663471   0.53689872   0.55395165   0.56553814   0.57055097   0.57519826   0.58560681   0.59141322   0.59210184   
49.00000000    0.25793537   0.28995356   0.29895691   0.37169333   0.37868851   0.45451249   0.46430996   0.47257236   0.48112443   0.53613767   0.53657326   0.54471740   0.54563700   0.56073482   0.56942275   0.57306857   0.57962182   0.58883195   0.59079087   0.59910597   
50.00000000    0.23530417   0.26967555   0.27770290   0.35650084   0.36253569   0.45668759   0.46121732   0.47063454   0.47274248   0.54614527   0.54663394   0.55153603   0.55463575   0.56331004   0.56720761   0.57843203   0.58642194   0.59478323   0.59615890   0.60885804   
51.00000000    0.21235165   0.24995351   0.25695540   0.34213538   0.34722239   0.45093514   0.45188356   0.47244926   0.47689937   0.55057978   0.55590792   0.55785800   0.55952620   0.56864058   0.56930154   0.58738539   0.59384379   0.59608554   0.60248481   0.60676612   
52.00000000    0.18916009   0.23089240   0.23685080   0.32871939   0.33289232   0.44140227   0.44324427   0.47711442   0.48344399   0.54636856   0.55222446   0.56949774   0.56996643   0.57867181   0.57936589   0.58817835   0.59748513   0.60003657   0.60593038   0.61143335   
53.00000000    0.16579160   0.21264996   0.21756993   0.31638469   0.31969399   0.43276073   0.43450961   0.48300271   0.49011025   0.54153131   0.54662224   0.58188427   0.58206052   0.58263654   0.59025788   0.59063011   0.59341305   0.60820429   0.61683059   0.62072198   
54.00000000    0.14229234   0.19544906   0.19935396   0.30527194   0.30778375   0.42509417   0.42651493   0.48926788   0.49675317   0.53712678   0.54142763   0.57584164   0.58672207   0.59533428   0.59579528   0.60229284   0.60237289   0.61894953   0.62679611   0.63055455   
55.00000000    0.11869657   0.17959195   0.18252367   0.29552762   0.29732398   0.41847421   0.41952049   0.49560722   0.50314318   0.53360639   0.53697500   0.56961474   0.58004391   0.60915812   0.60975541   0.61365649   0.61407672   0.62945670   0.63349089   0.64067373   
56.00000000    0.09503006   0.16547347   0.16749867   0.28729860   0.28847795   0.41296400   0.41365874   0.50177702   0.50882838   0.53148903   0.53348311   0.56338089   0.57333621   0.62146744   0.62310841   0.62478563   0.62479361   0.63958630   0.63968606   0.64734206   
57.00000000    0.07131265   0.15358427   0.15480660   0.28072466   0.28140191   0.40861795   0.40901699   0.50742561   0.51296655   0.53162186   0.53123509   0.55721353   0.56662109   0.62679258   0.62779328   0.63947612   0.63971916   0.64728135   0.64917784   0.65516353   
58.00000000    0.04756006   0.14448604   0.14506196   0.27592934   0.27623477   0.40548040   0.40565786   0.51194332   0.51492347   0.53459032   0.53067348   0.55128111   0.55995255   0.62858778   0.62897147   0.65157708   0.65516047   0.65544594   0.66071697   0.66788626   
59.00000000    0.02378538   0.13873745   0.13888716   0.27301020   0.27308683   0.40358432   0.40362500   0.51462361   0.51542093   0.53947590   0.53200635   0.54608237   0.55352553   0.62905047   0.62916694   0.65428303   0.67113249   0.67131473   0.67173394   0.68166591   
60.00000000    0.00000000   0.13676691   0.13676696   0.27202930   0.27202993   0.40294448   0.40295001   0.51542633   0.51547370   0.53338577   0.54336832   0.54349566   0.54924230   0.62912518   0.62917310   0.65520950   0.67633835   0.68761979   0.68821763   0.68821828   
