0.00000000    0.00000000   0.11135498   0.11230211   0.23767283   0.23843749   0.36875670   0.36972678   0.36978904   0.37062048   0.38917762   
1.00000000    0.01513109   0.11241867   0.11345032   0.23823118   0.23900004   0.36597748   0.37009559   0.37018361   0.37175536   0.39013390   
2.00000000    0.03016414   0.11534975   0.11704326   0.23988687   0.24069321   0.36118452   0.37048107   0.37112894   0.37340324   0.39207596   
3.00000000    0.04499488   0.11994694   0.12298174   0.24259235   0.24352429   0.35541982   0.37096755   0.37280016   0.37544506   0.39386313   
4.00000000    0.05950873   0.12616742   0.13090010   0.24629981   0.24747628   0.34912183   0.37164359   0.37509191   0.37807356   0.39532443   
5.00000000    0.07358251   0.13393467   0.14044200   0.25097397   0.25249811   0.34251454   0.37251057   0.37794188   0.38134987   0.39669032   
6.00000000    0.08709602   0.14315797   0.15129283   0.25657947   0.25852019   0.33571509   0.37356648   0.38124604   0.38528638   0.39819323   
7.00000000    0.09995468   0.15373566   0.16318777   0.26306994   0.26546709   0.32879386   0.37480824   0.38482753   0.38987664   0.40006022   
8.00000000    0.11211476   0.16553995   0.17591213   0.27038031   0.27326176   0.32180819   0.37623211   0.38840265   0.39510482   0.40257769   
9.00000000    0.12359395   0.17840881   0.18929589   0.27840204   0.28182634   0.31484235   0.37783362   0.39162056   0.40094841   0.40607179   
10.00000000    0.13445804   0.19215769   0.20320578   0.28683605   0.29107760   0.30816876   0.37960745   0.39426224   0.40737665   0.41071784   
11.00000000    0.14479325   0.20660329   0.21753743   0.29351462   0.30083604   0.30402345   0.38154714   0.39637119   0.41433862   0.41641404   
12.00000000    0.15468170   0.22158228   0.23220857   0.29066289   0.30953865   0.31163788   0.38364465   0.39810723   0.42168466   0.42295492   
13.00000000    0.16418762   0.23695429   0.24715261   0.28403018   0.31981177   0.32254511   0.38588957   0.39959579   0.42858464   0.43028138   
14.00000000    0.17335172   0.25256389   0.26230471   0.27697968   0.33106192   0.33395027   0.38826748   0.40090071   0.42972704   0.43693366   
15.00000000    0.18218699   0.26664042   0.27145579   0.27776292   0.34292052   0.34575526   0.39075652   0.40204089   0.42655954   0.43323212   
16.00000000    0.19066760   0.26182937   0.28517172   0.29321301   0.35526303   0.35789917   0.39331834   0.40300127   0.41758393   0.41875454   
17.00000000    0.19869520   0.25482056   0.30134516   0.30882261   0.36800755   0.37032221   0.39582000   0.40084850   0.40307252   0.40419958   
18.00000000    0.20599601   0.24818074   0.31771764   0.32452528   0.38105281   0.38293821   0.38408292   0.38765814   0.39849740   0.40439787   
19.00000000    0.21180250   0.24275780   0.33420313   0.34029135   0.36740310   0.37189579   0.39412887   0.39560636   0.40065678   0.40481032   
20.00000000    0.21425882   0.24042794   0.35064401   0.35089869   0.35591238   0.35627663   0.40108062   0.40229403   0.40781673   0.40811679   
21.00000000    0.21450761   0.24058429   0.35106000   0.35131088   0.35631317   0.35665011   0.39676758   0.40485656   0.40782314   0.40849338   
22.00000000    0.21525220   0.24105488   0.35230503   0.35254450   0.35751017   0.35776332   0.39144845   0.40355013   0.40950502   0.40969032   
23.00000000    0.21648377   0.24183624   0.35437033   0.35459020   0.35948558   0.35959167   0.38598595   0.40021305   0.41128569   0.41184271   
24.00000000    0.21818796   0.24292267   0.35724140   0.35743085   0.36207781   0.36219922   0.38052541   0.39598646   0.41372500   0.41439172   
25.00000000    0.22034540   0.24430639   0.36089705   0.36103225   0.36509065   0.36549626   0.37527399   0.39133634   0.41683784   0.41750128   
26.00000000    0.22293245   0.24597771   0.36509173   0.36533248   0.36749913   0.36844568   0.37219965   0.38681278   0.42061070   0.42122706   
27.00000000    0.22592160   0.24792511   0.36287017   0.37025459   0.37064192   0.37087329   0.37582089   0.38381225   0.42502597   0.42557291   
28.00000000    0.22928245   0.25013551   0.35767961   0.36889381   0.37636949   0.37657090   0.38129405   0.38497913   0.43006352   0.43053487   
29.00000000    0.23298188   0.25259424   0.35234375   0.36438440   0.38290703   0.38306670   0.38754261   0.38962552   0.43570039   0.43609688   
30.00000000    0.23698440   0.25528504   0.34701720   0.35887672   0.39008852   0.39021791   0.39443079   0.39581543   0.44190892   0.44223892   
31.00000000    0.24125183   0.25818979   0.34174169   0.35303062   0.39787717   0.39798207   0.40189293   0.40290496   0.44865254   0.44893753   
32.00000000    0.24574238   0.26128787   0.33654077   0.34706265   0.40623773   0.40632225   0.40987390   0.41069128   0.45586881   0.45616596   
33.00000000    0.25040853   0.26455480   0.33143600   0.34107763   0.41513550   0.41520311   0.41832428   0.41908332   0.46345933   0.46389477   
34.00000000    0.25519275   0.26795955   0.32645370   0.33515193   0.42453645   0.42459044   0.42720807   0.42801469   0.47139048   0.47208886   
35.00000000    0.26001931   0.27145902   0.32163207   0.32936533   0.43440717   0.43445116   0.43650098   0.43742278   0.47969188   0.48069773   
36.00000000    0.26477781   0.27498625   0.31703389   0.32382584   0.44471414   0.44475346   0.44617955   0.44725214   0.48837026   0.48965110   
37.00000000    0.26929021   0.27842418   0.31277337   0.31870613   0.45541716   0.45546665   0.45622290   0.45745526   0.49740359   0.49887214   
38.00000000    0.27324807   0.28154708   0.30907446   0.31430879   0.46635508   0.46656030   0.46672705   0.46798888   0.50669149   0.50806464   
39.00000000    0.27612504   0.28391350   0.30637288   0.31115988   0.47708028   0.47799797   0.47806337   0.47881034   0.49910821   0.50106766   
40.00000000    0.27721863   0.28484096   0.30533166   0.30997740   0.48703777   0.48848794   0.48934947   0.48980584   0.48981922   0.48990014   
41.00000000    0.27351575   0.28503561   0.30898086   0.31021469   0.46595070   0.46692546   0.48905134   0.48925163   0.49041408   0.49045200   
42.00000000    0.26527868   0.28584740   0.31070127   0.31704145   0.44211781   0.44453325   0.48696568   0.48792580   0.49066192   0.49127811   
43.00000000    0.25538524   0.28728207   0.31163067   0.32640224   0.41833717   0.42202931   0.46689779   0.46733787   0.49305908   0.49370233   
44.00000000    0.24477916   0.28929442   0.31288375   0.33621637   0.39462521   0.39952129   0.44614654   0.44766744   0.49451972   0.49606292   
45.00000000    0.23375247   0.29185428   0.31439400   0.34614310   0.37102244   0.37711799   0.42579612   0.42827102   0.48789588   0.49634505   
46.00000000    0.22240453   0.29493162   0.31595003   0.34720996   0.35503541   0.35638203   0.40594375   0.40924666   0.48075853   0.48986363   
47.00000000    0.21076365   0.29848623   0.31632733   0.32396451   0.33452879   0.36590496   0.38684701   0.39071139   0.47305260   0.47924901   
48.00000000    0.19882365   0.30032652   0.30291695   0.30598780   0.32502753   0.36650689   0.37284644   0.37735367   0.46360780   0.46583534   
49.00000000    0.18655503   0.27766375   0.28564834   0.30699334   0.32549777   0.34927927   0.35612586   0.38626283   0.45183743   0.45230902   
50.00000000    0.17390531   0.25498578   0.26429153   0.31167162   0.32508250   0.33235703   0.34256818   0.39552536   0.43941862   0.43963051   
51.00000000    0.16079213   0.23275659   0.24304141   0.31371670   0.31668026   0.31934074   0.33833918   0.40425767   0.42742310   0.42793750   
52.00000000    0.14708933   0.21119419   0.22218528   0.30034984   0.30330864   0.32315634   0.34036686   0.41138359   0.41685690   0.41706937   
53.00000000    0.13260994   0.19061613   0.20193483   0.28665499   0.28981454   0.32884837   0.34387397   0.40588971   0.40714807   0.41743259   
54.00000000    0.11710581   0.17146253   0.18253560   0.27428752   0.27727232   0.33487843   0.34789745   0.39715253   0.39831317   0.41789323   
55.00000000    0.10032771   0.15425746   0.16431558   0.26347796   0.26607846   0.34112083   0.35215891   0.38953125   0.39064271   0.41432315   
56.00000000    0.08216061   0.13949340   0.14772936   0.25439102   0.25650298   0.34748721   0.35648836   0.38316600   0.38420881   0.40875399   
57.00000000    0.06272527   0.12754015   0.13340046   0.24716588   0.24877536   0.35385494   0.36070300   0.37810829   0.37905625   0.40253207   
58.00000000    0.04232408   0.11868483   0.12213504   0.24191731   0.24309397   0.35999232   0.36455328   0.37435035   0.37517399   0.39642914   
59.00000000    0.02130804   0.11320633   0.11484449   0.23873190   0.23961650   0.36538166   0.36773154   0.37170693   0.37241511   0.39136879   
60.00000000    0.00000000   0.11135498   0.11230211   0.23767283   0.23843749   0.36875670   0.36972678   0.36978903   0.37062049   0.38917762   
61.00000000    0.02145281   0.11391883   0.11415572   0.23886210   0.23948914   0.36576505   0.36719438   0.37177543   0.37229182   0.39094648   
62.00000000    0.04263744   0.11962031   0.12127096   0.24236205   0.24265380   0.36079105   0.36303271   0.37452244   0.37486627   0.39523443   
63.00000000    0.06325584   0.12844145   0.13261207   0.24786097   0.24808801   0.35475180   0.35824942   0.37833049   0.37864889   0.40073071   
64.00000000    0.08297766   0.14031545   0.14702200   0.25503722   0.25587021   0.34820616   0.35329701   0.38339939   0.38376326   0.40682394   
65.00000000    0.10150223   0.15495141   0.16368661   0.26405830   0.26552247   0.34148939   0.34839022   0.38975405   0.39019469   0.41326539   
66.00000000    0.11868132   0.17200279   0.18198019   0.27478349   0.27682236   0.33480016   0.34365128   0.39735328   0.39788582   0.41994209   
67.00000000    0.13459017   0.19101178   0.20144953   0.28703430   0.28951980   0.32828791   0.33918872   0.40609423   0.40676007   0.42678676   
68.00000000    0.14945254   0.21147434   0.22177099   0.30049722   0.30326432   0.32219365   0.33520441   0.41535837   0.41672701   0.42343038   
69.00000000    0.16350995   0.23295158   0.24270744   0.31205462   0.31694110   0.31954224   0.33267689   0.41285062   0.42767609   0.42798959   
70.00000000    0.17695184   0.25511766   0.26406555   0.30898546   0.32325269   0.33295057   0.33880346   0.40349558   0.43943751   0.43976229   
71.00000000    0.18990862   0.27773684   0.28560699   0.30385787   0.32161891   0.34974394   0.35416432   0.39367923   0.45142455   0.45265565   
72.00000000    0.20246617   0.29822045   0.30143130   0.30623604   0.32024996   0.36726098   0.37145467   0.38397317   0.46120708   0.46638171   
73.00000000    0.21467951   0.29430548   0.31370252   0.32405358   0.33233643   0.37241333   0.38730617   0.38957691   0.46903721   0.48070915   
74.00000000    0.22657976   0.29031844   0.31210224   0.34735509   0.35390565   0.36268566   0.40616503   0.40827464   0.47652278   0.49467113   
75.00000000    0.23817318   0.28686179   0.31017023   0.35227612   0.37108136   0.37623693   0.42595441   0.42742062   0.48392129   0.50158165   
76.00000000    0.24942686   0.28400162   0.30847012   0.34210531   0.39465724   0.39875149   0.44626068   0.44692317   0.49126080   0.49767346   
77.00000000    0.26021549   0.28181596   0.30710482   0.33201711   0.41835986   0.42132051   0.46670051   0.46697403   0.49384928   0.49428390   
78.00000000    0.27007042   0.28054386   0.30611161   0.32233519   0.44213382   0.44386619   0.48651414   0.48793302   0.49128536   0.49184510   
79.00000000    0.27639030   0.28192759   0.30550656   0.31396089   0.46596092   0.46630101   0.48930020   0.49014935   0.49040692   0.49044577   
80.00000000    0.27721525   0.28484944   0.30529730   0.30999486   0.48703775   0.48848752   0.48934905   0.48980573   0.48981881   0.48989840   
