# Interlayer distance / a  Band1    Band2   ...
0.00000000        0.29491753       0.32522983       0.36855956       0.36857317       0.45755684       0.48148764       0.48148906       0.48560839       0.48562211       0.48597018       0.48596971       0.48811975       0.49077853       0.49150669       0.49150678       0.49572396       0.49584595       0.49762555       0.49762595       0.49981134       
0.02000000        0.29559620       0.32584337       0.36871465       0.36879180       0.45523864       0.47959191       0.47959630       0.48560986       0.48562489       0.48591405       0.48591228       0.48805985       0.49071790       0.49113539       0.49113553       0.49571634       0.49586618       0.49753379       0.49753411       0.49964635       
0.04000000        0.29968699       0.32964934       0.37155968       0.37158337       0.45599748       0.47941199       0.47942112       0.48562444       0.48563736       0.48590883       0.48590465       0.48803176       0.49078054       0.49122143       0.49122216       0.49582966       0.49598341       0.49756383       0.49756505       0.49958766       
0.06000000        0.30214782       0.33194996       0.37318662       0.37319711       0.45527729       0.47820120       0.47821224       0.48562902       0.48564615       0.48588659       0.48588603       0.48797003       0.49078734       0.49111667       0.49111764       0.49589901       0.49605736       0.49752854       0.49752963       0.49943368       
0.08000000        0.30446293       0.33401099       0.37458094       0.37474386       0.45450916       0.47702252       0.47708353       0.48563447       0.48565231       0.48587248       0.48587108       0.48794205       0.49078666       0.49102870       0.49103504       0.49594775       0.49611261       0.49750887       0.49751199       0.49937317       
0.10000000        0.30641429       0.33583018       0.37599257       0.37601646       0.45353904       0.47572193       0.47572440       0.48564056       0.48565880       0.48585844       0.48585797       0.48789718       0.49078386       0.49095859       0.49095870       0.49600100       0.49617198       0.49748165       0.49748208       0.49927169       
0.12000000        0.30842063       0.33770681       0.37735246       0.37735405       0.45258700       0.47424718       0.47425336       0.48564793       0.48566643       0.48584689       0.48584657       0.48782380       0.49078427       0.49089276       0.49089308       0.49606717       0.49623860       0.49745840       0.49745883       0.49909686       
0.14000000        0.31034159       0.33938357       0.37846868       0.37863793       0.45163386       0.47291172       0.47297666       0.48565311       0.48567198       0.48584114       0.48584029       0.48779569       0.49077807       0.49083804       0.49084281       0.49611114       0.49628641       0.49745253       0.49745366       0.49904642       
0.16000000        0.31189985       0.34087691       0.37967967       0.37970318       0.45052927       0.47147879       0.47148327       0.48565885       0.48567832       0.48583422       0.48583401       0.48775155       0.49077254       0.49079787       0.49079822       0.49616004       0.49634044       0.49744200       0.49744219       0.49895469       
0.18000000        0.31346105       0.34229017       0.38061871       0.38063514       0.44931909       0.46985903       0.46985954       0.48567068       0.48568532       0.48582935       0.48582430       0.48765410       0.49075730       0.49075764       0.49076602       0.49622220       0.49640230       0.49743635       0.49743660       0.49874446       
0.20000000        0.31517764       0.34384222       0.38174973       0.38191937       0.44844871       0.46851533       0.46858052       0.48567773       0.48569118       0.48582740       0.48582070       0.48763260       0.49072887       0.49073266       0.49076479       0.49626745       0.49644958       0.49744412       0.49744427       0.49871093       
0.22000000        0.31642013       0.34506331       0.38279451       0.38281594       0.44729410       0.46704735       0.46705698       0.48567703       0.48569699       0.48582538       0.48582484       0.48759381       0.49070790       0.49070829       0.49075909       0.49631379       0.49650079       0.49744772       0.49744775       0.49864152       
0.24000000        0.31774508       0.34629137       0.38361153       0.38363258       0.44609046       0.46547875       0.46548766       0.48569963       0.48570458       0.48582430       0.48580778       0.48748804       0.49068798       0.49068832       0.49075461       0.49637452       0.49656120       0.49745864       0.49745886       0.49843492       
0.26000000        0.31918654       0.34758016       0.38453352       0.38470251       0.44516599       0.46411964       0.46418309       0.48569052       0.48570958       0.48582478       0.48582371       0.48744752       0.49067324       0.49067637       0.49075328       0.49642111       0.49660867       0.49747436       0.49747522       0.49836730       
0.28000000        0.32036691       0.34884712       0.38562183       0.38562446       0.44423528       0.46281604       0.46282069       0.48570095       0.48571772       0.48582618       0.48581882       0.48741962       0.49066768       0.49066789       0.49075499       0.49647127       0.49666337       0.49749722       0.49749736       0.49832971       
0.30000000        0.32131059       0.34964734       0.38613714       0.38615761       0.44284166       0.46122087       0.46123584       0.48570662       0.48572281       0.48582699       0.48582134       0.48729586       0.49065768       0.49065800       0.49074665       0.49652589       0.49671822       0.49751193       0.49751217       0.49811105       
0.32000000        0.32252573       0.35074329       0.38692190       0.38708791       0.44193093       0.45991028       0.45997068       0.48571436       0.48573089       0.48582829       0.48581908       0.48723883       0.49065268       0.49065535       0.49074689       0.49657450       0.49676710       0.49753476       0.49753618       0.49801951       
0.34000000        0.32352757       0.35182667       0.38786427       0.38787166       0.44102036       0.45868913       0.45869619       0.48571388       0.48573456       0.48583126       0.48583087       0.48720873       0.49065474       0.49065488       0.49074927       0.49662417       0.49682109       0.49756495       0.49756520       0.49798392       
0.36000000        0.32428854       0.35248472       0.38829606       0.38831614       0.43968972       0.45721728       0.45723694       0.48572038       0.48574161       0.48583296       0.48583175       0.48708225       0.49065377       0.49065403       0.49074362       0.49667779       0.49687557       0.49758875       0.49758901       0.49778537       
0.38000000        0.32531352       0.35341153       0.38894932       0.38911233       0.43881173       0.45599012       0.45604700       0.48573634       0.48574755       0.48583623       0.48582536       0.48700391       0.49065591       0.49065841       0.49074536       0.49672877       0.49692626       0.49761596       0.49761888       0.49767324       
0.40000000        0.32641693       0.35449327       0.38990668       0.38994567       0.43843629       0.45539975       0.45540710       0.48573576       0.48575365       0.48584051       0.48583670       0.48699218       0.49067948       0.49067980       0.49075978       0.49678490       0.49698279       0.49765474       0.49765519       0.49767579       
0.42000000        0.32720428       0.35517512       0.39042276       0.39047741       0.43761046       0.45447094       0.45448872       0.48574183       0.48576181       0.48584342       0.48583936       0.48688851       0.49069491       0.49069589       0.49076442       0.49684037       0.49703816       0.49753754       0.49768642       0.49768696       
0.44000000        0.32804111       0.35595613       0.39099484       0.39110598       0.43673104       0.45328374       0.45332953       0.48575318       0.48576716       0.48584673       0.48583898       0.48678789       0.49070295       0.49070361       0.49076836       0.49689828       0.49709405       0.49740421       0.49771875       0.49772052       
0.46000000        0.32876916       0.35669768       0.39156714       0.39167250       0.43590019       0.45230022       0.45230639       0.48576529       0.48577610       0.48585121       0.48583401       0.48675127       0.49071054       0.49071170       0.49077040       0.49694457       0.49714517       0.49737180       0.49775890       0.49775943       
0.48000000        0.32929214       0.35721302       0.39202395       0.39207927       0.43487629       0.45114299       0.45116339       0.48576869       0.48577917       0.48585535       0.48584416       0.48663791       0.49071999       0.49072088       0.49077139       0.49699599       0.49719900       0.49723225       0.49779432       0.49779504       
0.50000000        0.32982487       0.35779370       0.39244569       0.39248546       0.43381529       0.44984475       0.44985473       0.48577854       0.48579278       0.48585941       0.48583774       0.48648682       0.49072226       0.49072234       0.49077170       0.49704765       0.49705000       0.49725392       0.49783133       0.49783192       
0.52000000        0.33011222       0.35812912       0.39258803       0.39274665       0.43254063       0.44852441       0.44857945       0.48578616       0.48579151       0.48586422       0.48584478       0.48640996       0.49071607       0.49071807       0.49076224       0.49696432       0.49708043       0.49729500       0.49786540       0.49786723       
0.54000000        0.33050221       0.35856204       0.39301625       0.39304135       0.43159339       0.44749210       0.44749556       0.48578179       0.48579753       0.48586811       0.48586092       0.48630486       0.49073022       0.49073061       0.49076523       0.49685847       0.49713181       0.49734990       0.49790533       0.49790549       
0.56000000        0.33114428       0.35923117       0.39355569       0.39356413       0.43093360       0.44658239       0.44658749       0.48579615       0.48580476       0.48587362       0.48586058       0.48614235       0.49074711       0.49074718       0.49077563       0.49669472       0.49719731       0.49741295       0.49795104       0.49795113       
0.58000000        0.33168300       0.35968257       0.39382888       0.39399073       0.43019051       0.44576472       0.44581438       0.48579455       0.48581084       0.48587911       0.48587136       0.48609315       0.49075893       0.49076084       0.49077771       0.49665778       0.49724060       0.49745966       0.49799114       0.49799340       
0.60000000        0.33196370       0.36002425       0.39419427       0.39421837       0.42931429       0.44483098       0.44483693       0.48579442       0.48581710       0.48588418       0.48588263       0.48598938       0.49077556       0.49077591       0.49078199       0.49656877       0.49729136       0.49751490       0.49803406       0.49803430       
0.62000000        0.33250262       0.36060658       0.39467888       0.39468051       0.42872504       0.44401369       0.44401667       0.48580270       0.48582460       0.48587749       0.48581523       0.48588796       0.49079427       0.49079536       0.49079538       0.49640450       0.49736002       0.49758087       0.49808357       0.49808373       
0.64000000        0.33299696       0.36099737       0.39487769       0.39504449       0.42806991       0.44334212       0.44338863       0.48576860       0.48581605       0.48583182       0.48588369       0.48588796       0.49079729       0.49080925       0.49081110       0.49638214       0.49740322       0.49762702       0.49812538       0.49812782       
0.66000000        0.33318198       0.36126456       0.39520516       0.39522854       0.42726645       0.44248349       0.44249089       0.48565545       0.48583370       0.48584415       0.48587197       0.48589688       0.49080283       0.49082772       0.49082793       0.49629985       0.49745342       0.49768263       0.49817088       0.49817123       
0.68000000        0.33352554       0.36160406       0.39543310       0.39545119       0.42656728       0.44171858       0.44172220       0.48543781       0.48584571       0.48590018       0.48582563       0.48590411       0.49081158       0.49084758       0.49084778       0.49613807       0.49752066       0.49774814       0.49822331       0.49822360       
0.70000000        0.33409502       0.36212379       0.39579380       0.39596148       0.42618872       0.44122174       0.44126488       0.48540860       0.48585147       0.48590126       0.48583744       0.48590941       0.49082108       0.49086570       0.49086747       0.49612940       0.49756842       0.49779743       0.49826709       0.49826985       
0.72000000        0.33419517       0.36230659       0.39607368       0.39609390       0.42544361       0.44041862       0.44042600       0.48531121       0.48585769       0.48586606       0.48588407       0.48591576       0.49082724       0.49088529       0.49088535       0.49606632       0.49761819       0.49785314       0.49831437       0.49831472       
0.74000000        0.33451753       0.36264633       0.39629667       0.39631858       0.42486660       0.43982244       0.43983001       0.48510320       0.48586554       0.48591116       0.48585315       0.48592277       0.49083794       0.49090749       0.49090762       0.49593593       0.49768532       0.49791943       0.49836973       0.49837020       
0.76000000        0.33501059       0.36308341       0.39658237       0.39675049       0.42452438       0.43937499       0.43941535       0.48503991       0.48587188       0.48591957       0.48585714       0.48592865       0.49084857       0.49092723       0.49092905       0.49590605       0.49773620       0.49797085       0.49841542       0.49841844       
0.78000000        0.33521392       0.36343344       0.39701088       0.39701338       0.42406706       0.43878658       0.43879049       0.48496364       0.48586820       0.48587952       0.48592151       0.48593529       0.49086001       0.49094958       0.49094969       0.49586785       0.49779213       0.49803265       0.49847140       0.49847148       
0.80000000        0.33534684       0.36352549       0.39702433       0.39704584       0.42335697       0.43817270       0.43818220       0.48475287       0.48588659       0.48589957       0.48590408       0.48594116       0.49086780       0.49097195       0.49097199       0.49575432       0.49785251       0.49809343       0.49852214       0.49852273       
0.82000000        0.33577246       0.36390886       0.39727395       0.39743968       0.42306625       0.43777107       0.43780970       0.48465889       0.48589299       0.48591804       0.48590065       0.48594558       0.49087979       0.49099337       0.49099506       0.49570994       0.49790662       0.49814763       0.49857030       0.49857345       
0.84000000        0.33596545       0.36422706       0.39765547       0.39766291       0.42267306       0.43728467       0.43728984       0.48459184       0.48589821       0.48592763       0.48590568       0.48595350       0.49089172       0.49101680       0.49101701       0.49568414       0.49796277       0.49820939       0.49862711       0.49862732       
0.86000000        0.33603892       0.36427421       0.39764874       0.39767019       0.42202372       0.43673443       0.43674535       0.48439486       0.48590891       0.48595518       0.48588881       0.48595983       0.49090077       0.49104029       0.49104041       0.49559605       0.49802221       0.49827029       0.49867977       0.49868054       
0.88000000        0.33640380       0.36460270       0.39784954       0.39801367       0.42177150       0.43637833       0.43641514       0.48427657       0.48591596       0.48594980       0.48590810       0.48596575       0.49091390       0.49106350       0.49106518       0.49554633       0.49807963       0.49832732       0.49872999       0.49873326       
0.90000000        0.33686273       0.36505672       0.39834162       0.39838143       0.42190680       0.43644519       0.43644967       0.48426945       0.48592636       0.48593903       0.48594144       0.48596224       0.49093752       0.49109752       0.49109793       0.49556633       0.49814506       0.49839276       0.49878882       0.49878932       
0.92000000        0.33708458       0.36522401       0.39847738       0.39853423       0.42170443       0.43631844       0.43632856       0.48414064       0.48592951       0.48594639       0.48594103       0.48598065       0.49095477       0.49112841       0.49112915       0.49553074       0.49820791       0.49845580       0.49884353       0.49884445       
0.94000000        0.33736410       0.36549972       0.39866760       0.39877716       0.42143547       0.43594472       0.43596659       0.48399890       0.48593742       0.48598524       0.48591674       0.48598736       0.49097045       0.49115480       0.49115492       0.49548022       0.49827409       0.49851968       0.49889742       0.49890052       
0.96000000        0.33752909       0.36569227       0.39883124       0.39894116       0.42112404       0.43561980       0.43563296       0.48394385       0.48594593       0.48597642       0.48593871       0.48599390       0.49098128       0.49117701       0.49117843       0.49546718       0.49832609       0.49857766       0.49895501       0.49895591       
0.98000000        0.33755923       0.36575480       0.39894138       0.39899856       0.42069327       0.43522097       0.43523149       0.48378774       0.48595278       0.48597152       0.48595821       0.48600108       0.49099322       0.49120279       0.49120344       0.49541433       0.49838346       0.49863883       0.49901058       0.49901169       
1.00000000        0.33763825       0.36591739       0.39906780       0.39910755       0.42020407       0.43463101       0.43463360       0.48356625       0.48596019       0.48598748       0.48595655       0.48600816       0.49100423       0.49122183       0.49122198       0.49533001       0.49844429       0.49870146       0.49906594       0.49906676       
1.02000000        0.33749279       0.36582925       0.39889044       0.39905461       0.41945685       0.43393432       0.43396944       0.48344951       0.48596629       0.48597119       0.48598441       0.48601373       0.49100359       0.49123089       0.49123249       0.49528211       0.49847535       0.49874643       0.49911075       0.49911404       
1.04000000        0.33744829       0.36585310       0.39900301       0.39902769       0.41902534       0.43353387       0.43354201       0.48331503       0.48597436       0.48598914       0.48598038       0.48602088       0.49101543       0.49125764       0.49125814       0.49524885       0.49853304       0.49880943       0.49916913       0.49916931       
1.06000000        0.33769605       0.36615360       0.39927907       0.39928729       0.41892331       0.43330493       0.43330736       0.48311848       0.48597225       0.48599673       0.48599988       0.48602924       0.49103691       0.49128766       0.49128777       0.49519848       0.49860801       0.49888199       0.49923346       0.49923350       
1.08000000        0.33785195       0.36623144       0.39925002       0.39941697       0.41866951       0.43308359       0.43311663       0.48307164       0.48598964       0.48602243       0.48597685       0.48603658       0.49104740       0.49131065       0.49131224       0.49519335       0.49865530       0.49893373       0.49928463       0.49928821       
1.10000000        0.33776420       0.36621819       0.39933517       0.39935916       0.41826059       0.43270257       0.43271042       0.48294373       0.48599423       0.48600592       0.48601122       0.48604375       0.49105964       0.49133822       0.49133854       0.49516635       0.49871220       0.49899712       0.49934403       0.49934440       
1.12000000        0.33797219       0.36648805       0.39959840       0.39960029       0.41817847       0.43248833       0.43249079       0.48273545       0.48600447       0.48602289       0.48601359       0.48604894       0.49108250       0.49136963       0.49136971       0.49512400       0.49879077       0.49907320       0.49941111       0.49941127       
1.14000000        0.33814819       0.36656374       0.39953834       0.39970973       0.41797133       0.43234802       0.43237980       0.48271304       0.48600675       0.48602362       0.48602852       0.48605869       0.49109352       0.49139340       0.49139500       0.49513059       0.49883742       0.49912370       0.49946197       0.49946576       
1.16000000        0.33802097       0.36652324       0.39961726       0.39964088       0.41758546       0.43196986       0.43197712       0.48257523       0.48601653       0.48605227       0.48601395       0.48606469       0.49110636       0.49142149       0.49142169       0.49510071       0.49889351       0.49918762       0.49952263       0.49952302       
1.18000000        0.33808088       0.36658871       0.39966346       0.39968278       0.41734719       0.43172334       0.43172784       0.48235561       0.48603077       0.48606570       0.48601188       0.48607471       0.49112470       0.49145182       0.49145204       0.49506648       0.49896885       0.49926219       0.49959077       0.49959116       
1.20000000        0.33839212       0.36685208       0.39979865       0.39997071       0.41736825       0.43170734       0.43173796       0.48235674       0.48603030       0.48604060       0.48606045       0.48608078       0.49114203       0.49147892       0.49148054       0.49508328       0.49902131       0.49931657       0.49964294       0.49964694       
1.22000000        0.33822785       0.36676759       0.39985272       0.39987284       0.41698966       0.43131988       0.43132570       0.48223072       0.48604393       0.48605028       0.48605910       0.48608899       0.49115473       0.49150720       0.49150724       0.49505534       0.49907684       0.49938052       0.49970401       0.49970452       
1.24000000        0.33831486       0.36687628       0.39992266       0.39994566       0.41682259       0.43117430       0.43118115       0.48204552       0.48605500       0.48607101       0.48605477       0.48609789       0.49117434       0.49153882       0.49153897       0.49504237       0.49915126       0.49945548       0.49977334       0.49977400       
1.26000000        0.33859157       0.36709676       0.40002216       0.40019453       0.41684114       0.43114949       0.43117921       0.48201258       0.48606251       0.48608301       0.48605720       0.48610625       0.49119285       0.49156713       0.49156878       0.49505316       0.49920702       0.49951212       0.49982710       0.49983145       
1.28000000        0.33856895       0.36721030       0.40026358       0.40026586       0.41669060       0.43090701       0.43091031       0.48191649       0.48607028       0.48610052       0.48605740       0.48611462       0.49120997       0.49159734       0.49159752       0.49503791       0.49927039       0.49958365       0.49989651       0.49989667       
1.30000000        0.33850926       0.36711287       0.40013508       0.40015793       0.41635837       0.43069573       0.43070363       0.48174294       0.48608131       0.48612218       0.48605188       0.48612142       0.49122635       0.49162834       0.49162849       0.49503274       0.49933490       0.49965084       0.49995894       0.49995972       
1.32000000        0.33875372       0.36731226       0.40022802       0.40039748       0.41638627       0.43066167       0.43069122       0.48167498       0.48608553       0.48611199       0.48608041       0.48613050       0.49124580       0.49165789       0.49165951       0.49503583       0.49939394       0.49971046       0.50001493       0.50001937       
1.34000000        0.33875945       0.36743170       0.40044799       0.40045587       0.41626755       0.43048081       0.43048487       0.48160305       0.48610290       0.48612639       0.48608211       0.48613123       0.49126339       0.49168882       0.49168912       0.49503086       0.49945683       0.49978119       0.50008363       0.50008394       
1.36000000        0.33867013       0.36731428       0.40031651       0.40033950       0.41594488       0.43027131       0.43028006       0.48144877       0.48610314       0.48612913       0.48609866       0.48614606       0.49128027       0.49172035       0.49172056       0.49503377       0.49951947       0.49984818       0.50014697       0.50014791       
1.38000000        0.33888343       0.36748686       0.40038510       0.40055305       0.41597383       0.43023442       0.43026349       0.48136034       0.48611389       0.48615220       0.48608825       0.48615560       0.49130087       0.49175126       0.49175290       0.49503656       0.49958170       0.49991062       0.50020467       0.50020929       
1.40000000        0.33919709       0.36778004       0.40074974       0.40079033       0.41632583       0.43052580       0.43052948       0.48137738       0.48612312       0.48614850       0.48610953       0.48616489       0.49133230       0.49179159       0.49179212       0.49506571       0.49965826       0.49998617       0.50027582       0.50027651       
1.42000000        0.33928786       0.36781076       0.40077973       0.40083826       0.41638156       0.43066339       0.43067073       0.48130644       0.48613167       0.48616384       0.48611250       0.48617326       0.49135815       0.49182958       0.49183032       0.49509576       0.49972617       0.50005606       0.50034102       0.50034230       
1.44000000        0.33943907       0.36795388       0.40085831       0.40096999       0.41636346       0.43057155       0.43058707       0.48120098       0.48614069       0.48618018       0.48611475       0.48618158       0.49138151       0.49186386       0.49186399       0.49510414       0.49979896       0.50012700       0.50040398       0.50040804       
1.46000000        0.33947445       0.36800183       0.40090447       0.40101673       0.41626854       0.43047362       0.43048730       0.48115596       0.48614828       0.48617578       0.48613746       0.48619000       0.49139771       0.49189267       0.49189432       0.49510617       0.49985407       0.50019035       0.50046873       0.50047028       
1.48000000        0.33938964       0.36794324       0.40091205       0.40097071       0.41607225       0.43032851       0.43033591       0.48103326       0.48615949       0.48619566       0.48613239       0.48619906       0.49141573       0.49192578       0.49192633       0.49511128       0.49991246       0.50025658       0.50053272       0.50053431       
1.50000000        0.33936345       0.36799513       0.40095496       0.40099541       0.41580498       0.42997564       0.42997851       0.48083870       0.48616803       0.48618341       0.48616653       0.48620388       0.49143228       0.49195193       0.49195212       0.49509815       0.49997597       0.50032466       0.50059502       0.50059625       
1.52000000        0.33911669       0.36779273       0.40067880       0.40084714       0.41526867       0.42949649       0.42952480       0.48072508       0.48616143       0.48617693       0.48619706       0.48621453       0.49143489       0.49196668       0.49196825       0.49507553       0.49999963       0.50036861       0.50063991       0.50064464       
1.54000000        0.33897187       0.36770787       0.40069955       0.40072383       0.41503168       0.42930309       0.42931151       0.48061960       0.48616200       0.48619184       0.48620764       0.48622420       0.49145164       0.49200025       0.49200081       0.49508457       0.50005849       0.50043727       0.50070703       0.50070734       
1.56000000        0.33913045       0.36791281       0.40090550       0.40091366       0.41512270       0.42927931       0.42928223       0.48047412       0.48619466       0.48621863       0.48617960       0.48623362       0.49148088       0.49203769       0.49203784       0.49510008       0.50013838       0.50051669       0.50077975       0.50077981       
1.58000000        0.33919980       0.36789219       0.40078616       0.40095660       0.41504342       0.42924472       0.42927212       0.48045197       0.48620258       0.48623230       0.48618362       0.48624109       0.49149681       0.49206672       0.49206831       0.49510905       0.50018247       0.50056778       0.50083178       0.50083701       
1.60000000        0.33902765       0.36778499       0.40078905       0.40081293       0.41480242       0.42904077       0.42904845       0.48034761       0.48621241       0.48622283       0.48620859       0.48625187       0.49151386       0.49210091       0.49210131       0.49511585       0.50023905       0.50063607       0.50089887       0.50089936       
1.62000000        0.33916133       0.36797416       0.40099401       0.40099606       0.41488817       0.42900419       0.42900685       0.48019736       0.48622366       0.48623255       0.48622048       0.48626156       0.49154395       0.49213959       0.49213971       0.49513869       0.50032087       0.50071822       0.50097346       0.50097363       
1.64000000        0.33926618       0.36796734       0.40085757       0.40103183       0.41483298       0.42902396       0.42905062       0.48020588       0.48623109       0.48626682       0.48620274       0.48627111       0.49156044       0.49216914       0.49217075       0.49515532       0.50036124       0.50076503       0.50102210       0.50102761       
1.66000000        0.33906797       0.36784585       0.40086306       0.40088680       0.41459152       0.42879788       0.42880470       0.48008258       0.48623547       0.48625627       0.48623649       0.48628015       0.49157762       0.49220372       0.49220389       0.49515409       0.50041533       0.50083301       0.50108920       0.50108991       
1.68000000        0.33906413       0.36783958       0.40086295       0.40088283       0.41450429       0.42869835       0.42870303       0.47992831       0.48625256       0.48627802       0.48623159       0.48628947       0.49160246       0.49224076       0.49224101       0.49518181       0.50048686       0.50090889       0.50116112       0.50116177       
1.70000000        0.33931887       0.36803771       0.40093148       0.40110606       0.41465209       0.42882659       0.42885279       0.47996337       0.48626042       0.48627641       0.48625039       0.48629948       0.49162568       0.49227381       0.49227543       0.49520801       0.50053360       0.50095942       0.50120972       0.50121582       
1.72000000        0.33909495       0.36788317       0.40091766       0.40093781       0.41439701       0.42857149       0.42857662       0.47984274       0.48625655       0.48627205       0.48628592       0.48630900       0.49164234       0.49230835       0.49230837       0.49519986       0.50058487       0.50102589       0.50127582       0.50127652       
1.74000000        0.33912972       0.36793215       0.40094915       0.40097268       0.41435986       0.42855070       0.42855729       0.47972778       0.48627579       0.48628120       0.48629080       0.48632002       0.49166802       0.49234646       0.49234651       0.49524104       0.50064977       0.50109831       0.50134506       0.50134592       
1.76000000        0.33935938       0.36809767       0.40099492       0.40116958       0.41449033       0.42865028       0.42867618       0.47973397       0.48628986       0.48632798       0.48625782       0.48632867       0.49169260       0.49238072       0.49238236       0.49526881       0.50069639       0.50114829       0.50139270       0.50139923       
1.78000000        0.33928675       0.36815079       0.40118316       0.40118534       0.41443817       0.42851258       0.42851558       0.47964418       0.48630095       0.48631588       0.48628920       0.48633954       0.49171360       0.49241715       0.49241736       0.49526784       0.50075602       0.50122255       0.50146555       0.50146562       
1.80000000        0.33918423       0.36800374       0.40101549       0.40103897       0.41422594       0.42841691       0.42842440       0.47953877       0.48631001       0.48634370       0.48628332       0.48634966       0.49173554       0.49245429       0.49245438       0.49531004       0.50080037       0.50127949       0.50152214       0.50152318       
1.82000000        0.33938954       0.36815671       0.40106371       0.40123514       0.41435108       0.42849059       0.42851674       0.47950870       0.48632024       0.48634147       0.48630390       0.48635957       0.49176108       0.49248961       0.49249121       0.49533439       0.50084528       0.50132879       0.50156864       0.50157549       
1.84000000        0.33935423       0.36822576       0.40123777       0.40124586       0.41431834       0.42840130       0.42840490       0.47944869       0.48633137       0.48635910       0.48630696       0.48636930       0.49178248       0.49252661       0.49252696       0.49534105       0.50089892       0.50139730       0.50163574       0.50163610       
1.86000000        0.33922897       0.36806556       0.40107168       0.40109537       0.41409834       0.42829003       0.42829829       0.47935548       0.48633149       0.48634392       0.48635323       0.48637990       0.49180440       0.49256394       0.49256421       0.49538366       0.50093338       0.50144851       0.50168835       0.50168960       
1.88000000        0.33940971       0.36819898       0.40110277       0.40127266       0.41421224       0.42834655       0.42837268       0.47930686       0.48634806       0.48636789       0.48634220       0.48639051       0.49183101       0.49260068       0.49260237       0.49541037       0.50097423       0.50149521       0.50173163       0.50173890       
1.90000000        0.33941318       0.36829509       0.40128801       0.40130506       0.41421290       0.42830545       0.42830965       0.47926494       0.48636255       0.48639106       0.48633681       0.48640052       0.49185295       0.49263819       0.49263868       0.49542092       0.50101951       0.50155617       0.50179205       0.50179271       
1.92000000        0.33975491       0.36844838       0.40143464       0.40149389       0.41475921       0.42890840       0.42891474       0.47932995       0.48637378       0.48641059       0.48633943       0.48641170       0.49190311       0.49269165       0.49269240       0.49550161       0.50108886       0.50161904       0.50185291       0.50185479       
1.94000000        0.33987856       0.36855828       0.40148148       0.40159437       0.41481713       0.42890013       0.42891381       0.47926785       0.48638340       0.48638613       0.48638809       0.48642154       0.49193283       0.49273209       0.49273231       0.49553745       0.50113462       0.50167011       0.50189810       0.50190363       
1.96000000        0.33988592       0.36856979       0.40149453       0.40160770       0.41478867       0.42886915       0.42888235       0.47923836       0.48639234       0.48641967       0.48637684       0.48643182       0.49195290       0.49276619       0.49276805       0.49554651       0.50115864       0.50171013       0.50194120       0.50194515       
1.98000000        0.33977610       0.36848037       0.40147263       0.40153192       0.41466466       0.42879992       0.42880627       0.47915637       0.48640354       0.48644061       0.48637600       0.48644338       0.49197474       0.49280478       0.49280530       0.49557896       0.50116887       0.50174507       0.50198169       0.50198410       
2.00000000        0.33972713       0.36850441       0.40149218       0.40153301       0.41446636       0.42851972       0.42852294       0.47900435       0.48640637       0.48643687       0.48641045       0.48645237       0.49199476       0.49283565       0.49283591       0.49560141       0.50118334       0.50177863       0.50201385       0.50201573       
