0.00000000 0.00000000 0.00000000 0.00000000 0.05615887 0.05673245 0.06800056 0.06803243 0.12002486 0.12055517 0.13222911 0.13258980 0.18751873 0.18800664
0.02500000 0.00000000 0.02126328 0.02351830 0.05984315 0.06160534 0.07170942 0.07211914 0.12215048 0.12287317 0.13422004 0.13442197 0.18869846 0.18945922
0.05000000 0.00000000 0.04139291 0.04692564 0.07024723 0.07432676 0.08173561 0.08325297 0.12838212 0.12957458 0.13977689 0.13999555 0.19218190 0.19377534
0.07500000 0.00000000 0.05928368 0.07006268 0.08614362 0.09167444 0.09612161 0.09904034 0.13832272 0.14002041 0.14828874 0.14903150 0.19781724 0.19990728
0.10000000 0.00000000 0.07485100 0.09265125 0.10589129 0.11149203 0.11327354 0.11757901 0.15141425 0.15342987 0.15950172 0.16062641 0.20540704 0.20828810
0.12500000 0.00000000 0.08892194 0.11422434 0.12770947 0.13236916 0.13265266 0.13768686 0.16704108 0.16907415 0.17299654 0.17403120 0.21477852 0.21876936
0.15000000 0.00000000 0.10213378 0.13424717 0.15051668 0.15309586 0.15457090 0.15862358 0.18462070 0.18635791 0.18844641 0.18853188 0.22586157 0.23117115
0.17500000 0.00000000 0.11480046 0.15251662 0.17382065 0.17512985 0.17691540 0.17978075 0.20356941 0.20366191 0.20482299 0.20559464 0.23872279 0.24529081
0.20000000 0.00000000 0.12708572 0.16923822 0.19739923 0.19800978 0.19946561 0.20028225 0.21912651 0.22378255 0.22411981 0.22419025 0.25347581 0.26090264
0.22500000 0.00000000 0.13908773 0.18473688 0.21848336 0.22114334 0.22136903 0.22202951 0.23634043 0.24395369 0.24398004 0.24469796 0.27008623 0.27776215
0.25000000 0.00000000 0.15086996 0.19930611 0.23318752 0.24435877 0.24499388 0.24499633 0.25630156 0.26414271 0.26461895 0.26618868 0.28681807 0.28829111
0.27500000 0.00000000 0.16247396 0.21317933 0.24537942 0.26593516 0.26877786 0.26891266 0.27813940 0.28171691 0.28418378 0.28591682 0.28833129 0.30458530
0.30000000 0.00000000 0.17392530 0.22652733 0.25622063 0.27723955 0.28464995 0.29264694 0.29290235 0.30049370 0.30084301 0.30759599 0.31011272 0.31050446
0.32500000 0.00000000 0.18523590 0.23946409 0.26626869 0.27311733 0.29223196 0.31350131 0.31654612 0.31690743 0.32395034 0.32887690 0.32922885 0.33293760
0.35000000 0.00000000 0.19640311 0.25205487 0.26946148 0.27576967 0.29197816 0.33064897 0.33231026 0.33327983 0.33786048 0.33822458 0.34033193 0.34097816
0.37500000 0.00000000 0.20740406 0.26432130 0.26631248 0.28482094 0.29056196 0.32290976 0.32930850 0.33487695 0.33527075 0.34701192 0.35402807 0.36501310
0.40000000 0.00000000 0.21817967 0.26370067 0.27623865 0.28911575 0.29342005 0.31257133 0.32675587 0.33185658 0.33305565 0.35441509 0.36164378 0.37718241
0.42500000 0.00000000 0.22859038 0.26165382 0.28766692 0.28794612 0.30145695 0.30246413 0.32463737 0.32908452 0.33130539 0.35329617 0.36985257 0.37430897
0.45000000 0.00000000 0.23827985 0.26020284 0.28698131 0.29295481 0.29856930 0.30866212 0.32285191 0.32622004 0.33004943 0.35114947 0.36330848 0.36745953
0.47500000 0.00000000 0.24621363 0.25939343 0.28505628 0.28642615 0.30836360 0.31454302 0.32110284 0.32250045 0.32930434 0.34832117 0.35846144 0.36349785
0.50000000 0.00000000 0.24966808 0.25919728 0.28153934 0.28623773 0.31537767 0.31785288 0.31827403 0.31899658 0.32906376 0.34687177 0.35658511 0.36233014
0.50000000 0.02500000 0.24986521 0.25918791 0.28141027 0.28648830 0.31542602 0.31800783 0.31872742 0.31908023 0.32910291 0.34724034 0.35664492 0.36257789
0.50000000 0.05000000 0.25028352 0.25949293 0.28056662 0.28638809 0.31559093 0.31830011 0.31901311 0.31981043 0.32957443 0.34711457 0.35632089 0.36260899
0.50000000 0.07500000 0.25086786 0.25947882 0.27903028 0.28618587 0.31585007 0.31865736 0.31905605 0.32148538 0.32952851 0.34707098 0.35552702 0.36249191
0.50000000 0.10000000 0.25152109 0.25926537 0.27681339 0.28583894 0.31608755 0.31917805 0.31916352 0.32323961 0.32958784 0.34714006 0.35415155 0.36236328
0.50000000 0.12500000 0.25230036 0.25935606 0.27450242 0.28514100 0.31637774 0.31914410 0.31969485 0.32490592 0.33009072 0.34657847 0.35252718 0.36175522
0.50000000 0.15000000 0.25340367 0.25955417 0.27237170 0.28499461 0.31679302 0.31922576 0.32055911 0.32635347 0.33128959 0.34657349 0.35117780 0.36177901
0.50000000 0.17500000 0.25462574 0.26022592 0.26996576 0.28460114 0.31730047 0.31913855 0.32147528 0.32735868 0.33350769 0.34589049 0.34946072 0.36162376
0.50000000 0.20000000 0.25595514 0.26050341 0.26754126 0.28413131 0.31797513 0.31917424 0.32233205 0.32811841 0.33533734 0.34498899 0.34752272 0.36134085
0.50000000 0.22500000 0.25658161 0.26136439 0.26492192 0.28356002 0.31852850 0.31924941 0.32336196 0.32792364 0.33781966 0.34400689 0.34508568 0.36105547
0.50000000 0.25000000 0.25710246 0.26255427 0.26265587 0.28273400 0.31905051 0.31916000 0.32423832 0.32794019 0.34001696 0.34252817 0.34266008 0.36033836
0.50000000 0.27500000 0.25746376 0.26060470 0.26442677 0.28252918 0.31921398 0.31976566 0.32548394 0.32797608 0.34065848 0.34170829 0.34237783 0.36025103
0.50000000 0.30000000 0.25790326 0.25861879 0.26666484 0.28213133 0.31912784 0.32054943 0.32661618 0.32831200 0.33834296 0.34026890 0.34477958 0.36001728
0.50000000 0.32500000 0.25682382 0.25825207 0.26847639 0.28171314 0.31917727 0.32152479 0.32762954 0.32840383 0.33606996 0.33863133 0.34652935 0.35971721
0.50000000 0.35000000 0.25506958 0.25804149 0.27054113 0.28124396 0.31923027 0.32232886 0.32807851 0.32876996 0.33352116 0.33716438 0.34818340 0.35936439
0.50000000 0.37500000 0.25360442 0.25813039 0.27241730 0.28060889 0.31911292 0.32300240 0.32802158 0.32957014 0.33119953 0.33553540 0.34943090 0.35867068
0.50000000 0.40000000 0.25261581 0.25816462 0.27439742 0.28060111 0.31919291 0.32396227 0.32798834 0.32951156 0.33067343 0.33454548 0.35073396 0.35861775
0.50000000 0.42500000 0.25176079 0.25846495 0.27630048 0.28043153 0.31921101 0.32496279 0.32770864 0.32831836 0.33138158 0.33321312 0.35192993 0.35845767
0.50000000 0.45000000 0.25112154 0.25856122 0.27749878 0.28026912 0.31934081 0.32606986 0.32632834 0.32830528 0.33175261 0.33194360 0.35255534 0.35829352
0.50000000 0.47500000 0.25063691 0.25828509 0.27816900 0.28007944 0.31936740 0.32536607 0.32689626 0.32800682 0.33073574 0.33238534 0.35280696 0.35810763
0.50000000 0.50000000 0.25037367 0.25843504 0.27844196 0.27976663 0.31932116 0.32487111 0.32716998 0.32810394 0.33006321 0.33249477 0.35283873 0.35774493
0.47500000 0.50000000 0.24657435 0.25870512 0.27972009 0.28213552 0.31704354 0.31824146 0.32512348 0.32846413 0.33036787 0.34145489 0.35508420 0.35783652
0.45000000 0.50000000 0.23827983 0.25950626 0.27939032 0.29008706 0.30747763 0.31145258 0.32587985 0.32956817 0.33125379 0.35250314 0.35805997 0.36056791
0.42500000 0.50000000 0.22841761 0.26080123 0.27784722 0.29795217 0.29929976 0.30424733 0.32714150 0.33146490 0.33270011 0.35806655 0.36345367 0.36758591
0.40000000 0.50000000 0.21793063 0.26249929 0.27275442 0.29207905 0.29634365 0.30868044 0.32890263 0.33427618 0.33462049 0.35553345 0.36651736 0.37408157
0.37500000 0.50000000 0.20712399 0.26342363 0.26434848 0.28830667 0.29052265 0.31762980 0.33115185 0.33630142 0.33825315 0.34501820 0.36387688 0.36476696
0.35000000 0.50000000 0.19611466 0.25203193 0.26541110 0.28115487 0.29100517 0.32559596 0.32658868 0.33387005 0.34076900 0.34093511 0.34151600 0.34377578
0.32500000 0.50000000 0.18495128 0.23975499 0.26260233 0.27792287 0.29206253 0.30842757 0.31684696 0.31690656 0.32404726 0.32793349 0.33160999 0.33184245
0.30000000 0.50000000 0.17365151 0.22692393 0.25487043 0.27945164 0.28824322 0.29079494 0.29289712 0.29454762 0.30099640 0.30646344 0.31049204 0.31053642
0.27500000 0.50000000 0.16221525 0.21359084 0.24481376 0.26682003 0.26868844 0.26892147 0.27748350 0.28369456 0.28387207 0.28538626 0.28820221 0.29805420
0.25000000 0.50000000 0.15062909 0.19968734 0.23296924 0.24467135 0.24497217 0.24499672 0.25614932 0.26411632 0.26464014 0.26623940 0.28498645 0.29075091
0.22500000 0.50000000 0.13886664 0.18506320 0.21843379 0.22114468 0.22136491 0.22215761 0.23623760 0.24377024 0.24423104 0.24472053 0.26964517 0.27617958
0.20000000 0.50000000 0.12688595 0.16949640 0.19739957 0.19801713 0.19951859 0.20028641 0.21907386 0.22379513 0.22412371 0.22425756 0.25324821 0.26017809
0.17500000 0.50000000 0.11462340 0.15270208 0.17381988 0.17514752 0.17693233 0.17979007 0.20355907 0.20366795 0.20489396 0.20558913 0.23857861 0.24490523
0.15000000 0.50000000 0.10198098 0.13436428 0.15051426 0.15312382 0.15456772 0.15863069 0.18462109 0.18638859 0.18847204 0.18854075 0.22576911 0.23095501
0.12500000 0.50000000 0.08879534 0.11428818 0.12770407 0.13240288 0.13263612 0.13769187 0.16703583 0.16907817 0.17303426 0.17404634 0.21472133 0.21864859
0.10000000 0.50000000 0.07475352 0.09268305 0.10587999 0.11146481 0.11330376 0.11758258 0.15140321 0.15341504 0.15954030 0.16064200 0.20537319 0.20822362
0.07500000 0.50000000 0.05921889 0.07007838 0.08612182 0.09163661 0.09614287 0.09904296 0.13830612 0.13999168 0.14832231 0.14904596 0.19779791 0.19987548
0.05000000 0.50000000 0.04135910 0.04693335 0.07021423 0.07427716 0.08174756 0.08325496 0.12836091 0.12953573 0.13980405 0.14000875 0.19217085 0.19377395
0.02500000 0.50000000 0.02125017 0.02352151 0.05980560 0.06154384 0.07171451 0.07212077 0.12212628 0.12282793 0.13423250 0.13444414 0.18869217 0.18946977
0.00000000 0.50000000 0.00000000 0.00000000 0.05612092 0.05666513 0.06800206 0.06803494 0.11999964 0.12050770 0.13224126 0.13261016 0.18751361 0.18801550
