0.00000000    0.39504009   0.42873211   0.43278781   0.44433832   0.45596444   0.48346833   0.49302370   0.49349225   0.50296190   0.50367746   0.50497487   0.50868166   0.53597803   0.53787556   0.54240663   0.54831444   0.54925185   0.55033591   0.57271123   0.57832948   
1.00000000    0.39575468   0.42859909   0.43275099   0.44543120   0.45710023   0.48336016   0.49223661   0.49434436   0.50283308   0.50336921   0.50553755   0.50961142   0.53569464   0.53683599   0.54237159   0.54731579   0.54860738   0.55069432   0.57311733   0.57896047   
2.00000000    0.39645957   0.42833300   0.43282835   0.44653640   0.45824012   0.48317602   0.49129234   0.49535888   0.50172643   0.50373487   0.50648807   0.51055420   0.53503807   0.53593448   0.54251666   0.54632059   0.54767728   0.55139377   0.57339886   0.57810396   
3.00000000    0.39715355   0.42796594   0.43299082   0.44765136   0.45938379   0.48291135   0.49036455   0.49637247   0.50054808   0.50420157   0.50749385   0.51150338   0.53408368   0.53515423   0.54269580   0.54546230   0.54669927   0.55215206   0.57347163   0.57772664   
4.00000000    0.39783527   0.42753110   0.43320753   0.44877432   0.46053099   0.48255947   0.48947800   0.49733253   0.49941370   0.50472925   0.50851725   0.51245541   0.53301198   0.53437512   0.54259871   0.54498925   0.54571916   0.55292641   0.57327153   0.57763274   
5.00000000    0.39850313   0.42705449   0.43345447   0.44990401   0.46168142   0.48211248   0.48865202   0.49766695   0.49890597   0.50530628   0.50954945   0.51340789   0.53190388   0.53356158   0.54198665   0.54462621   0.54521938   0.55370349   0.57282227   0.57779742   
6.00000000    0.39915530   0.42655457   0.43371513   0.45103947   0.46283479   0.48156361   0.48790223   0.49668971   0.49971467   0.50592417   0.51058724   0.51435864   0.53078362   0.53272021   0.54107336   0.54365117   0.54568515   0.55447595   0.57221000   0.57813328   
7.00000000    0.39978963   0.42604432   0.43397846   0.45217991   0.46399072   0.48091045   0.48723828   0.49551303   0.50072952   0.50657563   0.51162904   0.51530515   0.52966014   0.53186323   0.54005194   0.54264378   0.54632865   0.55523756   0.57151260   0.57855645   
8.00000000    0.40040367   0.42553330   0.43423707   0.45332470   0.46514876   0.48015746   0.48666169   0.49431242   0.50177658   0.50725424   0.51267369   0.51624391   0.52853800   0.53100190   0.53898943   0.54163200   0.54704529   0.55598140   0.57078033   0.57888481   
9.00000000    0.40099453   0.42502911   0.43448579   0.45447328   0.46630819   0.47931590   0.48616605   0.49310923   0.50283612   0.50795400   0.51372016   0.51716977   0.52742086   0.53014676   0.53790954   0.54061974   0.54780120   0.55669867   0.57004625   0.57828407   
10.00000000    0.40155892   0.42453827   0.43472093   0.45562509   0.46746788   0.47840133   0.48573953   0.49191088   0.50390301   0.50866896   0.51476711   0.51807438   0.52631321   0.52930890   0.53682252   0.53960892   0.54858020   0.55737742   0.56933555   0.57745430   
11.00000000    0.40209304   0.42406681   0.43493972   0.45677962   0.46862572   0.47743097   0.48536751   0.49072309   0.50497525   0.50939300   0.51581244   0.51894285   0.52522296   0.52850230   0.53573390   0.53860110   0.54937261   0.55800065   0.56867341   0.57661267   
12.00000000    0.40259259   0.42362064   0.43514003   0.45793630   0.46977698   0.47642301   0.48503343   0.48955357   0.50605180   0.51011927   0.51685183   0.51974508   0.52416836   0.52774734   0.53464753   0.53759794   0.55017137   0.55854477   0.56808834   0.57577127   
13.00000000    0.40305273   0.42320572   0.43532016   0.45909449   0.47090809   0.47540209   0.48471615   0.48841627   0.50713199   0.51083959   0.51787409   0.52040825   0.52320392   0.52707758   0.53356717   0.53660153   0.55097026   0.55897852   0.56761547   0.57493668   
14.00000000    0.40346820   0.42282821   0.43547879   0.46025338   0.47195827   0.47443762   0.48438136   0.48734029   0.50821526   0.51154390   0.51883505   0.52073288   0.52251880   0.52655057   0.53249792   0.53561467   0.55176263   0.55926610   0.56729422   0.57411263   
15.00000000    0.40383333   0.42249436   0.43561481   0.46141186   0.47245832   0.47400544   0.48396351   0.48638770   0.50930101   0.51221833   0.51942394   0.52069992   0.52235677   0.52625346   0.53144903   0.53464168   0.55254004   0.55937817   0.56715751   0.57330430   
16.00000000    0.40414235   0.42221043   0.43572734   0.46256821   0.47174542   0.47477373   0.48336062   0.48565861   0.51038847   0.51284411   0.51892545   0.52129176   0.52237429   0.52625411   0.53044146   0.53368967   0.55329008   0.55930941   0.56721558   0.57251947   
17.00000000    0.40438965   0.42198237   0.43581569   0.46371911   0.47070581   0.47586143   0.48252272   0.48520249   0.51147634   0.51339511   0.51798079   0.52189705   0.52257328   0.52647509   0.52953478   0.53277211   0.55399186   0.55909056   0.56744481   0.57177148   
18.00000000    0.40457016   0.42181549   0.43587932   0.46485616   0.46961650   0.47699994   0.48151805   0.48495205   0.51256167   0.51383630   0.51694580   0.52182475   0.52341795   0.52660908   0.52891491   0.53191933   0.55460669   0.55878894   0.56778867   0.57108906   
19.00000000    0.40467983   0.42171398   0.43591784   0.46594488   0.46855018   0.47814831   0.48042983   0.48482753   0.51363085   0.51412857   0.51589382   0.52166259   0.52436122   0.52625739   0.52883604   0.53121446   0.55506021   0.55850941   0.56814523   0.57054334   
20.00000000    0.40471605   0.42168060   0.43593108   0.46664309   0.46785857   0.47921181   0.47938341   0.48478936   0.51421303   0.51447795   0.51506904   0.52159606   0.52500602   0.52576056   0.52894891   0.53089836   0.55523625   0.55838908   0.56831736   0.57031051   
21.00000000    0.40534461   0.42219261   0.43532696   0.46757768   0.46896716   0.48029690   0.48043081   0.48459509   0.51355432   0.51362506   0.51538506   0.52176099   0.52403094   0.52477769   0.52967226   0.53180298   0.55420449   0.55752985   0.56741206   0.56932108   
22.00000000    0.40596612   0.42268680   0.43472837   0.46848950   0.47007958   0.48138561   0.48144943   0.48446198   0.51236952   0.51267013   0.51620288   0.52174368   0.52299335   0.52408680   0.53048921   0.53271880   0.55317623   0.55666941   0.56649463   0.56832952   
23.00000000    0.40657963   0.42316221   0.43413636   0.46937280   0.47119577   0.48238753   0.48247839   0.48444869   0.51115810   0.51165221   0.51699011   0.52121899   0.52198187   0.52397720   0.53134283   0.53364070   0.55215282   0.55581011   0.56556805   0.56733643   
24.00000000    0.40718395   0.42361783   0.43355209   0.47022070   0.47231567   0.48309803   0.48357417   0.48471157   0.50994128   0.51059569   0.51762600   0.52030045   0.52111597   0.52431140   0.53221167   0.53456645   0.55113584   0.55495436   0.56463499   0.56634259   
25.00000000    0.40777779   0.42405267   0.43297698   0.47102497   0.47343925   0.48344372   0.48467342   0.48539696   0.50872438   0.50951550   0.51782001   0.51923406   0.52068925   0.52482766   0.53308524   0.53549464   0.55012730   0.55410467   0.56369763   0.56534868   
26.00000000    0.40835959   0.42446573   0.43241261   0.47177633   0.47456647   0.48360320   0.48577592   0.48633685   0.50750884   0.50842128   0.51732052   0.51811376   0.52095597   0.52542126   0.53395641   0.53642413   0.54912992   0.55326379   0.56275796   0.56435531   
27.00000000    0.40892748   0.42485596   0.43186081   0.47246487   0.47569727   0.48375020   0.48688149   0.48736835   0.50629539   0.50731945   0.51641484   0.51697056   0.52163033   0.52605330   0.53481854   0.53735376   0.54814770   0.55243484   0.56181793   0.56336310   
28.00000000    0.40947933   0.42522238   0.43132382   0.47308115   0.47683163   0.48395011   0.48798993   0.48843635   0.50508454   0.50621477   0.51536475   0.51581652   0.52245128   0.52670507   0.53566348   0.53828212   0.54718682   0.55162159   0.56087949   0.56237269   
29.00000000    0.41001258   0.42556395   0.43080416   0.47361759   0.47796948   0.48422920   0.48910092   0.48952246   0.50387671   0.50511089   0.51425937   0.51465726   0.52333004   0.52736526   0.53647929   0.53920729   0.54625752   0.55082873   0.55994475   0.56138474   
30.00000000    0.41052427   0.42587970   0.43030484   0.47407022   0.47911081   0.48459902   0.49021402   0.49061915   0.50267244   0.50401121   0.51312919   0.51349565   0.52423608   0.52802508   0.53724620   0.54012639   0.54537782   0.55006245   0.55901619   0.56040008   
31.00000000    0.41101090   0.42616868   0.42982937   0.47443965   0.48025554   0.48506197   0.49132841   0.49172259   0.50147256   0.50291897   0.51198675   0.51233344   0.52515648   0.52867683   0.53792874   0.54103473   0.54458114   0.54933144   0.55809685   0.55941970   
32.00000000    0.41146842   0.42642999   0.42938179   0.47473132   0.48140364   0.48561345   0.49244243   0.49283013   0.50027867   0.50183823   0.51083814   0.51117167   0.52608447   0.52931247   0.53846192   0.54192402   0.54392984   0.54864877   0.55719065   0.55844496   
33.00000000    0.41189223   0.42666277   0.42896675   0.47495432   0.48255504   0.48624340   0.49355185   0.49393885   0.49909491   0.50077472   0.50968669   0.51001106   0.52701544   0.52992314   0.53874146   0.54277807   0.54352468   0.54803628   0.55630297   0.55747773   
34.00000000    0.41227713   0.42686623   0.42858945   0.47511969   0.48370967   0.48693768   0.49464112   0.49504284   0.49793663   0.49973890   0.50853453   0.50885213   0.52794524   0.53049855   0.53867023   0.54345695   0.54356305   0.54753508   0.55544149   0.55652092   
35.00000000    0.41261742   0.42703965   0.42825560   0.47523875   0.48486746   0.48767879   0.49558499   0.49611997   0.49692878   0.49876029   0.50738321   0.50769535   0.52886878   0.53102654   0.53826580   0.54370380   0.54420061   0.54722844   0.55461766   0.55557926   
36.00000000    0.41290711   0.42718240   0.42797118   0.47532178   0.48602828   0.48844462   0.49528539   0.49696315   0.49716838   0.49805848   0.50623461   0.50654129   0.52977810   0.53149284   0.53764636   0.54413515   0.54456669   0.54724735   0.55384909   0.55466114   
37.00000000    0.41314027   0.42729391   0.42774221   0.47537751   0.48719200   0.48920361   0.49419568   0.49659091   0.49820082   0.49863870   0.50509059   0.50539014   0.53065815   0.53188138   0.53692668   0.54462291   0.54462834   0.54762435   0.55316334   0.55378331   
38.00000000    0.41331142   0.42737359   0.42757437   0.47541261   0.48835836   0.48990204   0.49303876   0.49584906   0.49929838   0.49970199   0.50395655   0.50424286   0.53147467   0.53217533   0.53619822   0.54453511   0.54507035   0.54818629   0.55260247   0.55298324   
39.00000000    0.41341603   0.42741977   0.42747347   0.47543179   0.48952678   0.49043831   0.49187037   0.49526617   0.50038359   0.50081466   0.50285502   0.50310202   0.53213678   0.53235922   0.53558038   0.54443516   0.54538803   0.54871084   0.55222339   0.55235429   
40.00000000    0.41345117   0.42742564   0.42744910   0.47543784   0.49064942   0.49065203   0.49074578   0.49503641   0.50114330   0.50181849   0.50208557   0.50209577   0.53241868   0.53242501   0.53530898   0.54439558   0.54550417   0.54894214   0.55207319   0.55210792   
41.00000000    0.41338101   0.42742914   0.42748243   0.47542514   0.48887878   0.49065017   0.49206132   0.49552978   0.49945682   0.50150637   0.50210087   0.50410352   0.53181029   0.53239268   0.53579659   0.54447705   0.54525797   0.54856124   0.55213622   0.55276855   
42.00000000    0.41317231   0.42743952   0.42758087   0.47537732   0.48692483   0.49064934   0.49272873   0.49692467   0.49721933   0.50151347   0.50215430   0.50636452   0.53053377   0.53231068   0.53669080   0.54450335   0.54471698   0.54802848   0.55233095   0.55416075   
43.00000000    0.41283134   0.42745678   0.42773880   0.47526148   0.48499293   0.49063164   0.49300189   0.49498766   0.49876458   0.50154016   0.50227754   0.50863651   0.52903669   0.53215984   0.53755209   0.54335865   0.54509834   0.54772923   0.55267324   0.55579378   
44.00000000    0.41236724   0.42748089   0.42794784   0.47500810   0.48319777   0.49051844   0.49285707   0.49314619   0.50057129   0.50157904   0.50263623   0.51090969   0.52744047   0.53191662   0.53827460   0.54205454   0.54558332   0.54759944   0.55318619   0.55752485   
45.00000000    0.41179073   0.42751184   0.42819863   0.47449580   0.48167938   0.48972490   0.49141557   0.49325115   0.50160999   0.50162980   0.50385406   0.51318029   0.52579025   0.53154465   0.53884793   0.54076096   0.54611549   0.54755537   0.55389290   0.55930471   
46.00000000    0.41111274   0.42754960   0.42848159   0.47358010   0.48059035   0.48777575   0.49113968   0.49334540   0.50169202   0.50193569   0.50583459   0.51544600   0.52411064   0.53099651   0.53929528   0.53958848   0.54663723   0.54755688   0.55480587   0.56111123   
47.00000000    0.41034373   0.42759410   0.42878809   0.47221208   0.47998297   0.48556643   0.49113464   0.49343934   0.50176562   0.50210211   0.50800336   0.51770397   0.52241973   0.53022586   0.53861472   0.53964843   0.54710933   0.54758632   0.55591911   0.56293253   
48.00000000    0.40949312   0.42764531   0.42911058   0.47048989   0.47975966   0.48330927   0.49118853   0.49353652   0.50185051   0.50223660   0.51021540   0.51995009   0.52073730   0.52921051   0.53788057   0.53993604   0.54751738   0.54763536   0.55720929   0.56476116   
49.00000000    0.40856920   0.42770314   0.42944292   0.46854793   0.47978510   0.48103673   0.49126920   0.49363797   0.50194665   0.50236707   0.51240735   0.51910242   0.52217684   0.52796837   0.53738386   0.54017999   0.54769979   0.54786482   0.55864417   0.56659195   
50.00000000    0.40757910   0.42776752   0.42978014   0.46647941   0.47875774   0.47996385   0.49136794   0.49374266   0.50205398   0.50250232   0.51439372   0.51769687   0.52435851   0.52656014   0.53709465   0.54039587   0.54777728   0.54816304   0.56019132   0.56842094   
51.00000000    0.40652892   0.42783835   0.43011838   0.46433729   0.47647577   0.48023983   0.49148145   0.49384837   0.50217243   0.50264590   0.51484204   0.51785557   0.52489279   0.52662170   0.53698260   0.54059441   0.54786647   0.54842455   0.56182252   0.57024478   
52.00000000    0.40542389   0.42791549   0.43045462   0.46215096   0.47419253   0.48057971   0.49160818   0.49395144   0.50230190   0.50279933   0.51354587   0.51979083   0.52326177   0.52868212   0.53703879   0.54078302   0.54796651   0.54866014   0.56351444   0.57206045   
53.00000000    0.40426848   0.42799880   0.43078647   0.45993748   0.47190900   0.48096164   0.49174726   0.49404644   0.50244226   0.50296280   0.51201138   0.52153330   0.52200571   0.53064364   0.53729479   0.54096685   0.54807689   0.54887834   0.56524751   0.57386500   
54.00000000    0.40306655   0.42808811   0.43111196   0.45770747   0.46962587   0.48136931   0.49189811   0.49412571   0.50259332   0.50313536   0.51047592   0.51975415   0.52427581   0.53236499   0.53784631   0.54114959   0.54819726   0.54908561   0.56700301   0.57565536   
55.00000000    0.40182144   0.42818317   0.43142929   0.45546818   0.46734365   0.48178865   0.49206031   0.49417859   0.50275480   0.50331408   0.50899599   0.51794104   0.52656337   0.53368470   0.53883902   0.54133403   0.54832746   0.54928683   0.56875808   0.57742796   
56.00000000    0.40053608   0.42828372   0.43173652   0.45322520   0.46506284   0.48220544   0.49223343   0.49419061   0.50292624   0.50349117   0.50761328   0.51610475   0.52885541   0.53454803   0.54031771   0.54152254   0.54846759   0.54948600   0.57047333   0.57917778   
57.00000000    0.39921309   0.42838942   0.43203121   0.45098367   0.46278392   0.48260414   0.49241701   0.49414429   0.50310687   0.50364433   0.50638310   0.51425315   0.53114413   0.53508619   0.54171762   0.54214384   0.54861815   0.54968652   0.57205187   0.58087939   
58.00000000    0.39785475   0.42849980   0.43230965   0.44874930   0.46050742   0.48296553   0.49261051   0.49401995   0.50329525   0.50369507   0.50542138   0.51239294   0.53342141   0.53545240   0.54192300   0.54415736   0.54878100   0.54989180   0.57320134   0.57766430   
59.00000000    0.39646314   0.42861429   0.43256567   0.44652992   0.45823399   0.48326467   0.49281310   0.49380246   0.50345004   0.50348834   0.50495961   0.51053132   0.53567447   0.53573538   0.54214606   0.54625762   0.54896419   0.55010611   0.57338205   0.57811278   
60.00000000    0.39504010   0.42873211   0.43278782   0.44433832   0.45596444   0.48346835   0.49302366   0.49349230   0.50296173   0.50367696   0.50497599   0.50868118   0.53597802   0.53787555   0.54240662   0.54831445   0.54925185   0.55033589   0.57271082   0.57943405   
