0.00000000    0.33056214   0.36580769   0.40045665   0.41277922   0.44282398   0.45512936   0.48975191   0.49236800   0.49238330   0.49911859   0.50483689   0.50532723   0.53402068   0.53544549   0.53772528   0.54113370   0.54880993   0.54886266   0.56869994   0.57711668   
1.00000000    0.33098698   0.36585151   0.40052566   0.41233009   0.44399323   0.45620950   0.49067886   0.49114107   0.49343904   0.49903913   0.50473848   0.50621857   0.53339156   0.53572584   0.53654684   0.54088603   0.54776390   0.54906132   0.56933351   0.57618444   
2.00000000    0.33139627   0.36588705   0.40060887   0.41188370   0.44516731   0.45729510   0.48983180   0.49163163   0.49450296   0.49865707   0.50492603   0.50718801   0.53236581   0.53536152   0.53631618   0.54057110   0.54668668   0.54945949   0.56989640   0.57533700   
3.00000000    0.33178928   0.36591488   0.40070639   0.41144059   0.44634599   0.45838583   0.48856228   0.49245773   0.49556140   0.49810774   0.50537395   0.50816845   0.53127556   0.53418101   0.53678315   0.54030936   0.54563356   0.54997378   0.57030765   0.57465104   
4.00000000    0.33216528   0.36593559   0.40081828   0.41100127   0.44752907   0.45948134   0.48728851   0.49310203   0.49657739   0.49763070   0.50598341   0.50915325   0.53017131   0.53300143   0.53693864   0.54025317   0.54463078   0.55056972   0.57042429   0.57427078   
5.00000000    0.33252348   0.36594984   0.40094444   0.41056620   0.44871635   0.46058126   0.48601441   0.49335730   0.49714618   0.49790328   0.50668562   0.51013943   0.52906653   0.53182412   0.53670775   0.54041896   0.54375062   0.55122101   0.57013769   0.57430011   
6.00000000    0.33286316   0.36595832   0.40108482   0.41013589   0.44990768   0.46168512   0.48474141   0.49306159   0.49749245   0.49890108   0.50744014   0.51112435   0.52796756   0.53064965   0.53619611   0.54050766   0.54320143   0.55190848   0.56952614   0.57465358   
7.00000000    0.33318356   0.36596175   0.40123924   0.40971083   0.45110290   0.46279242   0.48347051   0.49234879   0.49815715   0.49997058   0.50822308   0.51210472   0.52687939   0.52947849   0.53553260   0.54011759   0.54326821   0.55261751   0.56874033   0.57516028   
8.00000000    0.33348394   0.36596085   0.40140747   0.40929151   0.45230188   0.46390243   0.48220263   0.49142489   0.49900365   0.50105488   0.50901896   0.51307580   0.52580778   0.52831119   0.53479177   0.53932189   0.54381311   0.55333624   0.56787532   0.57564619   
9.00000000    0.33376355   0.36595638   0.40158917   0.40887847   0.45350447   0.46501421   0.48093876   0.49039949   0.49993729   0.50214638   0.50981638   0.51402985   0.52476120   0.52714860   0.53401212   0.53836366   0.54456278   0.55405338   0.56697888   0.57576057   
10.00000000    0.33402167   0.36594909   0.40178394   0.40847226   0.45471054   0.46612622   0.47968032   0.48932125   0.50091602   0.50324296   0.51060532   0.51495307   0.52375398   0.52599230   0.53321579   0.53734576   0.54539978   0.55475677   0.56607818   0.57530062   
11.00000000    0.33425761   0.36593971   0.40199127   0.40807356   0.45591994   0.46723592   0.47842965   0.48821335   0.50192056   0.50434380   0.51137485   0.51581858   0.52281282   0.52484576   0.53241763   0.53630446   0.54628054   0.55543106   0.56519363   0.57461620   
12.00000000    0.33447072   0.36592895   0.40221046   0.40768312   0.45713252   0.46833836   0.47719136   0.48708821   0.50294090   0.50544846   0.51211089   0.51657032   0.52198982   0.52371886   0.53162956   0.53525526   0.54718592   0.55605390   0.56434741   0.57387550   
13.00000000    0.33466036   0.36591748   0.40244064   0.40730194   0.45834809   0.46942215   0.47597628   0.48595333   0.50397123   0.50655671   0.51279216   0.51709534   0.52136876   0.52265242   0.53086282   0.53420674   0.54810588   0.55659108   0.56357058   0.57312776   
14.00000000    0.33482599   0.36590595   0.40268050   0.40693134   0.45956643   0.47045333   0.47481747   0.48481396   0.50500761   0.50766835   0.51338108   0.51724627   0.52086403   0.52190477   0.53012915   0.53316559   0.54903423   0.55698887   0.56291044   0.57239643   
15.00000000    0.33496706   0.36589492   0.40292812   0.40657328   0.46078727   0.47128568   0.47385961   0.48367449   0.50604657   0.50878319   0.51380369   0.51704798   0.51998339   0.52200162   0.52944156   0.53213957   0.54996632   0.55717306   0.56243124   0.57170071   
16.00000000    0.33508315   0.36588489   0.40318029   0.40623099   0.46201022   0.47132191   0.47369703   0.48254005   0.50708568   0.50990109   0.51392211   0.51678417   0.51890678   0.52259458   0.52881374   0.53114092   0.55089786   0.55707735   0.56218478   0.57106166   
17.00000000    0.33517386   0.36587630   0.40343116   0.40591036   0.46323471   0.47044548   0.47443987   0.48141878   0.50812090   0.51102170   0.51361551   0.51670905   0.51779054   0.52336361   0.52825645   0.53019421   0.55182399   0.55669919   0.56215350   0.57050559   
18.00000000    0.33523890   0.36586949   0.40366875   0.40562335   0.46445980   0.46931513   0.47541176   0.48032999   0.50914667   0.51214360   0.51296199   0.51665918   0.51680661   0.52417529   0.52776701   0.52935630   0.55273754   0.55610581   0.56224499   0.57006528   
19.00000000    0.33527806   0.36586472   0.40386678   0.40539623   0.46568351   0.46812346   0.47635342   0.47934283   0.51015126   0.51211697   0.51327635   0.51553288   0.51691934   0.52490605   0.52732992   0.52875067   0.55362263   0.55538353   0.56235188   0.56977809   
20.00000000    0.33529117   0.36586212   0.40397349   0.40528081   0.46682888   0.46698615   0.47686534   0.47881837   0.51095892   0.51135802   0.51437929   0.51442713   0.51696686   0.52526007   0.52708903   0.52853299   0.55428601   0.55476986   0.56239780   0.56967635   
21.00000000    0.33568279   0.36609423   0.40374671   0.40493933   0.46795653   0.46810808   0.47787686   0.47989740   0.51193961   0.51229014   0.51317308   0.51319730   0.51672955   0.52413783   0.52695457   0.52941361   0.55314861   0.55368315   0.56157416   0.56868859   
22.00000000    0.33605884   0.36631742   0.40352814   0.40461015   0.46908771   0.46923363   0.47889178   0.48098047   0.51194187   0.51196585   0.51290221   0.51320258   0.51636563   0.52302206   0.52699589   0.53031575   0.55201421   0.55260496   0.56075077   0.56768484   
23.00000000    0.33641867   0.36653131   0.40331821   0.40429404   0.47022237   0.47036273   0.47990969   0.48206739   0.51071349   0.51073594   0.51376356   0.51407426   0.51595238   0.52194503   0.52719032   0.53122310   0.55088286   0.55153719   0.55993005   0.56666998   
24.00000000    0.33676179   0.36673554   0.40311729   0.40399173   0.47136050   0.47149539   0.48093003   0.48315808   0.50948176   0.50950707   0.51421069   0.51486470   0.51583849   0.52095227   0.52750735   0.53212848   0.54975463   0.55048253   0.55911441   0.56564751   
25.00000000    0.33708757   0.36692972   0.40292575   0.40370393   0.47250205   0.47263154   0.48195230   0.48425233   0.50825099   0.50828014   0.51384630   0.51547402   0.51644569   0.52014476   0.52791697   0.53302614   0.54862961   0.54944486   0.55830645   0.56462009   
26.00000000    0.33739547   0.36711349   0.40274398   0.40343142   0.47364699   0.47377115   0.48297588   0.48534994   0.50702126   0.50705558   0.51311479   0.51569728   0.51735439   0.51972811   0.52839278   0.53390919   0.54750789   0.54843001   0.55750891   0.56358967   
27.00000000    0.33768494   0.36728649   0.40257230   0.40317487   0.47479530   0.47491417   0.48399989   0.48645066   0.50579354   0.50583380   0.51226217   0.51536205   0.51833710   0.51987504   0.52891377   0.53476800   0.54638962   0.54744704   0.55672474   0.56255781   
28.00000000    0.33795543   0.36744834   0.40241102   0.40293504   0.47594692   0.47606057   0.48502336   0.48755407   0.50456813   0.50461529   0.51135003   0.51460387   0.51934666   0.52045011   0.52946315   0.53558731   0.54527496   0.54651076   0.55595730   0.56152569   
29.00000000    0.33820642   0.36759871   0.40226039   0.40271264   0.47710182   0.47721029   0.48604498   0.48865962   0.50334542   0.50340068   0.51040268   0.51364071   0.52036979   0.52123537   0.53002723   0.53634194   0.54416417   0.54564605   0.55521038   0.56049441   
30.00000000    0.33843742   0.36773726   0.40212061   0.40250842   0.47825995   0.47836328   0.48706299   0.48976638   0.50212573   0.50219089   0.50943395   0.51258570   0.52140142   0.52211763   0.53059433   0.53698921   0.54305759   0.54489530   0.55448842   0.55946495   
31.00000000    0.33864795   0.36786366   0.40199181   0.40232311   0.47942127   0.47951948   0.48807494   0.49087264   0.50090943   0.50098764   0.50845363   0.51148641   0.52243917   0.52304919   0.53115383   0.53746047   0.54195576   0.54432688   0.55379658   0.55843833   
32.00000000    0.33883759   0.36797763   0.40187409   0.40215747   0.48058571   0.48067882   0.48907734   0.49197479   0.49969716   0.49979449   0.50746980   0.51036411   0.52348167   0.52400858   0.53169523   0.53766654   0.54085952   0.54402959   0.55314084   0.55741542   
33.00000000    0.33900591   0.36807888   0.40176750   0.40201219   0.48175319   0.48184120   0.49006480   0.49306346   0.49848996   0.49862072   0.50649053   0.50922936   0.52452803   0.52498503   0.53220754   0.53754490   0.53977038   0.54406548   0.55252831   0.55639756   
34.00000000    0.33915257   0.36816716   0.40167221   0.40188778   0.48292363   0.48300653   0.49102834   0.49410487   0.49729018   0.49750000   0.50552513   0.50808799   0.52557750   0.52597239   0.53267806   0.53711737   0.53869118   0.54441197   0.55196709   0.55538618   
35.00000000    0.33927720   0.36824224   0.40158866   0.40178441   0.48409689   0.48417466   0.49195059   0.49488774   0.49610466   0.49664338   0.50458614   0.50694357   0.52662927   0.52696674   0.53309045   0.53646796   0.53762814   0.54498375   0.55146644   0.55438350   
36.00000000    0.33937955   0.36830393   0.40151772   0.40170172   0.48527278   0.48534541   0.49278279   0.49455380   0.49496502   0.49690877   0.50369237   0.50579864   0.52768231   0.52796518   0.53341833   0.53567886   0.53659729   0.54569605   0.55103636   0.55339315   
37.00000000    0.33945939   0.36835207   0.40146065   0.40163894   0.48645101   0.48651852   0.49316201   0.49352538   0.49420478   0.49787310   0.50287453   0.50465543   0.52873498   0.52896523   0.53359970   0.53480549   0.53565091   0.54648775   0.55068731   0.55242216   
38.00000000    0.33951651   0.36838651   0.40141875   0.40159505   0.48763103   0.48769356   0.49230647   0.49238567   0.49455534   0.49895112   0.50218429   0.50351719   0.52978421   0.52996439   0.53344739   0.53388103   0.53496860   0.54731005   0.55042926   0.55148802   
39.00000000    0.33955079   0.36840718   0.40139316   0.40156921   0.48881167   0.48886992   0.49116668   0.49121995   0.49498687   0.50004703   0.50170260   0.50239556   0.53082317   0.53095967   0.53277949   0.53292511   0.53473021   0.54808427   0.55027065   0.55065230   
40.00000000    0.33956214   0.36841401   0.40138457   0.40156083   0.48994180   0.49004292   0.49004406   0.49004865   0.49515328   0.50090923   0.50152450   0.50152757   0.53176973   0.53190948   0.53191262   0.53198599   0.53469702   0.54850030   0.55021186   0.55022196   
41.00000000    0.33953941   0.36840050   0.40138284   0.40159635   0.48766143   0.49000130   0.49002815   0.49236852   0.49480748   0.49977129   0.50153695   0.50303333   0.52990629   0.53176837   0.53188424   0.53386027   0.53474141   0.54779664   0.55024458   0.55103907   
42.00000000    0.33947072   0.36835993   0.40137781   0.40170360   0.48529941   0.48996608   0.49001916   0.49380210   0.49469738   0.49890203   0.50157945   0.50499149   0.52790767   0.53136385   0.53190026   0.53485593   0.53578687   0.54672636   0.55034632   0.55244995   
43.00000000    0.33935605   0.36829343   0.40136941   0.40188150   0.48293440   0.48976017   0.49004896   0.49241428   0.49697862   0.49847336   0.50167806   0.50704820   0.52589992   0.53073212   0.53192707   0.53500765   0.53766272   0.54573134   0.55052812   0.55401049   
44.00000000    0.33919539   0.36820277   0.40135757   0.40212826   0.48056778   0.48903204   0.49009068   0.49127422   0.49828559   0.49909770   0.50194476   0.50914947   0.52388923   0.52990417   0.53196464   0.53517386   0.53946213   0.54487249   0.55081066   0.55565334   
45.00000000    0.33898869   0.36809029   0.40134215   0.40244150   0.47820039   0.48746922   0.49014431   0.49084283   0.49821329   0.50055949   0.50287191   0.51126816   0.52188081   0.52890586   0.53201293   0.53534499   0.54114902   0.54416203   0.55122654   0.55735372   
46.00000000    0.33873597   0.36795880   0.40132299   0.40281836   0.47583273   0.48551629   0.49020985   0.49074335   0.49820124   0.50105440   0.50476532   0.51338498   0.51988028   0.52776406   0.53207195   0.53551935   0.54267571   0.54359580   0.55182069   0.55909696   
47.00000000    0.33843727   0.36781144   0.40129991   0.40325556   0.47346519   0.48343471   0.49028730   0.49074560   0.49822485   0.50121184   0.50698959   0.51547930   0.51789509   0.52651253   0.53214170   0.53569920   0.54316148   0.54399069   0.55264238   0.56087265   
48.00000000    0.33809269   0.36765153   0.40127263   0.40374959   0.47109807   0.48129871   0.49037664   0.49079113   0.49827245   0.50127560   0.50928834   0.51593897   0.51751226   0.52520446   0.53222216   0.53588885   0.54284361   0.54505930   0.55372419   0.56267274   
49.00000000    0.33770239   0.36748245   0.40124089   0.40429671   0.46873159   0.47913507   0.49047786   0.49086191   0.49833787   0.50128878   0.51156137   0.51406994   0.51935556   0.52398041   0.53231333   0.53609411   0.54262716   0.54588507   0.55506056   0.56449044   
50.00000000    0.33726669   0.36730756   0.40120436   0.40489319   0.46636600   0.47695618   0.49059096   0.49095076   0.49841728   0.50124991   0.51193984   0.51415902   0.52035883   0.52349852   0.53241521   0.53632242   0.54249999   0.54650749   0.55660997   0.56631979   
51.00000000    0.33678596   0.36713005   0.40116264   0.40553523   0.46400150   0.47476879   0.49071591   0.49105419   0.49850805   0.50113441   0.51021603   0.51643909   0.51963284   0.52464888   0.53252778   0.53658362   0.54245423   0.54697886   0.55831757   0.56815473   
52.00000000    0.33626073   0.36695290   0.40111527   0.40621911   0.46163832   0.47257705   0.49085269   0.49117025   0.49860804   0.50089066   0.50856126   0.51821074   0.51879091   0.52639003   0.53265104   0.53689107   0.54248775   0.54734502   0.56013426   0.56998864   
53.00000000    0.33569166   0.36677882   0.40106178   0.40694116   0.45927670   0.47038381   0.49100128   0.49129754   0.49871502   0.50043144   0.50712254   0.51662073   0.52115501   0.52817341   0.53278499   0.53726265   0.54260612   0.54763932   0.56202181   0.57181250   
54.00000000    0.33507954   0.36661021   0.40100158   0.40769789   0.45691693   0.46819117   0.49116163   0.49143489   0.49882633   0.49964983   0.50601481   0.51496936   0.52352366   0.52985770   0.53292960   0.53771963   0.54282653   0.54788398   0.56394966   0.57361217   
55.00000000    0.33442529   0.36644915   0.40093402   0.40848586   0.45455933   0.46600079   0.49133365   0.49158113   0.49849495   0.49893824   0.50529174   0.51329267   0.52589422   0.53136090   0.53308488   0.53827791   0.54318405   0.54809324   0.56588668   0.57536035   
56.00000000    0.33372995   0.36629739   0.40085837   0.40930177   0.45220433   0.46381409   0.49151713   0.49173483   0.49702624   0.49904532   0.50489548   0.51161139   0.52826521   0.53262230   0.53325081   0.53892507   0.54373788   0.54827587   0.56778114   0.57699242   
57.00000000    0.33299468   0.36615637   0.40077382   0.41014235   0.44985245   0.46163237   0.49171146   0.49189424   0.49535112   0.49913884   0.50472017   0.50994387   0.53063543   0.53342739   0.53362091   0.53959850   0.54456374   0.54843706   0.56948151   0.57832636   
58.00000000    0.33222073   0.36602721   0.40067940   0.41100439   0.44750439   0.45945685   0.49191291   0.49205622   0.49355752   0.49920389   0.50468218   0.50831330   0.53300342   0.53361474   0.53438615   0.54021197   0.54571303   0.54857942   0.57040552   0.57890862   
59.00000000    0.33140942   0.36591078   0.40057408   0.41188453   0.44516112   0.45728876   0.49163595   0.49218228   0.49221656   0.49921336   0.50473079   0.50675472   0.53381224   0.53497571   0.53536797   0.54072053   0.54716896   0.54870377   0.56989112   0.57844931   
60.00000000    0.33056214   0.36580769   0.40045666   0.41277922   0.44282398   0.45512937   0.48975191   0.49236797   0.49238328   0.49911822   0.50483726   0.50532726   0.53402068   0.53544550   0.53772526   0.54113368   0.54880992   0.54886266   0.56869985   0.57739836   
