0.00000000    0.00000000   0.00000000   0.11193030   0.11306803   0.13632573   0.13635100   0.23796745   0.23888370   0.26766200   0.26792039   0.36973750   0.36975344   0.37180127   0.37424137   0.38456917   
1.00000000    0.01521307   0.01664552   0.11300972   0.11419279   0.13727793   0.13739992   0.23852703   0.23944094   0.26814261   0.26840866   0.36811172   0.37009074   0.37221256   0.37430980   0.38486233   
2.00000000    0.03033409   0.03328169   0.11598727   0.11771630   0.14006264   0.14053144   0.24018693   0.24111782   0.26954681   0.26989983   0.36408477   0.37111755   0.37297864   0.37487996   0.38573948   
3.00000000    0.04526490   0.04989870   0.12060563   0.12359510   0.14457981   0.14560190   0.24289784   0.24392345   0.27182235   0.27241276   0.35873001   0.37280710   0.37378716   0.37633339   0.38718522   
4.00000000    0.05989697   0.06648561   0.12681690   0.13146728   0.15066954   0.15241655   0.24660451   0.24784832   0.27495011   0.27591293   0.35268303   0.37456754   0.37517270   0.37869177   0.38918478   
5.00000000    0.07411194   0.08302979   0.13455041   0.14096878   0.15814460   0.16075262   0.25126591   0.25284707   0.27890749   0.28035183   0.34625002   0.37550604   0.37808076   0.38183395   0.39170648   
6.00000000    0.08779109   0.09951609   0.14371697   0.15178310   0.16681299   0.17038562   0.25684630   0.25885029   0.28366111   0.28567759   0.33958368   0.37658784   0.38151511   0.38569292   0.39469117   
7.00000000    0.10083560   0.11592579   0.15421889   0.16364510   0.17649415   0.18110708   0.26330034   0.26578083   0.28917138   0.29183416   0.33277267   0.37783875   0.38533690   0.39023202   0.39794516   
8.00000000    0.11319148   0.13223543   0.16593701   0.17634002   0.18702856   0.19273350   0.27056301   0.27356018   0.29539562   0.29876192   0.32588597   0.37926241   0.38933307   0.39542273   0.40022062   
9.00000000    0.12486338   0.14841515   0.17871992   0.18969763   0.19828246   0.20510873   0.27852574   0.28210954   0.30229030   0.30639877   0.31901571   0.38085725   0.39317729   0.39707757   0.40123629   
10.00000000    0.13590571   0.16442702   0.19239137   0.20358432   0.21014927   0.21810260   0.28691580   0.29134630   0.30981275   0.31241258   0.31468137   0.38261907   0.39075396   0.39650673   0.40763838   
11.00000000    0.14639735   0.18022330   0.20677170   0.21789535   0.22254936   0.23160775   0.29427396   0.30114454   0.30755543   0.31792234   0.32354590   0.38369657   0.38454155   0.39915178   0.41457641   
12.00000000    0.15641612   0.19574548   0.22169706   0.23254790   0.23542842   0.24553591   0.29385081   0.31048351   0.31211326   0.32658084   0.33292850   0.37624996   0.38661619   0.40120965   0.42191579   
13.00000000    0.16602284   0.21092526   0.23702398   0.24747475   0.24875410   0.25981433   0.28785329   0.32032444   0.32283325   0.33574934   0.34276493   0.36847569   0.38883142   0.40285493   0.42906123   
14.00000000    0.17525339   0.22568863   0.25259563   0.26251004   0.26261128   0.27438250   0.28103685   0.33140629   0.33420089   0.34535728   0.35298634   0.36041877   0.39117101   0.40420684   0.43270704   
15.00000000    0.18411216   0.23996379   0.26749700   0.27467297   0.27668676   0.27820276   0.28918934   0.34317434   0.34598184   0.35127163   0.35614549   0.36354833   0.39361025   0.40531622   0.43029407   
16.00000000    0.19255746   0.25369111   0.26596447   0.28537803   0.29127133   0.29351451   0.30419058   0.35545548   0.34277428   0.35810450   0.36636136   0.37433810   0.39610485   0.40617361   0.41763902   
17.00000000    0.20046221   0.25927362   0.26683109   0.30143676   0.30623936   0.30910656   0.31934614   0.36815136   0.33349709   0.37050776   0.37736360   0.38525058   0.39837172   0.40102294   0.40359896   
18.00000000    0.20750617   0.25297511   0.27936658   0.31777485   0.32153933   0.32374859   0.32479648   0.33461890   0.38114905   0.38310135   0.38410111   0.38528418   0.38790370   0.38890788   0.39417228   
19.00000000    0.21290195   0.24800640   0.29129759   0.31347122   0.33424211   0.33717322   0.34055110   0.34996001   0.36742185   0.36911358   0.37213309   0.38072916   0.39422996   0.39581982   0.40067992   
20.00000000    0.21508008   0.24596819   0.30214085   0.30318700   0.35064559   0.35095129   0.35285644   0.35322595   0.35618902   0.35649773   0.36444728   0.36630213   0.40337178   0.40365710   0.41160147   
21.00000000    0.21533632   0.24611915   0.30240558   0.30347387   0.35106158   0.35136273   0.35325713   0.35362306   0.35658972   0.35686954   0.36483333   0.36668788   0.39896065   0.40639116   0.40816032   
22.00000000    0.21610188   0.24657128   0.30319552   0.30433046   0.35230662   0.35259400   0.35445684   0.35481211   0.35778633   0.35797769   0.36598871   0.36784233   0.39387752   0.40572274   0.40955251   
23.00000000    0.21736736   0.24732134   0.30449831   0.30574462   0.35437191   0.35463603   0.35644881   0.35678698   0.35975782   0.35980061   0.36790463   0.36975692   0.38861208   0.40328252   0.41131960   
24.00000000    0.21911743   0.24836399   0.30629371   0.30769690   0.35724287   0.35747203   0.35922176   0.35953706   0.36227797   0.36247048   0.37056695   0.37241764   0.38332737   0.39969829   0.41376171   
25.00000000    0.22133140   0.24969193   0.30855444   0.31016138   0.36089833   0.36107128   0.36276031   0.36304798   0.36530653   0.36578108   0.37395605   0.37580512   0.37821667   0.39544516   0.41687623   
26.00000000    0.22398387   0.25129595   0.31124723   0.31310680   0.36523749   0.36535743   0.36704524   0.36730171   0.36837985   0.36894864   0.37439697   0.37804701   0.37989475   0.39106769   0.42065201   
27.00000000    0.22704542   0.25316513   0.31433421   0.31649754   0.36549399   0.37045934   0.37205379   0.37227671   0.37091955   0.37156878   0.37658256   0.38280982   0.38465676   0.38757712   0.42506944   
28.00000000    0.23048321   0.25528686   0.31777442   0.32029485   0.36074619   0.37153026   0.37776016   0.37794820   0.37637874   0.37663026   0.38185060   0.38724257   0.38820851   0.39005547   0.43011038   
29.00000000    0.23426140   0.25764685   0.32152523   0.32445781   0.35562505   0.36807790   0.38413592   0.38428876   0.38291300   0.38310738   0.38804609   0.39091860   0.39419829   0.39604733   0.43575206   
30.00000000    0.23834124   0.26022908   0.32554376   0.32894440   0.35047238   0.36300573   0.39115037   0.39126809   0.39009397   0.39024949   0.39491191   0.39673513   0.40071231   0.40257376   0.42343747   
31.00000000    0.24268069   0.26301538   0.32978797   0.33371217   0.34536091   0.35736839   0.39877007   0.39885099   0.39788252   0.39800764   0.40235879   0.40366621   0.40756458   0.40953241   0.41898583   
32.00000000    0.24723312   0.26598471   0.33421760   0.33871880   0.34032510   0.35152001   0.40694495   0.40697402   0.40624318   0.40634342   0.41032404   0.41138004   0.41206919   0.41653706   0.41743186   
33.00000000    0.25194477   0.26911170   0.33539307   0.33879463   0.34392214   0.34561599   0.40823670   0.41564932   0.41514111   0.41522097   0.41583079   0.41875731   0.41974037   0.42189668   0.42410453   
34.00000000    0.25674962   0.27236376   0.33059693   0.33975779   0.34348320   0.34927926   0.40355736   0.41918338   0.42454243   0.42460588   0.42500818   0.42511875   0.42762485   0.42866019   0.43227004   
35.00000000    0.26156031   0.27569544   0.32598143   0.33404307   0.34824865   0.35474434   0.39873285   0.41424254   0.43441392   0.43446495   0.43469266   0.43476815   0.43690316   0.43806700   0.44083763   
36.00000000    0.26625061   0.27903677   0.32161661   0.32859700   0.35305427   0.36026198   0.39388702   0.40886330   0.44472282   0.44476637   0.44482092   0.44492316   0.44656784   0.44790084   0.44960823   
37.00000000    0.27062423   0.28226823   0.31762192   0.32361101   0.35785197   0.36574884   0.38907554   0.40342301   0.45531978   0.45543409   0.45547968   0.45548549   0.45659216   0.45811132   0.45842730   
38.00000000    0.27436524   0.28516844   0.31421308   0.31940107   0.36254894   0.37102913   0.38439806   0.39814094   0.46580971   0.46636864   0.46647920   0.46657554   0.46697816   0.46733400   0.46865191   
39.00000000    0.27699539   0.28732894   0.31177560   0.31646352   0.36684113   0.37551455   0.38025791   0.39351450   0.47389538   0.47705058   0.47740770   0.47792384   0.47802380   0.47809526   0.47946874   
40.00000000    0.27796284   0.28816154   0.31085784   0.31538685   0.36915137   0.37677669   0.37892792   0.39127599   0.47760958   0.48273950   0.48725041   0.48829633   0.48867515   0.48888108   0.48960522   
41.00000000    0.27466940   0.28836707   0.31412660   0.31556198   0.36473225   0.37702331   0.37845192   0.39591369   0.46590124   0.46596027   0.46654648   0.46751346   0.48290515   0.48947622   0.48970050   
42.00000000    0.26693875   0.28916468   0.31608050   0.32159633   0.35496968   0.37775436   0.37886368   0.40447789   0.44212869   0.44237478   0.44514216   0.44798299   0.48048181   0.48411042   0.48469768   
43.00000000    0.25732196   0.29058865   0.31692397   0.33065869   0.34315805   0.37893788   0.38012760   0.41366453   0.41835099   0.41894585   0.42266120   0.42750830   0.46557511   0.46587631   0.46697906   
44.00000000    0.24684329   0.29259535   0.31804783   0.33009862   0.34029175   0.38046616   0.38198780   0.39569812   0.39464616   0.40019904   0.40630562   0.42284153   0.44623517   0.44701368   0.44998017   
45.00000000    0.23585914   0.29515097   0.31593634   0.31934625   0.35007106   0.37255321   0.38053280   0.38451818   0.37107495   0.37789743   0.38660188   0.42590318   0.42822687   0.43221698   0.43415544   
46.00000000    0.22450098   0.29822218   0.30066361   0.32047391   0.34724141   0.34986491   0.35610971   0.36202321   0.36021145   0.38563149   0.38739570   0.40609737   0.41004915   0.41064217   0.41831565   
47.00000000    0.21281305   0.28423451   0.30175991   0.31933386   0.32398871   0.32757786   0.33690036   0.34041719   0.36949550   0.38722530   0.38746627   0.39059158   0.39164918   0.39371719   0.40317698   
48.00000000    0.20079737   0.26660738   0.30051271   0.30584975   0.30602750   0.30630012   0.31883181   0.32975270   0.36665565   0.37404513   0.37716645   0.38111859   0.38288414   0.39460725   0.39508360   
49.00000000    0.18842832   0.24777916   0.27769207   0.28481215   0.28585251   0.29746333   0.31024434   0.32959735   0.34937077   0.35795873   0.36170362   0.36888364   0.39003702   0.39706063   0.39873808   
50.00000000    0.17565474   0.22781864   0.25503740   0.26455995   0.26456025   0.27643293   0.31479280   0.32707641   0.33260659   0.34633406   0.34711237   0.35410047   0.39913661   0.40055011   0.40319584   
51.00000000    0.16239367   0.20687583   0.23284118   0.24336566   0.24514131   0.25586467   0.31433575   0.31693989   0.32211476   0.33345437   0.33977165   0.34366460   0.40433201   0.40759725   0.40789663   
52.00000000    0.14851690   0.18515012   0.21132695   0.22255811   0.22658860   0.23590672   0.30042637   0.30346328   0.32079726   0.32620916   0.32649271   0.34561274   0.40778451   0.41256455   0.41349635   
53.00000000    0.13383555   0.16284054   0.19081765   0.20235477   0.20897172   0.21674741   0.28677605   0.29003875   0.30922543   0.31362357   0.33215250   0.34884954   0.40597380   0.40859987   0.41204172   
54.00000000    0.11810448   0.14011298   0.17175418   0.18300483   0.19243981   0.19863282   0.27445213   0.27756048   0.29884076   0.30220476   0.33814068   0.35257974   0.39725579   0.40435469   0.40543505   
55.00000000    0.10108945   0.11709227   0.15464959   0.16483839   0.17724237   0.18188685   0.26368161   0.26641595   0.28975891   0.29213632   0.34432842   0.35651750   0.38966318   0.39886258   0.39944091   
56.00000000    0.08270162   0.09386822   0.13997418   0.14831059   0.16373647   0.16693086   0.25462865   0.25687802   0.28210271   0.28359581   0.35061635   0.36046196   0.38333759   0.39391154   0.39444213   
57.00000000    0.06308272   0.07050503   0.12808036   0.13404283   0.15238053   0.15429321   0.24743138   0.24917841   0.27599328   0.27674918   0.35685941   0.36417321   0.37834967   0.37991467   0.38989529   
58.00000000    0.04253794   0.04704967   0.11925483   0.12283505   0.14370284   0.14458827   0.24220358   0.24351666   0.27153998   0.27174187   0.36276667   0.36727776   0.37474820   0.37646072   0.38695697   
59.00000000    0.02140763   0.02353814   0.11378734   0.11558749   0.13822670   0.13843777   0.23903105   0.24005087   0.26868831   0.26883017   0.36761965   0.36921570   0.37256121   0.37465405   0.38516900   
60.00000000    0.00000000   0.00000000   0.11193030   0.11306804   0.13632573   0.13635100   0.23796745   0.23888370   0.26766200   0.26792039   0.36973750   0.36975343   0.37180126   0.37424135   0.38456921   
61.00000000    0.02157862   0.02353810   0.11447560   0.11492508   0.13820051   0.13846352   0.23914454   0.23993856   0.26856952   0.26894858   0.36783771   0.36896859   0.37277793   0.37422240   0.38514161   
62.00000000    0.04290746   0.04704930   0.12038495   0.12179187   0.14367378   0.14461547   0.24264010   0.24308481   0.27127253   0.27200778   0.36340530   0.36603265   0.37507455   0.37575351   0.38685458   
63.00000000    0.06370746   0.07050369   0.12917465   0.13309199   0.15234643   0.15432279   0.24826851   0.24835179   0.27571451   0.27702461   0.35759305   0.36180692   0.37869820   0.37918440   0.38969613   
64.00000000    0.08366375   0.09386474   0.14098031   0.14745875   0.16369481   0.16696373   0.25540365   0.25612260   0.28180820   0.28388475   0.35112194   0.35719919   0.38367711   0.38416050   0.39364663   
65.00000000    0.10247623   0.11708466   0.15550735   0.16408279   0.17719031   0.18192394   0.26437521   0.26575701   0.28944453   0.29244296   0.34439833   0.35256175   0.38997887   0.39052807   0.39867813   
66.00000000    0.11997357   0.14009783   0.17242790   0.18233996   0.19237435   0.19867512   0.27504080   0.27703263   0.29850298   0.30253343   0.33765777   0.34806157   0.39754143   0.39818760   0.40474542   
67.00000000    0.13619661   0.16281214   0.19131349   0.20177680   0.20889020   0.21679607   0.28721871   0.28969796   0.30886179   0.31397852   0.33107442   0.34382559   0.40625803   0.40704717   0.41167768   
68.00000000    0.15134591   0.18509903   0.21167809   0.22206831   0.22648968   0.23596310   0.30058623   0.30341194   0.32040700   0.32491276   0.32659387   0.34005420   0.40766188   0.41409746   0.41572697   
69.00000000    0.16565634   0.20678722   0.23308446   0.24297522   0.24502640   0.25593046   0.31271497   0.31729638   0.32151833   0.33303926   0.33749451   0.34018676   0.40468499   0.40931367   0.41745502   
70.00000000    0.17931899   0.22767115   0.25520008   0.26430106   0.26443425   0.27651022   0.31102296   0.32627864   0.33337946   0.34112062   0.34667750   0.35453704   0.40134049   0.40449927   0.40842806   
71.00000000    0.19246736   0.24754616   0.27777895   0.28468392   0.28580929   0.29755467   0.30592867   0.32616610   0.34998093   0.35512488   0.36125801   0.36929708   0.39829863   0.39862192   0.39994718   
72.00000000    0.20518914   0.26626105   0.29930165   0.30236175   0.30572757   0.30665563   0.31893995   0.32500175   0.36748565   0.37211631   0.37672372   0.38311007   0.38883016   0.39573261   0.39691950   
73.00000000    0.21753905   0.28375079   0.29615306   0.31772067   0.32410744   0.32746777   0.33371759   0.34054315   0.37676961   0.38795960   0.38833651   0.39012391   0.39142852   0.39350794   0.40477799   
74.00000000    0.22954488   0.29209164   0.30002560   0.31702330   0.34739725   0.34976994   0.35454619   0.36215449   0.36743377   0.38710598   0.38835975   0.40635878   0.40876157   0.41028218   0.41974480   
75.00000000    0.24120397   0.28857054   0.31513632   0.31535436   0.35700505   0.37115736   0.37247915   0.38110898   0.37674187   0.38540032   0.38800345   0.42608715   0.42786836   0.42816847   0.43025173   
76.00000000    0.25246076   0.28568406   0.31380387   0.32914100   0.34689281   0.38218205   0.38278402   0.39468317   0.39562854   0.39920886   0.40689569   0.42125265   0.44636777   0.44672733   0.44733973   
77.00000000    0.26312165   0.28356803   0.31253862   0.33685178   0.34206853   0.38077437   0.38087604   0.41837698   0.41217005   0.41889643   0.42175904   0.42824026   0.46578370   0.46706721   0.46708486   
78.00000000    0.27242442   0.28272427   0.31161266   0.32727961   0.35383438   0.37919678   0.37981517   0.44214686   0.40322583   0.44233900   0.44429763   0.44910494   0.48453790   0.48680616   0.48800989   
79.00000000    0.27732230   0.28528380   0.31104984   0.31913837   0.36389402   0.37787356   0.37915257   0.39520399   0.46589299   0.46597165   0.46672495   0.46855447   0.47836578   0.48981874   0.49018251   
80.00000000    0.27796184   0.28816122   0.31086126   0.31539091   0.36915102   0.37677746   0.37892822   0.39127645   0.47760869   0.48273916   0.48725039   0.48829699   0.48867557   0.48888103   0.48960199   
