0.24000000 0.00041960
0.24006000 0.00045439
0.24012000 0.00049192
0.24018000 0.00053236
0.24024000 0.00057595
0.24030000 0.00062291
0.24036000 0.00067348
0.24042000 0.00072792
0.24048000 0.00078650
0.24054000 0.00084953
0.24060000 0.00091732
0.24066000 0.00099020
0.24072000 0.00106852
0.24078000 0.00115268
0.24084000 0.00124306
0.24090000 0.00134011
0.24096000 0.00144428
0.24102000 0.00155605
0.24108000 0.00167593
0.24114000 0.00180448
0.24120000 0.00194228
0.24126000 0.00208994
0.24132000 0.00224811
0.24138000 0.00241750
0.24144000 0.00259883
0.24150000 0.00279288
0.24156000 0.00300047
0.24162000 0.00322249
0.24168000 0.00345985
0.24174000 0.00371352
0.24180000 0.00398455
0.24186000 0.00427402
0.24192000 0.00458309
0.24198000 0.00491296
0.24204000 0.00526494
0.24210000 0.00564037
0.24216000 0.00604069
0.24222000 0.00646740
0.24228000 0.00692210
0.24234000 0.00740645
0.24240000 0.00792222
0.24246000 0.00847128
0.24252000 0.00905557
0.24258000 0.00967714
0.24264000 0.01033816
0.24270000 0.01104089
0.24276000 0.01178773
0.24282000 0.01258117
0.24288000 0.01342383
0.24294000 0.01431849
0.24300000 0.01526802
0.24306000 0.01627545
0.24312000 0.01734397
0.24318000 0.01847688
0.24324000 0.01967768
0.24330000 0.02094999
0.24336000 0.02229764
0.24342000 0.02372459
0.24348000 0.02523501
0.24354000 0.02683324
0.24360000 0.02852382
0.24366000 0.03031147
0.24372000 0.03220113
0.24378000 0.03419795
0.24384000 0.03630729
0.24390000 0.03853473
0.24396000 0.04088609
0.24402000 0.04336742
0.24408000 0.04598501
0.24414000 0.04874541
0.24420000 0.05165541
0.24426000 0.05472207
0.24432000 0.05795272
0.24438000 0.06135497
0.24444000 0.06493671
0.24450000 0.06870611
0.24456000 0.07267165
0.24462000 0.07684209
0.24468000 0.08122651
0.24474000 0.08583431
0.24480000 0.09067519
0.24486000 0.09575920
0.24492000 0.10109669
0.24498000 0.10669836
0.24504000 0.11257526
0.24510000 0.11873876
0.24516000 0.12520060
0.24522000 0.13197287
0.24528000 0.13906800
0.24534000 0.14649879
0.24540000 0.15427840
0.24546000 0.16242037
0.24552000 0.17093859
0.24558000 0.17984731
0.24564000 0.18916117
0.24570000 0.19889517
0.24576000 0.20906468
0.24582000 0.21968544
0.24588000 0.23077355
0.24594000 0.24234548
0.24600000 0.25441807
0.24606000 0.26700851
0.24612000 0.28013434
0.24618000 0.29381346
0.24624000 0.30806410
0.24630000 0.32290485
0.24636000 0.33835461
0.24642000 0.35443261
0.24648000 0.37115837
0.24654000 0.38855175
0.24660000 0.40663287
0.24666000 0.42542213
0.24672000 0.44494020
0.24678000 0.46520800
0.24684000 0.48624669
0.24690000 0.50807762
0.24696000 0.53072238
0.24702000 0.55420270
0.24708000 0.57854050
0.24714000 0.60375782
0.24720000 0.62987683
0.24726000 0.65691979
0.24732000 0.68490901
0.24738000 0.71386687
0.24744000 0.74381575
0.24750000 0.77477802
0.24756000 0.80677599
0.24762000 0.83983193
0.24768000 0.87396798
0.24774000 0.90920613
0.24780000 0.94556823
0.24786000 0.98307590
0.24792000 1.02175051
0.24798000 1.06161315
0.24804000 1.10268460
0.24810000 1.14498526
0.24816000 1.18853514
0.24822000 1.23335381
0.24828000 1.27946032
0.24834000 1.32687323
0.24840000 1.37561051
0.24846000 1.42568949
0.24852000 1.47712686
0.24858000 1.52993859
0.24864000 1.58413987
0.24870000 1.63974512
0.24876000 1.69676787
0.24882000 1.75522077
0.24888000 1.81511550
0.24894000 1.87646274
0.24900000 1.93927213
0.24906000 2.00355222
0.24912000 2.06931038
0.24918000 2.13655281
0.24924000 2.20528446
0.24930000 2.27550897
0.24936000 2.34722867
0.24942000 2.42044448
0.24948000 2.49515589
0.24954000 2.57136091
0.24960000 2.64905605
0.24966000 2.72823623
0.24972000 2.80889476
0.24978000 2.89102332
0.24984000 2.97461188
0.24990000 3.05964871
0.24996000 3.14612030
0.25002000 3.23401135
0.25008000 3.32330473
0.25014000 3.41398145
0.25020000 3.50602065
0.25026000 3.59939953
0.25032000 3.69409338
0.25038000 3.79007553
0.25044000 3.88731731
0.25050000 3.98578810
0.25056000 4.08545524
0.25062000 4.18628409
0.25068000 4.28823797
0.25074000 4.39127819
0.25080000 4.49536401
0.25086000 4.60045272
0.25092000 4.70649955
0.25098000 4.81345775
0.25104000 4.92127858
0.25110000 5.02991131
0.25116000 5.13930328
0.25122000 5.24939990
0.25128000 5.36014465
0.25134000 5.47147918
0.25140000 5.58334329
0.25146000 5.69567498
0.25152000 5.80841051
0.25158000 5.92148444
0.25164000 6.03482966
0.25170000 6.14837749
0.25176000 6.26205769
0.25182000 6.37579854
0.25188000 6.48952691
0.25194000 6.60316835
0.25200000 6.71664710
0.25206000 6.82988623
0.25212000 6.94280771
0.25218000 7.05533244
0.25224000 7.16738039
0.25230000 7.27887070
0.25236000 7.38972170
0.25242000 7.49985108
0.25248000 7.60917594
0.25254000 7.71761292
0.25260000 7.82507828
0.25266000 7.93148802
0.25272000 8.03675797
0.25278000 8.14080391
0.25284000 8.24354169
0.25290000 8.34488731
0.25296000 8.44475707
0.25302000 8.54306765
0.25308000 8.63973624
0.25314000 8.73468066
0.25320000 8.82781948
0.25326000 8.91907209
0.25332000 9.00835890
0.25338000 9.09560137
0.25344000 9.18072217
0.25350000 9.26364528
0.25356000 9.34429613
0.25362000 9.42260165
0.25368000 9.49849045
0.25374000 9.57189290
0.25380000 9.64274121
0.25386000 9.71096958
0.25392000 9.77651428
0.25398000 9.83931373
0.25404000 9.89930865
0.25410000 9.95644209
0.25416000 10.01065958
0.25422000 10.06190917
0.25428000 10.11014154
0.25434000 10.15531006
0.25440000 10.19737090
0.25446000 10.23628305
0.25452000 10.27200845
0.25458000 10.30451199
0.25464000 10.33376160
0.25470000 10.35972832
0.25476000 10.38238630
0.25482000 10.40171290
0.25488000 10.41768866
0.25494000 10.43029742
0.25500000 10.43952626
0.25506000 10.44536559
0.25512000 10.44780911
0.25518000 10.44685388
0.25524000 10.44250028
0.25530000 10.43475202
0.25536000 10.42361617
0.25542000 10.40910308
0.25548000 10.39122645
0.25554000 10.37000323
0.25560000 10.34545364
0.25566000 10.31760112
0.25572000 10.28647231
0.25578000 10.25209699
0.25584000 10.21450802
0.25590000 10.17374134
0.25596000 10.12983583
0.25602000 10.08283335
0.25608000 10.03277857
0.25614000 9.97971898
0.25620000 9.92370477
0.25626000 9.86478875
0.25632000 9.80302631
0.25638000 9.73847527
0.25644000 9.67119584
0.25650000 9.60125050
0.25656000 9.52870392
0.25662000 9.45362282
0.25668000 9.37607593
0.25674000 9.29613385
0.25680000 9.21386891
0.25686000 9.12935513
0.25692000 9.04266805
0.25698000 8.95388466
0.25704000 8.86308324
0.25710000 8.77034329
0.25716000 8.67574539
0.25722000 8.57937108
0.25728000 8.48130276
0.25734000 8.38162354
0.25740000 8.28041718
0.25746000 8.17776791
0.25752000 8.07376035
0.25758000 7.96847938
0.25764000 7.86201006
0.25770000 7.75443745
0.25776000 7.64584655
0.25782000 7.53632220
0.25788000 7.42594891
0.25794000 7.31481083
0.25800000 7.20299156
0.25806000 7.09057415
0.25812000 6.97764090
0.25818000 6.86427334
0.25824000 6.75055208
0.25830000 6.63655677
0.25836000 6.52236598
0.25842000 6.40805711
0.25848000 6.29370634
0.25854000 6.17938852
0.25860000 6.06517711
0.25866000 5.95114413
0.25872000 5.83736004
0.25878000 5.72389374
0.25884000 5.61081247
0.25890000 5.49818175
0.25896000 5.38606537
0.25902000 5.27452530
0.25908000 5.16362167
0.25914000 5.05341272
0.25920000 4.94395475
0.25926000 4.83530214
0.25932000 4.72750727
0.25938000 4.62062050
0.25944000 4.51469019
0.25950000 4.40976263
0.25956000 4.30588208
0.25962000 4.20309072
0.25968000 4.10142864
0.25974000 4.00093391
0.25980000 3.90164247
0.25986000 3.80358824
0.25992000 3.70680305
0.25998000 3.61131671
0.26004000 3.51715696
0.26010000 3.42434956
0.26016000 3.33291826
0.26022000 3.24288484
0.26028000 3.15426912
0.26034000 3.06708902
0.26040000 2.98136055
0.26046000 2.89709789
0.26052000 2.81431337
0.26058000 2.73301755
0.26064000 2.65321923
0.26070000 2.57492551
0.26076000 2.49814182
0.26082000 2.42287198
0.26088000 2.34911822
0.26094000 2.27688123
0.26100000 2.20616022
0.26106000 2.13695298
0.26112000 2.06925587
0.26118000 2.00306395
0.26124000 1.93837097
0.26130000 1.87516943
0.26136000 1.81345065
0.26142000 1.75320482
0.26148000 1.69442102
0.26154000 1.63708731
0.26160000 1.58119076
0.26166000 1.52671749
0.26172000 1.47365276
0.26178000 1.42198096
0.26184000 1.37168574
0.26190000 1.32274998
0.26196000 1.27515587
0.26202000 1.22888499
0.26208000 1.18391829
0.26214000 1.14023621
0.26220000 1.09781866
0.26226000 1.05664511
0.26232000 1.01669462
0.26238000 0.97794588
0.26244000 0.94037723
0.26250000 0.90396675
0.26256000 0.86869227
0.26262000 0.83453138
0.26268000 0.80146154
0.26274000 0.76946005
0.26280000 0.73850410
0.26286000 0.70857083
0.26292000 0.67963733
0.26298000 0.65168069
0.26304000 0.62467802
0.26310000 0.59860649
0.26316000 0.57344332
0.26322000 0.54916588
0.26328000 0.52575163
0.26334000 0.50317819
0.26340000 0.48142337
0.26346000 0.46046516
0.26352000 0.44028176
0.26358000 0.42085161
0.26364000 0.40215340
0.26370000 0.38416608
0.26376000 0.36686887
0.26382000 0.35024130
0.26388000 0.33426320
0.26394000 0.31891472
0.26400000 0.30417631
0.26406000 0.29002880
0.26412000 0.27645332
0.26418000 0.26343139
0.26424000 0.25094488
0.26430000 0.23897600
0.26436000 0.22750735
0.26442000 0.21652190
0.26448000 0.20600301
0.26454000 0.19593438
0.26460000 0.18630014
0.26466000 0.17708476
0.26472000 0.16827312
0.26478000 0.15985045
0.26484000 0.15180240
0.26490000 0.14411498
0.26496000 0.13677456
0.26502000 0.12976792
0.26508000 0.12308219
0.26514000 0.11670487
0.26520000 0.11062383
0.26526000 0.10482730
0.26532000 0.09930386
0.26538000 0.09404246
0.26544000 0.08903238
0.26550000 0.08426324
0.26556000 0.07972500
0.26562000 0.07540797
0.26568000 0.07130274
0.26574000 0.06740027
0.26580000 0.06369179
0.26586000 0.06016886
0.26592000 0.05682332
0.26598000 0.05364731
0.26604000 0.05063327
0.26610000 0.04777389
0.26616000 0.04506216
0.26622000 0.04249131
0.26628000 0.04005485
0.26634000 0.03774652
0.26640000 0.03556032
0.26646000 0.03349048
0.26652000 0.03153146
0.26658000 0.02967795
0.26664000 0.02792485
0.26670000 0.02626727
0.26676000 0.02470053
0.26682000 0.02322014
0.26688000 0.02182181
0.26694000 0.02050143
0.26700000 0.01925507
0.26706000 0.01807896
0.26712000 0.01696951
0.26718000 0.01592330
0.26724000 0.01493703
0.26730000 0.01400759
0.26736000 0.01313199
0.26742000 0.01230737
0.26748000 0.01153104
0.26754000 0.01080039
0.26760000 0.01011296
0.26766000 0.00946642
0.26772000 0.00885852
0.26778000 0.00828715
0.26784000 0.00775028
0.26790000 0.00724600
0.26796000 0.00677248
0.26802000 0.00632799
0.26808000 0.00591088
0.26814000 0.00551960
0.26820000 0.00515267
0.26826000 0.00480868
0.26832000 0.00448629
0.26838000 0.00418427
0.26844000 0.00390139
0.26850000 0.00363655
0.26856000 0.00338866
0.26862000 0.00315673
0.26868000 0.00293978
0.26874000 0.00273692
0.26880000 0.00254729
0.26886000 0.00237009
0.26892000 0.00220456
0.26898000 0.00204997
0.26904000 0.00190565
0.26910000 0.00177096
0.26916000 0.00164529
0.26922000 0.00152809
0.26928000 0.00141881
0.26934000 0.00131694
0.26940000 0.00122203
0.26946000 0.00113362
0.26952000 0.00105129
0.26958000 0.00097464
0.26964000 0.00090331
0.26970000 0.00083695
0.26976000 0.00077524
0.26982000 0.00071786
0.26988000 0.00066452
0.26994000 0.00061497
0.27000000 0.00056894
