0.24000000 0.00250539
0.24006000 0.00271527
0.24012000 0.00294135
0.24018000 0.00318474
0.24024000 0.00344659
0.24030000 0.00372814
0.24036000 0.00403068
0.24042000 0.00435561
0.24048000 0.00470437
0.24054000 0.00507851
0.24060000 0.00547968
0.24066000 0.00590959
0.24072000 0.00637008
0.24078000 0.00686310
0.24084000 0.00739070
0.24090000 0.00795505
0.24096000 0.00855846
0.24102000 0.00920337
0.24108000 0.00989237
0.24114000 0.01062818
0.24120000 0.01141370
0.24126000 0.01225200
0.24132000 0.01314631
0.24138000 0.01410008
0.24144000 0.01511694
0.24150000 0.01620072
0.24156000 0.01735550
0.24162000 0.01858557
0.24168000 0.01989548
0.24174000 0.02129004
0.24180000 0.02277433
0.24186000 0.02435369
0.24192000 0.02603381
0.24198000 0.02782064
0.24204000 0.02972051
0.24210000 0.03174004
0.24216000 0.03388626
0.24222000 0.03616653
0.24228000 0.03858862
0.24234000 0.04116072
0.24240000 0.04389141
0.24246000 0.04678974
0.24252000 0.04986518
0.24258000 0.05312770
0.24264000 0.05658775
0.24270000 0.06025627
0.24276000 0.06414473
0.24282000 0.06826515
0.24288000 0.07263009
0.24294000 0.07725267
0.24300000 0.08214662
0.24306000 0.08732624
0.24312000 0.09280648
0.24318000 0.09860289
0.24324000 0.10473169
0.24330000 0.11120975
0.24336000 0.11805461
0.24342000 0.12528451
0.24348000 0.13291840
0.24354000 0.14097591
0.24360000 0.14947742
0.24366000 0.15844406
0.24372000 0.16789769
0.24378000 0.17786093
0.24384000 0.18835718
0.24390000 0.19941063
0.24396000 0.21104624
0.24402000 0.22328977
0.24408000 0.23616781
0.24414000 0.24970774
0.24420000 0.26393778
0.24426000 0.27888697
0.24432000 0.29458520
0.24438000 0.31106319
0.24444000 0.32835252
0.24450000 0.34648563
0.24456000 0.36549580
0.24462000 0.38541720
0.24468000 0.40628487
0.24474000 0.42813472
0.24480000 0.45100357
0.24486000 0.47492909
0.24492000 0.49994987
0.24498000 0.52610540
0.24504000 0.55343607
0.24510000 0.58198317
0.24516000 0.61178893
0.24522000 0.64289647
0.24528000 0.67534985
0.24534000 0.70919407
0.24540000 0.74447503
0.24546000 0.78123961
0.24552000 0.81953559
0.24558000 0.85941173
0.24564000 0.90091770
0.24570000 0.94410415
0.24576000 0.98902267
0.24582000 1.03572578
0.24588000 1.08426697
0.24594000 1.13470067
0.24600000 1.18708225
0.24606000 1.24146801
0.24612000 1.29791518
0.24618000 1.35648190
0.24624000 1.41722723
0.24630000 1.48021109
0.24636000 1.54549428
0.24642000 1.61313845
0.24648000 1.68320607
0.24654000 1.75576037
0.24660000 1.83086538
0.24666000 1.90858578
0.24672000 1.98898699
0.24678000 2.07213498
0.24684000 2.15809634
0.24690000 2.24693813
0.24696000 2.33872785
0.24702000 2.43353336
0.24708000 2.53142281
0.24714000 2.63246453
0.24720000 2.73672695
0.24726000 2.84427851
0.24732000 2.95518753
0.24738000 3.06952208
0.24744000 3.18734990
0.24750000 3.30873825
0.24756000 3.43375374
0.24762000 3.56246223
0.24768000 3.69492863
0.24774000 3.83121678
0.24780000 3.97138925
0.24786000 4.11550719
0.24792000 4.26363012
0.24798000 4.41581574
0.24804000 4.57211978
0.24810000 4.73259574
0.24816000 4.89729473
0.24822000 5.06626523
0.24828000 5.23955289
0.24834000 5.41720031
0.24840000 5.59924681
0.24846000 5.78572825
0.24852000 5.97667674
0.24858000 6.17212046
0.24864000 6.37208344
0.24870000 6.57658533
0.24876000 6.78564116
0.24882000 6.99926116
0.24888000 7.21745054
0.24894000 7.44020924
0.24900000 7.66753182
0.24906000 7.89940716
0.24912000 8.13581837
0.24918000 8.37674255
0.24924000 8.62215065
0.24930000 8.87200731
0.24936000 9.12627074
0.24942000 9.38489254
0.24948000 9.64781762
0.24954000 9.91498409
0.24960000 10.18632317
0.24966000 10.46175912
0.24972000 10.74120918
0.24978000 11.02458353
0.24984000 11.31178527
0.24990000 11.60271042
0.24996000 11.89724792
0.25002000 12.19527969
0.25008000 12.49668064
0.25014000 12.80131878
0.25020000 13.10905528
0.25026000 13.41974458
0.25032000 13.73323453
0.25038000 14.04936651
0.25044000 14.36797561
0.25050000 14.68889080
0.25056000 15.01193510
0.25062000 15.33692584
0.25068000 15.66367483
0.25074000 15.99198865
0.25080000 16.32166887
0.25086000 16.65251232
0.25092000 16.98431139
0.25098000 17.31685430
0.25104000 17.64992541
0.25110000 17.98330550
0.25116000 18.31677215
0.25122000 18.65010000
0.25128000 18.98306111
0.25134000 19.31542527
0.25140000 19.64696039
0.25146000 19.97743276
0.25152000 20.30660745
0.25158000 20.63424863
0.25164000 20.96011990
0.25170000 21.28398461
0.25176000 21.60560625
0.25182000 21.92474871
0.25188000 22.24117663
0.25194000 22.55465571
0.25200000 22.86495303
0.25206000 23.17183733
0.25212000 23.47507931
0.25218000 23.77445188
0.25224000 24.06973051
0.25230000 24.36069340
0.25236000 24.64712178
0.25242000 24.92880014
0.25248000 25.20551643
0.25254000 25.47706234
0.25260000 25.74323342
0.25266000 26.00382935
0.25272000 26.25865407
0.25278000 26.50751597
0.25284000 26.75022805
0.25290000 26.98660805
0.25296000 27.21647863
0.25302000 27.43966744
0.25308000 27.65600731
0.25314000 27.86533628
0.25320000 28.06749778
0.25326000 28.26234066
0.25332000 28.44971932
0.25338000 28.62949378
0.25344000 28.80152975
0.25350000 28.96569870
0.25356000 29.12187792
0.25362000 29.26995060
0.25368000 29.40980589
0.25374000 29.54133891
0.25380000 29.66445087
0.25386000 29.77904908
0.25392000 29.88504700
0.25398000 29.98236432
0.25404000 30.07092697
0.25410000 30.15066721
0.25416000 30.22152363
0.25422000 30.28344125
0.25428000 30.33637155
0.25434000 30.38027250
0.25440000 30.41510865
0.25446000 30.44085114
0.25452000 30.45747779
0.25458000 30.46497311
0.25464000 30.46332839
0.25470000 30.45254173
0.25476000 30.43261808
0.25482000 30.40356930
0.25488000 30.36541419
0.25494000 30.31817857
0.25500000 30.26189525
0.25506000 30.19660414
0.25512000 30.12235221
0.25518000 30.03919357
0.25524000 29.94718944
0.25530000 29.84640820
0.25536000 29.73692536
0.25542000 29.61882358
0.25548000 29.49219262
0.25554000 29.35712937
0.25560000 29.21373775
0.25566000 29.06212873
0.25572000 28.90242020
0.25578000 28.73473696
0.25584000 28.55921060
0.25590000 28.37597944
0.25596000 28.18518837
0.25602000 27.98698876
0.25608000 27.78153832
0.25614000 27.56900094
0.25620000 27.34954653
0.25626000 27.12335083
0.25632000 26.89059523
0.25638000 26.65146654
0.25644000 26.40615679
0.25650000 26.15486299
0.25656000 25.89778685
0.25662000 25.63513458
0.25668000 25.36711655
0.25674000 25.09394706
0.25680000 24.81584400
0.25686000 24.53302859
0.25692000 24.24572502
0.25698000 23.95416017
0.25704000 23.65856326
0.25710000 23.35916551
0.25716000 23.05619981
0.25722000 22.74990037
0.25728000 22.44050239
0.25734000 22.12824170
0.25740000 21.81335439
0.25746000 21.49607650
0.25752000 21.17664365
0.25758000 20.85529068
0.25764000 20.53225137
0.25770000 20.20775802
0.25776000 19.88204120
0.25782000 19.55532936
0.25788000 19.22784858
0.25794000 18.89982220
0.25800000 18.57147057
0.25806000 18.24301075
0.25812000 17.91465623
0.25818000 17.58661668
0.25824000 17.25909770
0.25830000 16.93230056
0.25836000 16.60642202
0.25842000 16.28165407
0.25848000 15.95818379
0.25854000 15.63619315
0.25860000 15.31585882
0.25866000 14.99735207
0.25872000 14.68083860
0.25878000 14.36647846
0.25884000 14.05442588
0.25890000 13.74482928
0.25896000 13.43783112
0.25902000 13.13356786
0.25908000 12.83216996
0.25914000 12.53376178
0.25920000 12.23846165
0.25926000 11.94638177
0.25932000 11.65762832
0.25938000 11.37230142
0.25944000 11.09049516
0.25950000 10.81229771
0.25956000 10.53779130
0.25962000 10.26705233
0.25968000 10.00015146
0.25974000 9.73715363
0.25980000 9.47811823
0.25986000 9.22309914
0.25992000 8.97214486
0.25998000 8.72529863
0.26004000 8.48259853
0.26010000 8.24407760
0.26016000 8.00976400
0.26022000 7.77968110
0.26028000 7.55384762
0.26034000 7.33227778
0.26040000 7.11498144
0.26046000 6.90196422
0.26052000 6.69322764
0.26058000 6.48876930
0.26064000 6.28858294
0.26070000 6.09265869
0.26076000 5.90098310
0.26082000 5.71353937
0.26088000 5.53030742
0.26094000 5.35126408
0.26100000 5.17638318
0.26106000 5.00563571
0.26112000 4.83898998
0.26118000 4.67641167
0.26124000 4.51786405
0.26130000 4.36330804
0.26136000 4.21270236
0.26142000 4.06600367
0.26148000 3.92316663
0.26154000 3.78414409
0.26160000 3.64888716
0.26166000 3.51734534
0.26172000 3.38946659
0.26178000 3.26519752
0.26184000 3.14448341
0.26190000 3.02726836
0.26196000 2.91349538
0.26202000 2.80310649
0.26208000 2.69604280
0.26214000 2.59224463
0.26220000 2.49165160
0.26226000 2.39420268
0.26232000 2.29983633
0.26238000 2.20849056
0.26244000 2.12010301
0.26250000 2.03461102
0.26256000 1.95195177
0.26262000 1.87206226
0.26268000 1.79487948
0.26274000 1.72034041
0.26280000 1.64838213
0.26286000 1.57894189
0.26292000 1.51195715
0.26298000 1.44736566
0.26304000 1.38510554
0.26310000 1.32511528
0.26316000 1.26733389
0.26322000 1.21170085
0.26328000 1.15815625
0.26334000 1.10664079
0.26340000 1.05709585
0.26346000 1.00946351
0.26352000 0.96368662
0.26358000 0.91970883
0.26364000 0.87747464
0.26370000 0.83692940
0.26376000 0.79801937
0.26382000 0.76069176
0.26388000 0.72489471
0.26394000 0.69057738
0.26400000 0.65768992
0.26406000 0.62618351
0.26412000 0.59601038
0.26418000 0.56712381
0.26424000 0.53947817
0.26430000 0.51302889
0.26436000 0.48773250
0.26442000 0.46354663
0.26448000 0.44043000
0.26454000 0.41834242
0.26460000 0.39724482
0.26466000 0.37709921
0.26472000 0.35786867
0.26478000 0.33951741
0.26484000 0.32201066
0.26490000 0.30531474
0.26496000 0.28939703
0.26502000 0.27422594
0.26508000 0.25977088
0.26514000 0.24600229
0.26520000 0.23289162
0.26526000 0.22041125
0.26532000 0.20853454
0.26538000 0.19723578
0.26544000 0.18649018
0.26550000 0.17627384
0.26556000 0.16656372
0.26562000 0.15733765
0.26568000 0.14857428
0.26574000 0.14025306
0.26580000 0.13235423
0.26586000 0.12485879
0.26592000 0.11774848
0.26598000 0.11100576
0.26604000 0.10461378
0.26610000 0.09855634
0.26616000 0.09281794
0.26622000 0.08738365
0.26628000 0.08223919
0.26634000 0.07737085
0.26640000 0.07276548
0.26646000 0.06841048
0.26652000 0.06429378
0.26658000 0.06040381
0.26664000 0.05672949
0.26670000 0.05326022
0.26676000 0.04998583
0.26682000 0.04689661
0.26688000 0.04398326
0.26694000 0.04123687
0.26700000 0.03864893
0.26706000 0.03621132
0.26712000 0.03391624
0.26718000 0.03175627
0.26724000 0.02972431
0.26730000 0.02781358
0.26736000 0.02601759
0.26742000 0.02433018
0.26748000 0.02274544
0.26754000 0.02125776
0.26760000 0.01986176
0.26766000 0.01855236
0.26772000 0.01732466
0.26778000 0.01617406
0.26784000 0.01509613
0.26790000 0.01408669
0.26796000 0.01314174
0.26802000 0.01225750
0.26808000 0.01143038
0.26814000 0.01065695
0.26820000 0.00993399
0.26826000 0.00925842
0.26832000 0.00862733
0.26838000 0.00803798
0.26844000 0.00748777
0.26850000 0.00697422
0.26856000 0.00649502
0.26862000 0.00604797
0.26868000 0.00563101
0.26874000 0.00524218
0.26880000 0.00487966
0.26886000 0.00454170
0.26892000 0.00422670
0.26898000 0.00393312
0.26904000 0.00365952
0.26910000 0.00340458
0.26916000 0.00316703
0.26922000 0.00294569
0.26928000 0.00273945
0.26934000 0.00254730
0.26940000 0.00236826
0.26946000 0.00220144
0.26952000 0.00204600
0.26958000 0.00190116
0.26964000 0.00176619
0.26970000 0.00164042
0.26976000 0.00152320
0.26982000 0.00141396
0.26988000 0.00131216
0.26994000 0.00121728
0.27000000 0.00112885
