# Interlayer distance / a  Band1    Band2   ...
0.00000000        0.31751715       0.33264012       0.33264394       0.41976207       0.44117017       0.44693735       0.46803783       0.46805656       0.48541839       0.48588820       0.48568945       0.48589428       0.48999155       0.49008409       0.49008431       0.49022117       0.49403354       0.49617122       0.49773156       0.49773268       
0.02000000        0.31541452       0.33120470       0.33123420       0.41396790       0.44159318       0.44187206       0.46491439       0.46505289       0.48538762       0.48568951       0.48586693       0.48587025       0.48997795       0.49003677       0.49003805       0.49017396       0.49380202       0.49619981       0.49761004       0.49761502       
0.04000000        0.33546963       0.35261778       0.35266700       0.40839666       0.43714035       0.45604005       0.46226265       0.46229777       0.48543351       0.48583801       0.48582889       0.48585972       0.48996862       0.49005779       0.49005802       0.49014293       0.49415131       0.49705997       0.49759331       0.49759424       
0.06000000        0.34282763       0.35993198       0.35995614       0.40322588       0.43260090       0.45895275       0.45944711       0.45946070       0.48544754       0.48584991       0.48583797       0.48584920       0.48996082       0.49004864       0.49004879       0.49011498       0.49419879       0.49730650       0.49755424       0.49755466       
0.08000000        0.34882084       0.36544771       0.36551855       0.39847553       0.42804239       0.45645867       0.45660575       0.46039816       0.48544546       0.48584631       0.48584076       0.48585644       0.48995870       0.49004316       0.49004445       0.49009815       0.49422502       0.49741752       0.49751100       0.49751268       
0.10000000        0.35360921       0.36964911       0.36967034       0.39382710       0.42378187       0.45372025       0.45375049       0.46130560       0.48544883       0.48586766       0.48583437       0.48584377       0.48995754       0.49003940       0.49003958       0.49008415       0.49424010       0.49748444       0.49748457       0.49751018       
0.12000000        0.35831368       0.37392529       0.37393177       0.38973871       0.42007020       0.45118965       0.45119365       0.46249085       0.48545550       0.48585093       0.48583093       0.48587890       0.48996026       0.49004089       0.49004090       0.49007631       0.49427235       0.49747634       0.49747653       0.49764884       
0.14000000        0.36229502       0.37731593       0.37738301       0.38604709       0.41638453       0.44850888       0.44865981       0.46318014       0.48546128       0.48584078       0.48582652       0.48589433       0.48996547       0.49004411       0.49004523       0.49007495       0.49429259       0.49746035       0.49746104       0.49770240       
0.16000000        0.36545839       0.37984225       0.37984736       0.38232028       0.41288256       0.44611244       0.44613647       0.46347930       0.48546337       0.48582850       0.48582533       0.48591156       0.48997055       0.49004784       0.49004794       0.49007339       0.49430263       0.49745407       0.49745430       0.49774587       
0.18000000        0.36864588       0.37897751       0.38276615       0.38277007       0.40968960       0.44366094       0.44367794       0.46421560       0.48546681       0.48583096       0.48582483       0.48592661       0.48998047       0.49005571       0.49005582       0.49007708       0.49432494       0.49745787       0.49745798       0.49784934       
0.20000000        0.37175751       0.37635807       0.38520611       0.38527064       0.40708293       0.44173231       0.44187789       0.46472643       0.48547130       0.48582946       0.48582528       0.48593841       0.48999032       0.49006565       0.49006662       0.49008442       0.49435227       0.49746867       0.49746896       0.49789617       
0.22000000        0.37336686       0.37397234       0.38679425       0.38679785       0.40419869       0.43971449       0.43973094       0.46478729       0.48547374       0.48582834       0.48582576       0.48594261       0.48999922       0.49007403       0.49007413       0.49008972       0.49436111       0.49747395       0.49747414       0.49791361       
0.24000000        0.37084280       0.37641510       0.38904414       0.38905333       0.40175964       0.43772524       0.43774018       0.46537767       0.48547930       0.48583556       0.48582764       0.48595190       0.49001427       0.49008750       0.49008763       0.49010129       0.49438263       0.49749313       0.49749326       0.49800777       
0.26000000        0.36882867       0.37883478       0.39090922       0.39097233       0.39971250       0.43613618       0.43627417       0.46580172       0.48548474       0.48583346       0.48582989       0.48596527       0.49002741       0.49010078       0.49010171       0.49011329       0.49441105       0.49751452       0.49751538       0.49805524       
0.28000000        0.36654069       0.38064252       0.39225480       0.39225848       0.39750246       0.43453891       0.43454507       0.46586092       0.48549100       0.48583466       0.48582832       0.48596926       0.49003987       0.49011452       0.49011456       0.49012438       0.49442531       0.49752992       0.49753021       0.49807306       
0.30000000        0.36450651       0.38240496       0.39376483       0.39378268       0.39547038       0.43287606       0.43288450       0.46629369       0.48549080       0.48583620       0.48583478       0.48598520       0.49005733       0.49012965       0.49012981       0.49013947       0.49444082       0.49755722       0.49755750       0.49815128       
0.32000000        0.36295309       0.38434009       0.39385524       0.39520328       0.39527140       0.43162311       0.43175087       0.46662122       0.48549674       0.48584331       0.48583834       0.48598957       0.49007313       0.49014550       0.49014640       0.49015475       0.49446923       0.49758619       0.49758747       0.49819716       
0.34000000        0.36118527       0.38580388       0.39213458       0.39625525       0.39626139       0.43038145       0.43038241       0.46670381       0.48550097       0.48584888       0.48584088       0.48598989       0.49008806       0.49016193       0.49016202       0.49016941       0.49448514       0.49760947       0.49760992       0.49821609       
0.36000000        0.35954276       0.38714938       0.39045947       0.39735367       0.39737702       0.42902095       0.42902333       0.46703701       0.48550341       0.48584584       0.48584494       0.48601015       0.49010727       0.49017926       0.49017945       0.49018709       0.49449850       0.49764169       0.49764226       0.49828424       
0.38000000        0.35833696       0.38873265       0.38918970       0.39846996       0.39853542       0.42805109       0.42816452       0.46731771       0.48550904       0.48585096       0.48584941       0.48601867       0.49012503       0.49019705       0.49019794       0.49020478       0.49452773       0.49767656       0.49767820       0.49833271       
0.40000000        0.35733491       0.38805993       0.39033501       0.39963525       0.39964789       0.42734405       0.42737810       0.46751436       0.48551688       0.48585402       0.48585330       0.48602542       0.49014233       0.49021647       0.49021658       0.49022235       0.49457867       0.49770879       0.49770944       0.49836305       
0.42000000        0.35624099       0.38687518       0.39168704       0.40065302       0.40068382       0.42652525       0.42656689       0.46785339       0.48552506       0.48585993       0.48585663       0.48603698       0.49016271       0.49023597       0.49023638       0.49024186       0.49461637       0.49774775       0.49774844       0.49843162       
0.44000000        0.35525097       0.38585373       0.39295633       0.40143984       0.40151206       0.42583174       0.42587476       0.46810229       0.48553115       0.48586347       0.48586153       0.48604878       0.49018331       0.49025574       0.49025653       0.49026184       0.49464624       0.49778926       0.49778959       0.49848832       
0.46000000        0.35417002       0.38468276       0.39396468       0.40208636       0.40211697       0.42498736       0.42507578       0.46820732       0.48553327       0.48586793       0.48586720       0.48605154       0.49020134       0.49027571       0.49027584       0.49028102       0.49466298       0.49781809       0.49782000       0.49850129       
0.48000000        0.35310324       0.38360784       0.39485216       0.40257597       0.40261387       0.42437500       0.42440794       0.46837620       0.48553792       0.48587331       0.48587207       0.48605974       0.49022237       0.49029559       0.49029603       0.49030134       0.49467480       0.49785891       0.49785942       0.49855115       
0.50000000        0.35218682       0.38273483       0.39563604       0.40303647       0.40306778       0.42371324       0.42373408       0.46851883       0.48554018       0.48587720       0.48587686       0.48607071       0.49024357       0.49031589       0.49031613       0.49032250       0.49467924       0.49789745       0.49789779       0.49860777       
0.52000000        0.35110691       0.38161009       0.39606450       0.40308988       0.40319202       0.42288282       0.42296244       0.46854227       0.48554092       0.48588347       0.48588013       0.48606791       0.49025977       0.49033263       0.49033354       0.49034102       0.49466246       0.49792029       0.49792184       0.49860911       
0.54000000        0.35014492       0.38066021       0.39669842       0.40337722       0.40338057       0.42237771       0.42239712       0.46864318       0.48554408       0.48588889       0.48588515       0.48607465       0.49028050       0.49035352       0.49035357       0.49036196       0.49466981       0.49795977       0.49796045       0.49864857       
0.56000000        0.34957183       0.38009642       0.39771571       0.40397275       0.40397794       0.42210188       0.42211202       0.46886668       0.48555508       0.48589336       0.48588646       0.48609049       0.49030573       0.49037800       0.49037802       0.49038628       0.49470211       0.49801051       0.49801072       0.49872356       
0.58000000        0.34894691       0.37930802       0.39848424       0.40414521       0.40426493       0.42179555       0.42185564       0.46901035       0.48555662       0.48589835       0.48589456       0.48609410       0.49032557       0.49039860       0.49039959       0.49040748       0.49471995       0.49804710       0.49804888       0.49873691       
0.60000000        0.34811245       0.37848358       0.39896580       0.40423904       0.40424526       0.42144967       0.42146146       0.46906102       0.48555871       0.48590202       0.48590104       0.48610117       0.49034665       0.49042026       0.49042030       0.49042910       0.49472698       0.49808773       0.49808819       0.49876810       
0.62000000        0.34765728       0.37804784       0.39983199       0.40467018       0.40467271       0.42132653       0.42133090       0.46926835       0.48556483       0.48591198       0.48590812       0.48611248       0.49037377       0.49044610       0.49044616       0.49045513       0.49475708       0.49814149       0.49814166       0.49884945       
0.64000000        0.34720798       0.37741909       0.40051785       0.40469381       0.40483110       0.42124076       0.42128536       0.46944696       0.48557151       0.48591556       0.48591368       0.48611726       0.49039435       0.49046745       0.49046853       0.49047725       0.49477558       0.49818096       0.49818278       0.49886363       
0.66000000        0.34647050       0.37670113       0.40087702       0.40464710       0.40466143       0.42101496       0.42102072       0.46943332       0.48557163       0.48591957       0.48591898       0.48612519       0.49041565       0.49048982       0.49048992       0.49049942       0.49478116       0.49822226       0.49822249       0.49888664       
0.68000000        0.34597851       0.37616153       0.40146214       0.40484954       0.40486744       0.42082492       0.42082597       0.46962523       0.48557850       0.48592735       0.48592551       0.48613676       0.49044409       0.49051672       0.49051684       0.49052680       0.49480097       0.49827346       0.49827371       0.49896314       
0.70000000        0.34580230       0.37587895       0.40224920       0.40487521       0.40502636       0.42111220       0.42113963       0.46983435       0.48558305       0.48593238       0.48593185       0.48614637       0.49046603       0.49053927       0.49054031       0.49055010       0.49482798       0.49832074       0.49832274       0.49899054       
0.72000000        0.34513744       0.37522475       0.40249319       0.40469593       0.40471104       0.42096217       0.42096564       0.46977164       0.48558791       0.48593882       0.48593707       0.48614532       0.49048737       0.49056188       0.49056200       0.49057260       0.49483215       0.49836202       0.49836219       0.49900069       
0.74000000        0.34478154       0.37484181       0.40303210       0.40483602       0.40485899       0.42095262       0.42095542       0.46998747       0.48559202       0.48594774       0.48594422       0.48616013       0.49051680       0.49058979       0.49059006       0.49060128       0.49484968       0.49841604       0.49841611       0.49908074       
0.76000000        0.34466088       0.37461344       0.40372134       0.40481335       0.40497023       0.42126142       0.42127554       0.47018849       0.48559954       0.48595323       0.48594996       0.48616931       0.49054018       0.49061345       0.49061458       0.49062559       0.49487691       0.49846571       0.49846789       0.49911690       
0.78000000        0.34422464       0.37424360       0.40407825       0.40484825       0.40484893       0.42122037       0.42122298       0.47015747       0.48560340       0.48595965       0.48595649       0.48617070       0.49056357       0.49063919       0.49063921       0.49065058       0.49488733       0.49850989       0.49851017       0.49913314       
0.80000000        0.34381080       0.37375007       0.40437543       0.40466927       0.40469683       0.42124882       0.42125489       0.47033944       0.48560633       0.48596548       0.48596374       0.48618752       0.49059198       0.49066555       0.49066574       0.49067823       0.49489571       0.49856335       0.49856364       0.49920218       
0.82000000        0.34373053       0.37357813       0.40457941       0.40477848       0.40502909       0.42157159       0.42157676       0.47050141       0.48561248       0.48597231       0.48597065       0.48619653       0.49061686       0.49069023       0.49069133       0.49070383       0.49492150       0.49861509       0.49861722       0.49924179       
0.84000000        0.34340198       0.37330194       0.40463080       0.40464173       0.40532071       0.42161342       0.42161540       0.47050870       0.48561646       0.48597715       0.48597673       0.48620166       0.49064100       0.49071656       0.49071668       0.49072969       0.49493257       0.49866160       0.49866205       0.49925994       
0.86000000        0.34302092       0.37285052       0.40440907       0.40443576       0.40552669       0.42164704       0.42165522       0.47065937       0.48562222       0.48598430       0.48598329       0.48621421       0.49066940       0.49074342       0.49074364       0.49075765       0.49493728       0.49871472       0.49871520       0.49932225       
0.88000000        0.34296832       0.37271575       0.40431354       0.40449579       0.40608589       0.42196244       0.42196598       0.47080386       0.48562769       0.48599506       0.48599112       0.48622078       0.49069589       0.49076914       0.49077028       0.49078447       0.49496297       0.49876860       0.49877091       0.49936645       
0.90000000        0.34303125       0.37269948       0.40455124       0.40459121       0.40676627       0.42239268       0.42239830       0.47091712       0.48563628       0.48599917       0.48599826       0.48623124       0.49072164       0.49079716       0.49079729       0.49081155       0.49501566       0.49882111       0.49882203       0.49939484       
0.92000000        0.34289380       0.37246323       0.40448507       0.40454506       0.40722230       0.42273038       0.42273232       0.47110643       0.48564463       0.48600624       0.48600591       0.48624517       0.49075042       0.49082486       0.49082525       0.49084010       0.49505028       0.49887755       0.49887849       0.49945771       
0.94000000        0.34282334       0.37234862       0.40440271       0.40452298       0.40765618       0.42296907       0.42297503       0.47123660       0.48565167       0.48601660       0.48601377       0.48625362       0.49077966       0.49085242       0.49085355       0.49086887       0.49507484       0.49893621       0.49893653       0.49951121       
0.96000000        0.34263612       0.37211964       0.40429725       0.40440953       0.40792391       0.42309066       0.42309370       0.47128474       0.48565734       0.48602311       0.48601989       0.48625615       0.49080441       0.49087976       0.49087992       0.49089589       0.49508574       0.49898076       0.49898350       0.49952232       
0.98000000        0.34235386       0.37182958       0.40415793       0.40421866       0.40808469       0.42320083       0.42320268       0.47135837       0.48565958       0.48602846       0.48602739       0.48627052       0.49083242       0.49090702       0.49090746       0.49092428       0.49508772       0.49903563       0.49903625       0.49957048       
1.00000000        0.34214796       0.37167005       0.40407892       0.40412164       0.40821321       0.42313931       0.42314481       0.47140424       0.48566315       0.48603467       0.48603381       0.48628229       0.49086114       0.49093418       0.49093450       0.49095304       0.49507945       0.49908702       0.49908732       0.49962710       
1.02000000        0.34172820       0.37124966       0.40364668       0.40382423       0.40805482       0.42293625       0.42294768       0.47139105       0.48566253       0.48603950       0.48603914       0.48628361       0.49088150       0.49095596       0.49095712       0.49097733       0.49504781       0.49912037       0.49912248       0.49962658       
1.04000000        0.34141404       0.37096097       0.40353142       0.40355244       0.40809327       0.42294296       0.42294780       0.47142617       0.48566875       0.48604647       0.48604436       0.48629133       0.49090912       0.49098393       0.49098394       0.49100577       0.49504470       0.49917259       0.49917350       0.49966458       
1.06000000        0.34142388       0.37098929       0.40364217       0.40365008       0.40852068       0.42316701       0.42317198       0.47154100       0.48567456       0.48605567       0.48605493       0.48630589       0.49094254       0.49101572       0.49101576       0.49103827       0.49506878       0.49923651       0.49923665       0.49973811       
1.08000000        0.34134932       0.37078566       0.40338203       0.40355938       0.40876525       0.42338512       0.42339878       0.47163224       0.48567860       0.48606244       0.48606174       0.48631166       0.49096780       0.49104185       0.49104306       0.49106539       0.49507920       0.49928427       0.49928649       0.49974685       
1.10000000        0.34103672       0.37050549       0.40325416       0.40327656       0.40875444       0.42335620       0.42336130       0.47163636       0.48568292       0.48606943       0.48606827       0.48631871       0.49099521       0.49107008       0.49107013       0.49109404       0.49507509       0.49933628       0.49933684       0.49977675       
1.12000000        0.34104806       0.37054788       0.40337522       0.40337767       0.40912658       0.42354239       0.42354580       0.47174321       0.48569267       0.48607830       0.48607756       0.48633268       0.49103059       0.49110319       0.49110325       0.49112816       0.49509529       0.49940141       0.49940165       0.49985568       
1.14000000        0.34103623       0.37039011       0.40311757       0.40329737       0.40936920       0.42380157       0.42381584       0.47186836       0.48569592       0.48608608       0.48608426       0.48634008       0.49105626       0.49112969       0.49113095       0.49115574       0.49510628       0.49945053       0.49945282       0.49986353       
1.16000000        0.34072141       0.37012196       0.40300065       0.40302412       0.40931780       0.42372828       0.42373321       0.47182600       0.48569849       0.48609312       0.48609235       0.48634510       0.49108361       0.49115829       0.49115842       0.49118468       0.49509943       0.49950184       0.49950210       0.49988636       
1.18000000        0.34061336       0.36998569       0.40293919       0.40296019       0.40948354       0.42380205       0.42380672       0.47192524       0.48570620       0.48610371       0.48610099       0.48635820       0.49111978       0.49119220       0.49119229       0.49121968       0.49510759       0.49956276       0.49956315       0.49995622       
1.20000000        0.34077700       0.37006750       0.40289179       0.40307170       0.40989563       0.42418150       0.42419723       0.47207920       0.48571238       0.48610967       0.48610813       0.48636997       0.49114706       0.49121952       0.49122090       0.49124841       0.49512658       0.49961855       0.49962091       0.49997861       
1.22000000        0.34045611       0.36978785       0.40275931       0.40277928       0.40979538       0.42406370       0.42406716       0.47200408       0.48571537       0.48611709       0.48611570       0.48637186       0.49117421       0.49124828       0.49124844       0.49127742       0.49511820       0.49966856       0.49966869       0.49998951       
1.24000000        0.34040647       0.36973042       0.40273926       0.40276389       0.40997703       0.42419810       0.42420411       0.47213064       0.48572154       0.48612694       0.48612515       0.48638848       0.49121111       0.49128286       0.49128315       0.49131358       0.49512263       0.49973061       0.49973075       0.50006054       
1.26000000        0.34056092       0.36979885       0.40269124       0.40287122       0.41034830       0.42452327       0.42454027       0.47227545       0.48572881       0.48613563       0.48613380       0.48639743       0.49124008       0.49131146       0.49131289       0.49134353       0.49514070       0.49978773       0.49979013       0.50009048       
1.28000000        0.34040806       0.36974639       0.40279109       0.40279292       0.41041707       0.42448732       0.42448970       0.47222839       0.48573521       0.48614170       0.48613870       0.48640310       0.49126970       0.49134352       0.49134360       0.49137546       0.49513965       0.49984010       0.49984038       0.50010961       
1.30000000        0.34023674       0.36951116       0.40256194       0.40258686       0.41040028       0.42454568       0.42455268       0.47233618       0.48573803       0.48615115       0.48614978       0.48641896       0.49130468       0.49137594       0.49137619       0.49140975       0.49513178       0.49989949       0.49989972       0.50016519       
1.32000000        0.34037988       0.36958283       0.40252979       0.40270623       0.41074187       0.42482550       0.42484373       0.47244802       0.48574479       0.48616451       0.48615869       0.48642484       0.49133540       0.49140568       0.49140708       0.49144109       0.49514734       0.49995724       0.49995972       0.50019810       
1.34000000        0.34027936       0.36956493       0.40262721       0.40263583       0.41082130       0.42483516       0.42483784       0.47243580       0.48574982       0.48616736       0.48616676       0.48643389       0.49136565       0.49143804       0.49143817       0.49147369       0.49514642       0.50001067       0.50001120       0.50021747       
1.36000000        0.34009680       0.36932952       0.40240590       0.40243119       0.41075821       0.42484962       0.42485742       0.47252442       0.48575422       0.48617619       0.48617566       0.48644998       0.49140034       0.49147085       0.49147121       0.49150825       0.49513331       0.50006830       0.50006887       0.50026555       
1.38000000        0.34022612       0.36939487       0.40236747       0.40254261       0.41106678       0.42509285       0.42511223       0.47262148       0.48576195       0.48618524       0.48618464       0.48646066       0.49143303       0.49150176       0.49150321       0.49154099       0.49514815       0.50012707       0.50012951       0.50030119       
1.40000000        0.34046072       0.36958066       0.40264425       0.40268612       0.41156340       0.42550410       0.42550738       0.47270565       0.48577350       0.48619442       0.48619384       0.48646735       0.49146569       0.49153617       0.49153640       0.49157512       0.49519513       0.50018552       0.50018662       0.50032736       
1.42000000        0.34047854       0.36951727       0.40260241       0.40266314       0.41180222       0.42579791       0.42580249       0.47283747       0.48578341       0.48620427       0.48620285       0.48648277       0.49150104       0.49157002       0.49157051       0.49161016       0.49521820       0.50024539       0.50024637       0.50037489       
1.44000000        0.34055870       0.36956847       0.40258602       0.40270309       0.41202488       0.42595018       0.42596090       0.47292191       0.48579086       0.48621656       0.48621223       0.48649414       0.49153715       0.49160334       0.49160474       0.49164557       0.49522910       0.50030803       0.50030826       0.50041666       
1.46000000        0.34052204       0.36951770       0.40254329       0.40265922       0.41211004       0.42601794       0.42602898       0.47294940       0.48579523       0.48622471       0.48621974       0.48649952       0.49156745       0.49163619       0.49163641       0.49167880       0.49522725       0.50035591       0.50035903       0.50042503       
1.48000000        0.34037299       0.36937680       0.40247485       0.40253550       0.41207824       0.42604084       0.42604548       0.47298502       0.48579853       0.48623058       0.48622996       0.48651508       0.49160161       0.49166897       0.49166953       0.49171346       0.49521117       0.50041191       0.50041271       0.50046191       
1.50000000        0.34028819       0.36935244       0.40244798       0.40249019       0.41202762       0.42590148       0.42590528       0.47299183       0.48580255       0.48623920       0.48623823       0.48652838       0.49163651       0.49170143       0.49170180       0.49174878       0.49518203       0.50046515       0.50046545       0.50050728       
1.52000000        0.33998418       0.36907043       0.40208887       0.40226376       0.41169714       0.42562132       0.42564175       0.47296480       0.48580331       0.48624537       0.48624265       0.48652961       0.49166058       0.49172675       0.49172819       0.49177793       0.49512889       0.50049887       0.50049955       0.50050377       
1.54000000        0.33978374       0.36891186       0.40204163       0.40206530       0.41157422       0.42554610       0.42555342       0.47297244       0.48580663       0.48625614       0.48625351       0.48653615       0.49169436       0.49176046       0.49176049       0.49181291       0.49510804       0.50052976       0.50055171       0.50055256       
1.56000000        0.33989413       0.36905381       0.40219404       0.40220227       0.41184237       0.42569527       0.42569898       0.47304005       0.48581520       0.48626423       0.48626359       0.48655705       0.49173548       0.49179876       0.49179877       0.49185291       0.49511475       0.50058708       0.50061575       0.50061593       
1.58000000        0.33991641       0.36896631       0.40200066       0.40217664       0.41194093       0.42583686       0.42585763       0.47310865       0.48582086       0.48627340       0.48627242       0.48656132       0.49176585       0.49182934       0.49183089       0.49188550       0.49511077       0.50058729       0.50066226       0.50066474       
1.60000000        0.33969780       0.36879610       0.40194186       0.40196557       0.41178867       0.42572753       0.42573424       0.47309259       0.48582437       0.48628173       0.48628115       0.48657095       0.49179933       0.49186314       0.49186340       0.49192077       0.49508835       0.50060742       0.50071270       0.50071332       
1.62000000        0.33979153       0.36893250       0.40210212       0.40210433       0.41202191       0.42583817       0.42584110       0.47315377       0.48583363       0.48629352       0.48629171       0.48658887       0.49184278       0.49190307       0.49190315       0.49196267       0.49508981       0.50066571       0.50077534       0.50077556       
1.64000000        0.33985808       0.36887011       0.40190272       0.40208170       0.41213815       0.42602592       0.42604643       0.47325462       0.48583885       0.48630263       0.48630154       0.48659450       0.49187357       0.49193389       0.49193548       0.49199563       0.49508573       0.50066288       0.50082083       0.50082336       
1.66000000        0.33962108       0.36869489       0.40185257       0.40187649       0.41196368       0.42587545       0.42588142       0.47319966       0.48584261       0.48631063       0.48630980       0.48660228       0.49190685       0.49196796       0.49196832       0.49203123       0.49505997       0.50067770       0.50086791       0.50086813       
1.68000000        0.33958278       0.36864085       0.40181794       0.40183849       0.41200458       0.42589163       0.42589634       0.47325512       0.48584980       0.48632116       0.48632017       0.48662167       0.49195090       0.49200854       0.49200881       0.49207393       0.49504774       0.50071891       0.50092250       0.50092290       
1.70000000        0.33980773       0.36879652       0.40183033       0.40200922       0.41231038       0.42618877       0.42620964       0.47338317       0.48585727       0.48633136       0.48633018       0.48663059       0.49198383       0.49204037       0.49204192       0.49210843       0.49505141       0.50073127       0.50097195       0.50097449       
1.72000000        0.33955139       0.36859587       0.40176377       0.40178403       0.41210379       0.42599560       0.42599988       0.47330263       0.48586197       0.48633989       0.48633814       0.48663325       0.49201696       0.49207475       0.49207498       0.49214422       0.49502409       0.50073755       0.50101485       0.50101503       
1.74000000        0.33955819       0.36860571       0.40176808       0.40179226       0.41217721       0.42607469       0.42608094       0.47338581       0.48586802       0.48635081       0.48635023       0.48665389       0.49206177       0.49211591       0.49211622       0.49218809       0.49500715       0.50077577       0.50106634       0.50106654       
1.76000000        0.33976311       0.36873545       0.40176762       0.40194629       0.41245438       0.42632807       0.42634932       0.47350339       0.48587711       0.48636407       0.48635972       0.48666178       0.49209670       0.49214903       0.49215079       0.49222407       0.49500855       0.50079018       0.50111314       0.50111578       
1.78000000        0.33966372       0.36874996       0.40191707       0.40191913       0.41243694       0.42623307       0.42623567       0.47344913       0.48588057       0.48637065       0.48637004       0.48666957       0.49213301       0.49218723       0.49218730       0.49226340       0.49499010       0.50080839       0.50115596       0.50115629       
1.80000000        0.33953818       0.36856992       0.40171977       0.40174399       0.41231978       0.42622942       0.42623653       0.47351962       0.48588762       0.48638108       0.48637956       0.48668856       0.49217525       0.49222541       0.49222572       0.49230486       0.49495813       0.50082484       0.50119844       0.50119865       
1.82000000        0.33972292       0.36869268       0.40172811       0.40190318       0.41257908       0.42644409       0.42646603       0.47360661       0.48589470       0.48639211       0.48639104       0.48670051       0.49221226       0.49225989       0.49226163       0.49234262       0.49495589       0.50083920       0.50124073       0.50124344       
1.84000000        0.33966585       0.36872991       0.40186878       0.40187711       0.41258313       0.42639888       0.42640188       0.47358496       0.48590049       0.48640407       0.48640133       0.48670212       0.49224935       0.49229822       0.49229842       0.49238265       0.49493765       0.50085502       0.50127981       0.50128036       
1.86000000        0.33952133       0.36854143       0.40167724       0.40170170       0.41243282       0.42635675       0.42636459       0.47364157       0.48590551       0.48641296       0.48641218       0.48672208       0.49229131       0.49233674       0.49233715       0.49242442       0.49489988       0.50086341       0.50131459       0.50131505       
1.88000000        0.33968498       0.36864937       0.40167345       0.40184687       0.41266888       0.42654119       0.42656366       0.47371461       0.48591393       0.48642531       0.48642334       0.48673367       0.49233071       0.49237265       0.49237444       0.49246397       0.49489613       0.50087520       0.50135136       0.50135411       
1.90000000        0.33967076       0.36871926       0.40183051       0.40184794       0.41270891       0.42654642       0.42654991       0.47371301       0.48592002       0.48643393       0.48643218       0.48674168       0.49236839       0.49241125       0.49241152       0.49250480       0.49487634       0.50089022       0.50138470       0.50138548       
1.92000000        0.33999952       0.36885230       0.40196368       0.40202381       0.41328111       0.42716486       0.42717042       0.47388616       0.48593614       0.48644620       0.48644586       0.48676394       0.49241390       0.49245387       0.49245437       0.49254845       0.49493053       0.50090373       0.50142240       0.50142333       
1.94000000        0.34010852       0.36893932       0.40197791       0.40209368       0.41343861       0.42726234       0.42727439       0.47394661       0.48594511       0.48645861       0.48645772       0.48677841       0.49245797       0.49249301       0.49249471       0.49259155       0.49492026       0.50091341       0.50145531       0.50145669       
1.96000000        0.34010108       0.36892761       0.40196535       0.40208079       0.41346551       0.42728831       0.42730063       0.47396367       0.48595186       0.48646931       0.48646651       0.48678272       0.49249457       0.49253080       0.49253123       0.49263174       0.49490056       0.50091491       0.50147599       0.50147876       
1.98000000        0.33997812       0.36881975       0.40192585       0.40198593       0.41337041       0.42725911       0.42726468       0.47397901       0.48595707       0.48647878       0.48647721       0.48679841       0.49253575       0.49256910       0.49256979       0.49267390       0.49486157       0.50091899       0.50149368       0.50149452       
2.00000000        0.33991699       0.36882512       0.40192140       0.40196323       0.41326079       0.42707200       0.42707541       0.47396471       0.48595965       0.48648916       0.48648874       0.48681400       0.49257807       0.49260651       0.49260708       0.49271676       0.49480892       0.50092628       0.50150985       0.50151051       
