0.00000000    0.00000000   0.13691652   0.13691723   0.27339224   0.27339884   0.40884940   0.40887872   0.54220526   0.54231689   0.60683836   0.61606175   0.63644925   0.63692872   0.66961750   0.67001547   0.68916091   0.68938776   0.68945594   0.68947005   0.69763089   
1.00000000    0.01692144   0.13793233   0.13798272   0.27390059   0.27393210   0.40918666   0.40923258   0.54245286   0.54257731   0.60415335   0.61406459   0.63705832   0.64085093   0.66978059   0.66987287   0.67256369   0.68167900   0.68948465   0.68968019   0.69783009   
2.00000000    0.03384129   0.14093580   0.14113095   0.27542021   0.27552567   0.41019712   0.41029231   0.54319536   0.54335754   0.59582401   0.61287148   0.63744455   0.64934097   0.65580781   0.66345366   0.67056165   0.67178550   0.68997653   0.69030963   0.69061956   
3.00000000    0.05075796   0.14580370   0.14622744   0.27793435   0.27816130   0.41187563   0.41205237   0.54443019   0.54465459   0.58478179   0.61299693   0.63807592   0.63862114   0.64741230   0.65897293   0.67135075   0.67136923   0.67585692   0.69117309   0.69135696   
4.00000000    0.06766979   0.15235670   0.15307771   0.28141607   0.28180971   0.41421371   0.41450368   0.54615287   0.54646326   0.57267884   0.61363225   0.62185097   0.63082215   0.63899107   0.65891640   0.66805431   0.66820410   0.67509037   0.67821468   0.69263383   
5.00000000    0.08457499   0.16038746   0.16145865   0.28582965   0.28643210   0.41719971   0.41763385   0.54835525   0.54877570   0.55997392   0.60504421   0.61422201   0.61461419   0.64008587   0.64415348   0.65562185   0.67280636   0.67670968   0.68156064   0.69449829   
6.00000000    0.10147161   0.16968520   0.17114551   0.29113220   0.29198214   0.42081907   0.42142746   0.54679482   0.55106503   0.55157966   0.58829660   0.59761401   0.61581369   0.62912475   0.64033542   0.64193560   0.67563035   0.67764406   0.68907445   0.69499914   
7.00000000    0.11835752   0.18005258   0.18192978   0.29727555   0.29840794   0.42505442   0.42586637   0.53329478   0.55419750   0.55485012   0.57158085   0.58103411   0.61412696   0.61725327   0.62571454   0.64303079   0.67779987   0.67820700   0.68084503   0.70031796   
8.00000000    0.13523031   0.19131455   0.19362813   0.30420803   0.30565412   0.42988573   0.43093012   0.51946151   0.55490786   0.55839095   0.55780233   0.56466713   0.59923972   0.61064488   0.61886357   0.64472777   0.66744827   0.67456878   0.68163068   0.68966982   
9.00000000    0.15208721   0.20332129   0.20608490   0.31187608   0.31366367   0.43528975   0.43659626   0.50534140   0.53828934   0.54770142   0.56185035   0.56297711   0.58444538   0.59564666   0.62065077   0.64656549   0.65490022   0.66443931   0.68484030   0.68960596   
10.00000000    0.16892505   0.21594747   0.21917077   0.32022572   0.32237947   0.44123756   0.44284068   0.49096548   0.52173045   0.53123323   0.56632899   0.56730073   0.56976479   0.58095858   0.62256545   0.64241201   0.64829848   0.65251224   0.68832060   0.69188826   
11.00000000    0.18574013   0.22908970   0.23277960   0.32920356   0.33174563   0.44767897   0.44963768   0.47637984   0.50524147   0.51475112   0.55519913   0.56462932   0.57123031   0.57382792   0.62440588   0.63022490   0.63953139   0.65079904   0.69186429   0.69468487   
12.00000000    0.20252804   0.24266328   0.24682483   0.33875733   0.34170837   0.45424921   0.45695936   0.46193952   0.48883473   0.49829984   0.54076729   0.55041303   0.57652801   0.57874304   0.61743994   0.62705685   0.62707113   0.65282941   0.69451833   0.69707782   
13.00000000    0.21928347   0.25659911   0.26123602   0.34883579   0.35221672   0.44601982   0.46252820   0.46476738   0.47255695   0.48190064   0.52647544   0.53582219   0.58220745   0.58444324   0.60542923   0.61477191   0.62912966   0.65488311   0.69151923   0.69713040   
14.00000000    0.23599993   0.27084063   0.27595574   0.35938633   0.36322286   0.43089230   0.45619732   0.46543299   0.47045908   0.47315811   0.51233669   0.52130772   0.58824695   0.58992195   0.59351001   0.60329202   0.63124716   0.65686199   0.68393935   0.69233792   
15.00000000    0.25266914   0.28534107   0.29093707   0.37034327   0.37468229   0.41550345   0.44010318   0.44916588   0.47875610   0.48182073   0.49837815   0.50694851   0.58176806   0.58783837   0.59462079   0.59994168   0.63325712   0.65868915   0.67565404   0.68437715   
16.00000000    0.26928000   0.30006014   0.30614150   0.38151593   0.38655356   0.40010190   0.42410899   0.43291406   0.48419880   0.49014356   0.48790575   0.49354718   0.57023041   0.57693227   0.60129572   0.60596680   0.63502308   0.66026925   0.66734927   0.67552042   
17.00000000    0.28581556   0.31495760   0.32153722   0.38325701   0.39425470   0.39879557   0.40833197   0.41672833   0.47084488   0.47842266   0.49681896   0.50075799   0.55891764   0.56541829   0.60822351   0.61312215   0.63632979   0.65932505   0.66130874   0.66679968   
18.00000000    0.30224253   0.32996483   0.33709782   0.36790899   0.39217572   0.40058956   0.40627359   0.41140325   0.45745020   0.46459300   0.50635253   0.51062354   0.54785000   0.55403464   0.61531832   0.62058143   0.63669882   0.65209289   0.65704652   0.66327746   
19.00000000    0.31844503   0.34438352   0.35280102   0.35283038   0.37672950   0.38456673   0.41846310   0.42428015   0.44429796   0.45094770   0.51623662   0.52077801   0.53705245   0.54297206   0.62236280   0.62780743   0.63491563   0.64701169   0.64924315   0.66367544   
20.00000000    0.33157461   0.33837262   0.35919685   0.36324126   0.36846253   0.36879719   0.42965194   0.43282260   0.43663877   0.43833474   0.52579872   0.52718596   0.52914055   0.53430640   0.62754542   0.63138666   0.63202122   0.64478852   0.64542706   0.66386114   
21.00000000    0.33196705   0.33879019   0.35958383   0.36363013   0.36885981   0.36919391   0.42996788   0.43314759   0.43697397   0.43866671   0.52603952   0.52744672   0.52942418   0.53457604   0.62669262   0.63154501   0.63221171   0.64361104   0.64500946   0.66662693   
22.00000000    0.33314094   0.34003971   0.36074263   0.36479436   0.37004908   0.37038153   0.43091457   0.43412118   0.43797798   0.43966115   0.52676277   0.52822780   0.53027242   0.53538441   0.62361698   0.63200678   0.63278214   0.64092132   0.64567241   0.67268813   
23.00000000    0.33508547   0.34211135   0.36266651   0.36672646   0.37202273   0.37235248   0.43248806   0.43573862   0.43964602   0.44131360   0.52796888   0.52952527   0.53167861   0.53672905   0.61799176   0.63272730   0.63373476   0.63989071   0.64677551   0.67982553   
24.00000000    0.33778305   0.34498912   0.36534454   0.36941420   0.37476835   0.37509440   0.43468179   0.43799211   0.44197023   0.44361672   0.52965694   0.53133228   0.53363271   0.53860588   0.61065359   0.63360207   0.63507523   0.64041099   0.64831524   0.68727091   
25.00000000    0.34120978   0.34865134   0.36876188   0.37284099   0.37826909   0.37859053   0.43748673   0.44087086   0.44493993   0.44656042   0.53182298   0.53363865   0.53612211   0.54100930   0.60242840   0.63438169   0.63680844   0.64190327   0.65028474   0.67282467   
26.00000000    0.34533613   0.35307130   0.37290025   0.37698630   0.38250419   0.38282020   0.44089150   0.44436125   0.44854180   0.45013214   0.53445731   0.53642984   0.53913139   0.54393218   0.59372921   0.63440391   0.63893598   0.64405732   0.65266190   0.66283246   
27.00000000    0.35012776   0.35821793   0.37773844   0.38182624   0.38744950   0.38775940   0.44488253   0.44844691   0.45276018   0.45431705   0.53753904   0.53968500   0.54264010   0.54736599   0.58476397   0.63197281   0.64145448   0.64671177   0.65441062   0.65601127   
28.00000000    0.35554631   0.36405657   0.38325284   0.38733410   0.39307818   0.39338137   0.44944414   0.45310877   0.45757738   0.45909834   0.54101746   0.54337246   0.54661305   0.55130083   0.57569253   0.62516539   0.64434393   0.64907453   0.64937532   0.65124637   
29.00000000    0.36155025   0.37054959   0.38941794   0.39348090   0.39936125   0.39965727   0.45455868   0.45832495   0.46297401   0.46445756   0.54472054   0.54743876   0.55094612   0.55572541   0.56682449   0.61512279   0.63656551   0.63776009   0.64528016   0.64795127   
30.00000000    0.36809562   0.37765690   0.39620686   0.40023589   0.40626829   0.40655680   0.46020619   0.46407028   0.46892914   0.47037486   0.54753922   0.55177731   0.55480298   0.56011973   0.56062679   0.60384830   0.62247489   0.62439225   0.63173893   0.63191272   
31.00000000    0.37513664   0.38533623   0.40359168   0.40756690   0.41376796   0.41404874   0.46636371   0.47031506   0.47542048   0.47682936   0.54374391   0.55611641   0.55693737   0.56256003   0.56598865   0.59243077   0.60853287   0.61096836   0.61799100   0.61813901   
32.00000000    0.38262613   0.39354299   0.41154381   0.41544052   0.42182852   0.42210149   0.47300258   0.47702211   0.48242406   0.48379940   0.53511859   0.55949170   0.56157381   0.56813811   0.57177874   0.58206285   0.59476615   0.59782214   0.60438115   0.60452098   
33.00000000    0.39051553   0.40222938   0.42003403   0.42382184   0.43041832   0.43068355   0.48007907   0.48413927   0.48991216   0.49126282   0.52570735   0.55822732   0.56716560   0.57432872   0.57558867   0.57819705   0.58122768   0.58576516   0.59095290   0.59108614   
34.00000000    0.39875415   0.41134219   0.42903235   0.43267351   0.43950607   0.43976385   0.48748940   0.49157748   0.49783831   0.49919718   0.51623096   0.54998776   0.56766246   0.56911353   0.57333426   0.57766125   0.57773749   0.58120825   0.58153974   0.58491360   
35.00000000    0.40728688   0.42081757   0.43850701   0.44195305   0.44906106   0.44931212   0.49463811   0.49913098   0.50541749   0.50757980   0.50818256   0.53943627   0.55455871   0.55737299   0.56454541   0.56473510   0.57998685   0.58535658   0.58808461   0.59193363   
36.00000000    0.41604804   0.43056857   0.44842032   0.45160545   0.45905287   0.45929908   0.49422578   0.50605848   0.50624444   0.51638698   0.51531450   0.52924954   0.54163331   0.54534852   0.55172933   0.55190530   0.58511612   0.58751484   0.58785083   0.59559157   
37.00000000    0.42494298   0.44045085   0.45870568   0.46154001   0.46944712   0.46969662   0.48564212   0.50841394   0.51413215   0.52315564   0.52447230   0.52561591   0.52899907   0.53443847   0.53913619   0.53930912   0.57476149   0.58057881   0.58703586   0.58823422   
38.00000000    0.43378256   0.45015136   0.46889629   0.47153366   0.47692087   0.48034886   0.48047793   0.50189037   0.51638671   0.51863414   0.52328523   0.52681472   0.52694838   0.53215313   0.53413078   0.53521731   0.56388700   0.57079410   0.57602944   0.57703363   
39.00000000    0.44195568   0.45873181   0.46729746   0.48057684   0.48128724   0.49141444   0.49161747   0.49441697   0.50435716   0.50888001   0.51467754   0.51487791   0.53277935   0.53896131   0.54403087   0.54516830   0.55336413   0.56129224   0.56513917   0.56610929   
40.00000000    0.44637937   0.46290063   0.46296789   0.48388726   0.49196138   0.49315345   0.49316798   0.50249203   0.50277394   0.50301006   0.50301668   0.50317600   0.54135066   0.54415294   0.54423085   0.55386814   0.55515284   0.55518671   0.55547313   0.55581085   
41.00000000    0.43721825   0.46239316   0.46344710   0.47162470   0.47976620   0.48992559   0.49376036   0.50207387   0.50355548   0.50365598   0.51741529   0.52590364   0.52628620   0.53391154   0.54505515   0.54895548   0.55535155   0.55536224   0.56811206   0.57597603   
42.00000000    0.41915370   0.44599645   0.45657389   0.46507076   0.46726867   0.49416239   0.49549096   0.50367403   0.50528480   0.50572575   0.51348564   0.51788048   0.53987968   0.54635835   0.54980950   0.55207916   0.55691983   0.55696458   0.58643898   0.59007061   
43.00000000    0.39850749   0.42390548   0.43358851   0.46760473   0.46820720   0.48700010   0.49320554   0.49818886   0.49844268   0.50819962   0.50819223   0.53180213   0.54897217   0.55447855   0.55942955   0.55945111   0.56477345   0.57315629   0.57392804   0.57805861   
44.00000000    0.37677024   0.40164986   0.41070800   0.46213391   0.47074399   0.47381598   0.47783336   0.50232809   0.50241951   0.51219075   0.51219897   0.54408270   0.55233395   0.55306517   0.56079785   0.56374556   0.56392839   0.56876103   0.58795129   0.59662731   
45.00000000    0.35441651   0.37952484   0.38798186   0.44564372   0.45379733   0.47583391   0.48016400   0.50749858   0.50753567   0.51728051   0.51730535   0.53966879   0.54494375   0.55275160   0.55731677   0.56785205   0.56786994   0.58163007   0.61124546   0.62008297   
46.00000000    0.33165646   0.35760470   0.36544208   0.42787168   0.43481313   0.48125654   0.48496140   0.51356285   0.51371803   0.52312513   0.52343037   0.52591666   0.52965454   0.55995352   0.56267703   0.57332183   0.57338736   0.59707009   0.63045354   0.63306749   
47.00000000    0.30860720   0.33593213   0.34312660   0.41028620   0.41633230   0.48754212   0.49041428   0.51152860   0.51464421   0.52140420   0.52103785   0.53074396   0.53075966   0.56717469   0.56905572   0.57974434   0.57986822   0.61169046   0.62151776   0.62377723   
48.00000000    0.28534401   0.31454941   0.32108288   0.39317531   0.39844664   0.49215517   0.49436898   0.50082522   0.50362522   0.52941924   0.52922536   0.53892596   0.53893130   0.57490738   0.57633890   0.58696943   0.58720348   0.60979230   0.61300533   0.62752383   
49.00000000    0.26191921   0.29350993   0.29937144   0.37668476   0.38124552   0.48251786   0.48684030   0.50280725   0.50840451   0.53855623   0.53840912   0.54805615   0.54806518   0.58327660   0.58444324   0.59395306   0.59491156   0.60151268   0.60320936   0.63996063   
50.00000000    0.23837078   0.27288543   0.27807051   0.36093439   0.36482845   0.47102132   0.47431540   0.51128106   0.51650499   0.54861990   0.54850554   0.55807127   0.55809129   0.58913267   0.59095473   0.59308431   0.59453540   0.60542348   0.60555736   0.65140351   
51.00000000    0.21472693   0.25277298   0.25728239   0.34604350   0.34930769   0.46001934   0.46262165   0.52042265   0.52557944   0.55954320   0.55946206   0.56885573   0.56891760   0.58142664   0.58304493   0.60254563   0.60355485   0.61505603   0.61510703   0.66221200   
52.00000000    0.19100899   0.23330348   0.23714225   0.33213871   0.33480912   0.44983963   0.45188451   0.53010081   0.53528132   0.57106936   0.57116136   0.57347758   0.57461247   0.58098945   0.58101873   0.61311737   0.61407636   0.62562807   0.62567257   0.67279837   
53.00000000    0.16723330   0.21465280   0.21783013   0.31935619   0.32147200   0.44061564   0.44218567   0.54021132   0.54540040   0.56652444   0.56736724   0.58381931   0.58387501   0.59323393   0.59324976   0.62439994   0.62535560   0.63689211   0.63697811   0.68327896   
54.00000000    0.14341262   0.19705618   0.19958674   0.30784104   0.30944731   0.43243860   0.43359974   0.55054586   0.55499592   0.56107943   0.56146295   0.59707380   0.59709984   0.60635033   0.60636111   0.63633405   0.63731799   0.64870447   0.64886868   0.68139404   
55.00000000    0.11955703   0.18082532   0.18273264   0.29774430   0.29889407   0.42538368   0.42619671   0.55416003   0.55477641   0.56209137   0.56795758   0.61100458   0.61101230   0.62013042   0.62014479   0.64884053   0.64988242   0.66061414   0.66102968   0.67760806   
56.00000000    0.09567467   0.16636478   0.16768743   0.28921761   0.28997348   0.41951586   0.42004091   0.55004764   0.55048449   0.57270553   0.57884356   0.62554382   0.62556671   0.63450274   0.63452749   0.66144767   0.66259352   0.66821218   0.67009588   0.67215449   
57.00000000    0.07177235   0.15417786   0.15497896   0.28240559   0.28284043   0.41489052   0.41518911   0.54667086   0.54693031   0.58351504   0.58997553   0.64063583   0.64067155   0.64933798   0.64940773   0.65935404   0.66072043   0.67258805   0.67336956   0.67801415   
58.00000000    0.04785582   0.14484355   0.14522210   0.27743632   0.27763305   0.41155241   0.41168865   0.54421111   0.54436397   0.59390262   0.60092180   0.64909610   0.65075611   0.65666807   0.65672340   0.66427037   0.66437992   0.67236181   0.67272817   0.69191054   
59.00000000    0.02393017   0.13894105   0.13903970   0.27441104   0.27446126   0.40953256   0.40957717   0.54271129   0.54282629   0.60276637   0.61085442   0.64061903   0.64174008   0.66964402   0.67005146   0.67271664   0.67282306   0.68188476   0.68190273   0.70523433   
60.00000000    0.00000000   0.13691652   0.13691722   0.27339224   0.27339884   0.40884940   0.40887872   0.54220526   0.54231690   0.60683836   0.61606176   0.63644926   0.63692873   0.66961751   0.67001548   0.68916090   0.68938777   0.68945589   0.68947004   0.69762732   
