0.49900000     0.49900000     -2.50000000      2.13160000      
0.49900000     0.49900000     -2.39795918      2.13160000      
0.49900000     0.49900000     -2.29591837      2.13160000      
0.49900000     0.49900000     -2.19387755      2.13160000      
0.49900000     0.49900000     -2.09183673      2.13160000      
0.49900000     0.49900000     -1.98979592      2.13160000      
0.49900000     0.49900000     -1.88775510      2.13160000      
0.49900000     0.49900000     -1.78571429      2.13160000      
0.49900000     0.49900000     -1.68367347      2.13160000      
0.49900000     0.49900000     -1.58163265      2.13160000      
0.49900000     0.49900000     -1.47959184      2.13160000      
0.49900000     0.49900000     -1.37755102      2.13160000      
0.49900000     0.49900000     -1.27551020      2.13160000      
0.49900000     0.49900000     -1.17346939      2.13160000      
0.49900000     0.49900000     -1.07142857      2.13160000      
0.49900000     0.49900000     -0.96938776      2.13160000      
0.49900000     0.49900000     -0.86734694      2.13160000      
0.49900000     0.49900000     -0.76530612      2.13160000      
0.49900000     0.49900000     -0.66326531      2.13160000      
0.49900000     0.49900000     -0.56122449      2.13160000      
0.49900000     0.49900000     -0.45918367      2.13160000      
0.49900000     0.49900000     -0.35714286      2.13160000      
0.49900000     0.49900000     -0.25510204      2.13160000      
0.49900000     0.49900000     -0.15306122      3.92761601      
0.49900000     0.49900000     -0.05102041      12.52940172      
0.49900000     0.49900000     0.05102041      12.52940172      
0.49900000     0.49900000     0.15306122      3.92761601      
0.49900000     0.49900000     0.25510204      2.13160000      
0.49900000     0.49900000     0.35714286      2.13160000      
0.49900000     0.49900000     0.45918367      2.13160000      
0.49900000     0.49900000     0.56122449      2.13160000      
0.49900000     0.49900000     0.66326531      2.13160000      
0.49900000     0.49900000     0.76530612      2.13160000      
0.49900000     0.49900000     0.86734694      2.13160000      
0.49900000     0.49900000     0.96938776      2.13160000      
0.49900000     0.49900000     1.07142857      2.13160000      
0.49900000     0.49900000     1.17346939      2.13160000      
0.49900000     0.49900000     1.27551020      2.13160000      
0.49900000     0.49900000     1.37755102      2.13160000      
0.49900000     0.49900000     1.47959184      2.13160000      
0.49900000     0.49900000     1.58163265      2.13160000      
0.49900000     0.49900000     1.68367347      2.13160000      
0.49900000     0.49900000     1.78571429      2.13160000      
0.49900000     0.49900000     1.88775510      2.13160000      
0.49900000     0.49900000     1.98979592      2.13160000      
0.49900000     0.49900000     2.09183673      2.13160000      
0.49900000     0.49900000     2.19387755      2.13160000      
0.49900000     0.49900000     2.29591837      2.13160000      
0.49900000     0.49900000     2.39795918      2.13160000      
0.49900000     0.49900000     2.50000000      2.13160000      
