0.00000000    0.00000000   0.13197012   0.13209622   0.26398996   0.26426698   0.39520776   0.39574787   0.51818174   0.51966564   0.59043213   0.59213730   0.67103923   0.67567970   0.68047643   0.68048454   0.68976370   0.68977118   0.69128477   0.69214978   0.69375782   
1.00000000    0.01681223   0.13307432   0.13312246   0.26454045   0.26477942   0.39557088   0.39607489   0.51844348   0.51970537   0.59064207   0.59090035   0.66725821   0.67297613   0.67733481   0.67897513   0.68106738   0.68482453   0.68999114   0.69187092   0.69558993   
2.00000000    0.03362079   0.13615448   0.13633318   0.26618491   0.26631056   0.39665804   0.39705291   0.51922795   0.51978541   0.59127357   0.58737152   0.65388744   0.66268737   0.66815637   0.67416467   0.68133880   0.68902782   0.69060385   0.69237572   0.69450305   
3.00000000    0.05042188   0.14106215   0.14159801   0.26884222   0.26890324   0.39846319   0.39867259   0.51977591   0.52053239   0.59232422   0.58205079   0.63777868   0.64605652   0.66155088   0.67450697   0.68059364   0.68333848   0.68352086   0.69169886   0.69342826   
4.00000000    0.06721140   0.14765719   0.14865577   0.27234511   0.27266322   0.40091768   0.40097649   0.51941628   0.52235222   0.59378879   0.57565817   0.62124892   0.62940913   0.65211121   0.66626074   0.67454088   0.67801528   0.68399418   0.69316221   0.69487807   
5.00000000    0.08398489   0.15572362   0.15726523   0.27678028   0.27742240   0.40376375   0.40418441   0.51825364   0.52468112   0.56906400   0.59565123   0.60464910   0.61277690   0.63982604   0.65104200   0.67241659   0.67792141   0.68576543   0.69504095   0.69669845   
6.00000000    0.10073717   0.16504378   0.16718677   0.28210074   0.28313024   0.40717539   0.40807027   0.51562644   0.52751107   0.56320793   0.58813185   0.59579689   0.59827240   0.62620159   0.63578264   0.67008549   0.67938877   0.68772549   0.69274743   0.69849837   
7.00000000    0.11746225   0.17541571   0.17820131   0.28825319   0.28973049   0.41110074   0.41261449   0.51088186   0.53083251   0.55861852   0.57208978   0.57943931   0.60065397   0.61214887   0.62057641   0.66644279   0.67999656   0.68119141   0.69094034   0.69227500   
8.00000000    0.13415290   0.18666177   0.19011889   0.29517951   0.29716348   0.41545935   0.41779509   0.50384699   0.53463439   0.55156472   0.56053987   0.56284720   0.59816028   0.60285353   0.60624694   0.65964337   0.66727538   0.68302945   0.68886972   0.69388965   
9.00000000    0.15080027   0.19863115   0.20278029   0.30281768   0.30536816   0.42011385   0.42358810   0.49499179   0.53667149   0.53890409   0.54626910   0.55816596   0.58485478   0.58993798   0.60748801   0.65000923   0.65436875   0.68472273   0.68906812   0.69730018   
10.00000000    0.16739325   0.21119844   0.21605466   0.31110178   0.31428380   0.42479683   0.42996805   0.48511874   0.52046584   0.52971509   0.54362849   0.55600009   0.57426819   0.57492787   0.61125916   0.63902897   0.64148745   0.68649308   0.69110217   0.70103890   
11.00000000    0.18391752   0.22426054   0.22983573   0.31996025   0.32385138   0.42890503   0.43690834   0.47523670   0.50418866   0.51319136   0.54807780   0.54879123   0.55995783   0.57075940   0.61530847   0.62763631   0.62882226   0.68826122   0.69381729   0.69504046   
12.00000000    0.20035417   0.23773286   0.24403756   0.32931043   0.33401448   0.43097081   0.44438150   0.46694455   0.48815902   0.49670220   0.53587619   0.54507333   0.55438068   0.57232536   0.61479594   0.61637879   0.62120599   0.68590153   0.68910488   0.69685850   
13.00000000    0.21667723   0.25154515   0.25859070   0.33904411   0.34472001   0.42843359   0.45235888   0.46186740   0.47353646   0.48025329   0.52268339   0.53030088   0.56037201   0.57506672   0.60283099   0.60592377   0.62553977   0.67650853   0.68727807   0.70023845   
14.00000000    0.23284944   0.26563687   0.27343895   0.34898633   0.35591853   0.42070705   0.45253599   0.46077636   0.46388583   0.46846911   0.50956220   0.51565139   0.56674824   0.57627737   0.59045816   0.59808404   0.63078344   0.66707676   0.68201302   0.70405099   
15.00000000    0.24881364   0.27995062   0.28853658   0.35875418   0.36756432   0.41034861   0.43759424   0.44747636   0.46973405   0.47150821   0.49746189   0.50114173   0.57215073   0.57342838   0.57827402   0.59640690   0.63636784   0.65775022   0.67465433   0.70827364   
16.00000000    0.26447351   0.29441952   0.30384626   0.36713914   0.37961526   0.40011415   0.42227509   0.43117707   0.47222837   0.47903669   0.48680982   0.49020972   0.56357214   0.56607449   0.58065703   0.59989730   0.64179741   0.64903514   0.66653368   0.71282123   
17.00000000    0.27964296   0.30893305   0.31933728   0.36979576   0.39203111   0.39409080   0.40832956   0.41494007   0.46406821   0.47255966   0.48882720   0.49309263   0.55373909   0.55422997   0.58807034   0.60528655   0.63843019   0.64959958   0.65836511   0.69370672   
18.00000000    0.29388612   0.32320253   0.33498417   0.36326201   0.38740108   0.39873918   0.40481270   0.40500463   0.45265866   0.45856474   0.49892275   0.50007001   0.54261014   0.54397815   0.59578985   0.61117408   0.62975112   0.65067815   0.65598919   0.68567045   
19.00000000    0.30589854   0.33589634   0.35076535   0.35495828   0.37444404   0.38266764   0.41262146   0.41784223   0.44155658   0.44477063   0.50733711   0.50937384   0.53124910   0.53534724   0.60372558   0.61645760   0.62112193   0.64435557   0.66291407   0.67786009   
20.00000000    0.31145484   0.34083051   0.35376145   0.36587463   0.36642780   0.36690390   0.41820175   0.43058384   0.43178014   0.43520220   0.51121602   0.51978756   0.52053256   0.53104190   0.61027872   0.61432842   0.61890527   0.64156628   0.67002751   0.67045283   
21.00000000    0.31185824   0.34123426   0.35417024   0.36614591   0.36692201   0.36729911   0.41854313   0.43088552   0.43210492   0.43554748   0.51149413   0.52002866   0.52076584   0.53131716   0.61008965   0.61425258   0.61913446   0.64178250   0.66906278   0.66943306   
22.00000000    0.31306693   0.34244232   0.35539406   0.36706943   0.36829064   0.36848203   0.41956601   0.43179062   0.43307702   0.43658034   0.51232792   0.52074970   0.52146032   0.53214157   0.60945907   0.61397349   0.61982126   0.64242693   0.66638853   0.66663447   
23.00000000    0.31506987   0.34444411   0.35742463   0.36871784   0.37044498   0.37044707   0.42126527   0.43329747   0.43469113   0.43829345   0.51371415   0.52194390   0.52260365   0.53351205   0.60821958   0.61333608   0.62096372   0.64348532   0.66259841   0.66273280   
24.00000000    0.31784902   0.34722230   0.36024849   0.37109788   0.37317557   0.37336168   0.42363250   0.43540261   0.43693838   0.44067545   0.51564731   0.52359894   0.52417275   0.53542339   0.60610730   0.61206623   0.62255887   0.64491898   0.65843120   0.65859924   
25.00000000    0.32137997   0.35075324   0.36384736   0.37419888   0.37665673   0.37701440   0.42665615   0.43810009   0.43980631   0.44371182   0.51811915   0.52569491   0.52612898   0.53786822   0.60283298   0.60979424   0.62460291   0.64660313   0.65481573   0.65494755   
26.00000000    0.32563258   0.35500742   0.36819879   0.37800366   0.38086749   0.38138453   0.43032173   0.44138096   0.44327869   0.44738563   0.52111751   0.52820015   0.52840852   0.54083681   0.59823218   0.60618383   0.62709118   0.64802618   0.65219032   0.65294734   
27.00000000    0.33057184   0.35995006   0.37327671   0.38249150   0.38578335   0.38644906   0.43461198   0.44523293   0.44733516   0.45167813   0.52462213   0.53090371   0.53106288   0.54431636   0.59241701   0.60114458   0.63001803   0.64825923   0.65037558   0.65386979   
28.00000000    0.33615849   0.36554164   0.37905219   0.38763945   0.39137685   0.39218256   0.43950704   0.44964008   0.45195034   0.45656903   0.52858514   0.53343249   0.53419254   0.54828968   0.58581572   0.59492587   0.63337668   0.64706197   0.64779555   0.65269920   
29.00000000    0.34234971   0.37173843   0.38549404   0.39342329   0.39761806   0.39855754   0.44498434   0.45458236   0.45709187   0.46203669   0.53276964   0.53579270   0.53741569   0.55273064   0.57915657   0.58802599   0.63618512   0.63622127   0.63716912   0.64210159   
30.00000000    0.34909948   0.37849277   0.39256952   0.39981819   0.40447500   0.40554494   0.45101812   0.46003455   0.46271619   0.46805813   0.53523339   0.53910402   0.54036478   0.55758916   0.57353594   0.58115178   0.62227308   0.62250294   0.62930577   0.64136392   
31.00000000    0.35635851   0.38575340   0.40024481   0.40679916   0.41191377   0.41311458   0.45757756   0.46596355   0.46875839   0.47460869   0.53391103   0.54222345   0.54427992   0.56272019   0.57032706   0.57547317   0.60837745   0.60877012   0.61597350   0.61810526   
32.00000000    0.36407345   0.39346519   0.40848543   0.41434117   0.41989817   0.42123565   0.46462084   0.47232197   0.47510615   0.48166102   0.52944833   0.54153492   0.55017377   0.56740570   0.57019473   0.57326274   0.59465013   0.59525578   0.60270837   0.60446879   
33.00000000    0.37218516   0.40156878   0.41725624   0.42241895   0.42838824   0.42987700   0.47207202   0.47903118   0.48152432   0.48918199   0.52302377   0.53740271   0.55656194   0.57009996   0.57210317   0.57656486   0.58131053   0.58250563   0.58984025   0.59103317   
34.00000000    0.38062433   0.40999854   0.42652078   0.43100558   0.43733534   0.43900726   0.47968966   0.48592758   0.48743616   0.49712127   0.51650605   0.53092676   0.56334711   0.56685065   0.56697234   0.57325711   0.57525526   0.57806421   0.58055603   0.58337671   
35.00000000    0.38930285   0.41867836   0.43623836   0.44006956   0.44666584   0.44859437   0.48576052   0.49224309   0.49255519   0.50535245   0.51291490   0.52395084   0.55402044   0.55466760   0.56228990   0.56450771   0.57072307   0.57942872   0.58242741   0.58999567   
36.00000000    0.39809368   0.42751035   0.44635085   0.44956671   0.45620692   0.45860344   0.48449252   0.49722441   0.49926033   0.51305718   0.51523416   0.51964994   0.54110970   0.54216418   0.54998218   0.55170386   0.57811790   0.58091602   0.58169046   0.58734079   
37.00000000    0.40678170   0.43634380   0.45668542   0.45941151   0.46511505   0.46898591   0.47939450   0.49602814   0.50813050   0.51741033   0.52116823   0.52464690   0.52863570   0.53045897   0.53791793   0.53913299   0.57135017   0.57409242   0.58013627   0.58674616   
38.00000000    0.41492970   0.44487443   0.46421878   0.46931412   0.46994494   0.47957339   0.48095977   0.49047193   0.51530341   0.51607140   0.51773875   0.52416276   0.52507464   0.52745527   0.53155928   0.53441307   0.56033999   0.56455401   0.57089651   0.59498232   
39.00000000    0.42150382   0.45225143   0.46050777   0.47684001   0.47992379   0.48584684   0.49035622   0.49164320   0.50341915   0.50519327   0.51294405   0.51456143   0.52780367   0.53316650   0.53867954   0.54400916   0.54971435   0.55536595   0.56156982   0.56548820   
40.00000000    0.42429403   0.45573910   0.45806357   0.47667997   0.49086073   0.49165881   0.49186205   0.49600464   0.50001064   0.50275351   0.50310658   0.50310704   0.53658730   0.53836466   0.53903598   0.54555378   0.54847841   0.55448780   0.55579483   0.55579708   
41.00000000    0.41844173   0.45437524   0.45677482   0.46941942   0.47950619   0.48356410   0.49283675   0.49457493   0.50193032   0.50361474   0.51594937   0.52091759   0.52488072   0.52893446   0.54324659   0.54344641   0.55062065   0.55212915   0.56517128   0.57302300   
42.00000000    0.40436869   0.44248992   0.45047184   0.45780011   0.46320329   0.49164360   0.49411049   0.49558480   0.50350317   0.50517044   0.50880243   0.51101806   0.53871593   0.54264523   0.54494907   0.54862068   0.55284881   0.55518974   0.58346006   0.58418862   
43.00000000    0.38654234   0.42072270   0.43056122   0.45546859   0.46010193   0.48349419   0.49085891   0.49657689   0.49893553   0.50508573   0.50679570   0.51988292   0.54505367   0.54590553   0.55396231   0.55734536   0.56426030   0.56950810   0.57194249   0.57439933   
44.00000000    0.36695976   0.39817971   0.40820229   0.44929744   0.45550099   0.47303231   0.47890294   0.50100758   0.50180961   0.50926429   0.51074694   0.53301373   0.54374689   0.54546902   0.55688197   0.55794159   0.56246606   0.56661538   0.58705732   0.59542057   
45.00000000    0.34636695   0.37570522   0.38563774   0.43547542   0.44269888   0.47095313   0.47517468   0.50613272   0.50652951   0.51433108   0.51585603   0.53371124   0.53804760   0.54500116   0.55762777   0.55888941   0.56348520   0.57549321   0.61059797   0.61817502   
46.00000000    0.32508019   0.35346583   0.36313954   0.41870868   0.42576525   0.47221285   0.47578151   0.51151367   0.51192250   0.51870223   0.52192182   0.52428586   0.52705302   0.55507120   0.56136375   0.56344740   0.56893038   0.58737484   0.62183871   0.62336859   
47.00000000    0.30326217   0.33153957   0.34080453   0.40149507   0.40806296   0.47316926   0.47631615   0.50894214   0.51298901   0.52094090   0.52244731   0.52881903   0.52945096   0.56381913   0.56672522   0.56956779   0.57553981   0.60080972   0.61424347   0.61664694   
48.00000000    0.28101669   0.30998097   0.31870053   0.38452242   0.39049819   0.47093286   0.47378930   0.50389586   0.50843686   0.52867045   0.52912749   0.53682388   0.53764779   0.57178730   0.57284764   0.57684849   0.58310833   0.60582888   0.60847768   0.61481545   
49.00000000    0.25842312   0.28883966   0.29689593   0.36806600   0.37340239   0.46422109   0.46687685   0.50404397   0.50813864   0.53768481   0.53790551   0.54591395   0.54682748   0.57844397   0.57886183   0.58497918   0.59154287   0.59945045   0.60160085   0.62846408   
50.00000000    0.23554830   0.26817344   0.27547153   0.35229613   0.35696923   0.45499314   0.45741041   0.50759107   0.51112930   0.54761307   0.54771046   0.55590776   0.55691296   0.58047064   0.58168570   0.59350998   0.59909026   0.59967423   0.60128330   0.64167894   
51.00000000    0.21244902   0.24806040   0.25452958   0.33735479   0.34135617   0.44516208   0.44728727   0.51236164   0.51537737   0.55820517   0.55824466   0.56663469   0.56784913   0.57745903   0.57945748   0.60257416   0.60458986   0.60739846   0.61115648   0.65442254   
52.00000000    0.18917314   0.22861192   0.23420381   0.32338022   0.32671522   0.43560774   0.43741695   0.51703251   0.51958935   0.56777016   0.56839758   0.57477430   0.57743085   0.57930496   0.57962854   0.61250378   0.61335600   0.61770761   0.62202996   0.66681440   
53.00000000    0.16575963   0.20998604   0.21467247   0.31051552   0.31320378   0.42672821   0.42822421   0.52061633   0.52283159   0.56933922   0.57183362   0.58408837   0.58452345   0.59127594   0.59210009   0.62311074   0.62348203   0.62907854   0.63364095   0.67567484   
54.00000000    0.14223980   0.19240338   0.19617535   0.29891093   0.30098784   0.41873831   0.41994459   0.52247655   0.52448285   0.57028261   0.57292700   0.59687778   0.59700728   0.60435803   0.60530156   0.63407499   0.63435065   0.64119207   0.64593521   0.67641129   
55.00000000    0.11863864   0.17616518   0.17903523   0.28872202   0.29024087   0.41177548   0.41273330   0.52265818   0.52452045   0.57331397   0.57570816   0.61059271   0.61065156   0.61813629   0.61916477   0.64501308   0.64538603   0.65392219   0.65886743   0.67673962   
56.00000000    0.09497613   0.16167113   0.16368050   0.28010447   0.28113921   0.40593828   0.40670477   0.52176537   0.52350390   0.57777504   0.57977163   0.62494365   0.62499683   0.63253004   0.63364419   0.65505227   0.65561525   0.66716883   0.67238760   0.67895802   
57.00000000    0.07126844   0.14942720   0.15065963   0.27320502   0.27385502   0.40130308   0.40194558   0.52047482   0.52211227   0.58257548   0.58424181   0.63977098   0.63983480   0.64747837   0.64869618   0.66250790   0.66395007   0.68073678   0.68509852   0.68550196   
58.00000000    0.04752901   0.14002356   0.14062486   0.26814908   0.26854755   0.39793419   0.39851549   0.51927509   0.52084082   0.58671080   0.58828419   0.65459860   0.65484201   0.66289521   0.66427453   0.66802461   0.67040750   0.68968721   0.68983100   0.69538258   
59.00000000    0.02376943   0.13405016   0.13425839   0.26503928   0.26534100   0.39588678   0.39644787   0.51845731   0.51998128   0.58945957   0.59112567   0.66657721   0.66852008   0.67602346   0.67781072   0.67883045   0.68030920   0.68451048   0.68561162   0.70651707   
60.00000000    0.00000000   0.13197012   0.13209622   0.26398997   0.26426698   0.39520776   0.39574787   0.51818174   0.51966563   0.59043215   0.59213732   0.67103922   0.67567980   0.68047654   0.68048490   0.68976370   0.68977114   0.69128483   0.69214974   0.69375784   
