# Interlayer distance / a  Band1    Band2   ...
0.00000000        0.24135493       0.24814618       0.27149512       0.27827175       0.27847612       0.27978328       0.27978630       0.30813320       0.34084866       0.34757233       0.38187719       0.38209684       0.40207262       0.41357389       0.41360108       0.42441819       0.47277321       0.47590217       0.47666696       0.48251432       0.48456263       0.48464881       0.48465578       0.48472634       0.48473725       0.48514281       0.48514762       0.48604878       0.48617855       0.48688994       
0.02000000        0.24192054       0.24866164       0.27043310       0.27843738       0.27844223       0.27874189       0.27895917       0.30798410       0.33601961       0.34284218       0.37720688       0.37745692       0.39836729       0.40998890       0.41002024       0.42072538       0.46936601       0.47355077       0.47891717       0.48123247       0.48433563       0.48434494       0.48450783       0.48494223       0.48495272       0.48598578       0.48607018       0.48719833       0.48757369       0.48774614       
0.04000000        0.24587183       0.25254611       0.28261184       0.28281049       0.29351431       0.30006560       0.30007040       0.33201373       0.33392063       0.33918892       0.37383086       0.37406562       0.39984385       0.41153906       0.41156661       0.42214801       0.47280005       0.47658775       0.48244094       0.48470523       0.48470264       0.48489845       0.48520434       0.48520894       0.48606161       0.48618737       0.48763541       0.48838482       0.48838960       0.48859399       
0.06000000        0.24804930       0.25472844       0.28489037       0.28509336       0.30225333       0.30785105       0.30785356       0.32817315       0.33556733       0.34187875       0.37088583       0.37111275       0.39893464       0.41064816       0.41067574       0.42142929       0.47304373       0.47683324       0.48245489       0.48470421       0.48470906       0.48497182       0.48525104       0.48525496       0.48607333       0.48620495       0.48764347       0.48845204       0.48845587       0.48954292       
0.08000000        0.24991117       0.25650815       0.28657462       0.28677655       0.30886975       0.31353454       0.31354256       0.32418768       0.33166003       0.34662138       0.36739503       0.36760713       0.39755094       0.40919633       0.40922615       0.42001221       0.47308249       0.47683366       0.48244744       0.48469122       0.48468602       0.48498393       0.48527505       0.48527876       0.48607671       0.48620586       0.48764044       0.48848321       0.48848716       0.48953788       
0.10000000        0.25192224       0.25852799       0.28855540       0.28875369       0.31466833       0.31877281       0.31877488       0.32086873       0.32826416       0.35177101       0.36401544       0.36424944       0.39678941       0.40849387       0.40852062       0.41933390       0.47325702       0.47690213       0.48244218       0.48467643       0.48467095       0.48499997       0.48528141       0.48528502       0.48609135       0.48622077       0.48763932       0.48849241       0.48849625       0.48952343       
0.12000000        0.25378203       0.26040111       0.29048628       0.29068850       0.31789572       0.32009780       0.32335037       0.32335698       0.32540600       0.35625113       0.36200997       0.36223201       0.39592842       0.40758580       0.40761284       0.41872490       0.47343520       0.47707197       0.48244954       0.48467057       0.48467283       0.48504270       0.48530739       0.48531073       0.48610241       0.48623557       0.48764497       0.48852995       0.48853317       0.48954115       
0.14000000        0.25531266       0.26185892       0.29181754       0.29201838       0.31472658       0.32224894       0.32414819       0.32641658       0.32643526       0.35866655       0.35955680       0.35975895       0.39456847       0.40609961       0.40612913       0.41741950       0.47341560       0.47701669       0.48244018       0.48465070       0.48465024       0.48503862       0.48531805       0.48532148       0.48610488       0.48623453       0.48764147       0.48854181       0.48854510       0.48950866       
0.16000000        0.25696546       0.26354831       0.29347281       0.29367070       0.31202555       0.31947482       0.32779597       0.32938299       0.32940010       0.35716774       0.35738481       0.36170316       0.39376214       0.40532187       0.40534747       0.41663530       0.47358494       0.47712438       0.48244245       0.48463683       0.48463744       0.48504337       0.48532260       0.48532596       0.48611900       0.48625062       0.48764464       0.48854854       0.48855187       0.48949827       
0.18000000        0.25855856       0.26515769       0.29512303       0.29532449       0.30979287       0.31730858       0.33162046       0.33186729       0.33190415       0.35643126       0.35662536       0.36487675       0.39298877       0.40447710       0.40450324       0.41615561       0.47372653       0.47725100       0.48244995       0.48463879       0.48463856       0.48507668       0.48533948       0.48534242       0.48612974       0.48626455       0.48765079       0.48857232       0.48857542       0.48950215       
0.20000000        0.25981366       0.26634201       0.29617005       0.29636982       0.30731570       0.31480901       0.33297749       0.33303807       0.33436245       0.35537274       0.35553535       0.36637813       0.39169037       0.40302479       0.40305369       0.41497821       0.47367306       0.47716064       0.48244067       0.48461963       0.48461805       0.48506730       0.48534394       0.48534733       0.48613169       0.48626235       0.48764804       0.48857453       0.48857787       0.48949523       
0.22000000        0.26114603       0.26773367       0.29754786       0.29774540       0.30511309       0.31255570       0.33399574       0.33406722       0.33677338       0.35435097       0.35451392       0.36827136       0.39084974       0.40220206       0.40222644       0.41408272       0.47384720       0.47731098       0.48244982       0.48460853       0.48460717       0.48506720       0.48534985       0.48535309       0.48614586       0.48627986       0.48765488       0.48858324       0.48858641       0.48948660       
0.24000000        0.26251855       0.26912169       0.29896863       0.29916941       0.30347147       0.31095074       0.33462443       0.33472690       0.33968403       0.35514015       0.35526963       0.37080403       0.39018877       0.40146379       0.40148891       0.41374818       0.47396503       0.47740531       0.48245750       0.48461540       0.48461109       0.48509660       0.48536200       0.48536522       0.48615655       0.48629335       0.48766166       0.48859979       0.48860257       0.48947849       
0.26000000        0.26354751       0.27007828       0.29978513       0.29998398       0.30154918       0.30898323       0.33415051       0.33427691       0.34166000       0.35549485       0.35553594       0.37186190       0.38897720       0.40008671       0.40011480       0.41271114       0.47388953       0.47728886       0.48244763       0.48459871       0.48459414       0.48508473       0.48536216       0.48536546       0.48615841       0.48629031       0.48765900       0.48859597       0.48859934       0.48946403       
0.28000000        0.26457899       0.27114948       0.29974652       0.30079950       0.30101655       0.30713229       0.33364987       0.33380645       0.34330180       0.35559920       0.35567993       0.37287623       0.38807523       0.39915377       0.39918720       0.41171060       0.47401260       0.47741274       0.48246002       0.48458665       0.48458112       0.48507356       0.48536555       0.48536969       0.48617041       0.48630609       0.48766807       0.48860156       0.48860545       0.48944587       
0.30000000        0.26582262       0.27239923       0.29860943       0.30206780       0.30226645       0.30597452       0.33350330       0.33366100       0.34573306       0.35706076       0.35707925       0.37525472       0.38778204       0.39883437       0.39885908       0.41160341       0.47433420       0.47767875       0.48253774       0.48460580       0.48460302       0.48509685       0.48538157       0.48538478       0.48618831       0.48633055       0.48770837       0.48864624       0.48864912       0.48947417       
0.32000000        0.26676142       0.27329178       0.29726888       0.30288685       0.30308487       0.30461544       0.33267820       0.33284660       0.34747737       0.35826758       0.35821125       0.37622427       0.38705571       0.39794127       0.39796910       0.41094198       0.47455892       0.47786774       0.48261048       0.48460707       0.48460423       0.48509737       0.48539508       0.48539802       0.48619998       0.48634636       0.48774795       0.48869051       0.48869329       0.48948394       
0.34000000        0.26755655       0.27413357       0.29577940       0.30310022       0.30368664       0.30390275       0.33169250       0.33188412       0.34860044       0.35875541       0.35872750       0.37689162       0.38606053       0.39694610       0.39697970       0.40989587       0.47465109       0.47797983       0.48261672       0.48459737       0.48459439       0.48508411       0.48540058       0.48540444       0.48620989       0.48636030       0.48775392       0.48869504       0.48869829       0.48949098       
0.36000000        0.26855208       0.27510875       0.29482742       0.30207588       0.30464100       0.30483801       0.33107455       0.33125650       0.35037786       0.36003684       0.36001179       0.37868912       0.38559755       0.39640653       0.39643093       0.40964188       0.47468957       0.47792993       0.48262457       0.48459963       0.48460218       0.48509951       0.48539931       0.48540248       0.48622085       0.48636783       0.48776130       0.48868871       0.48869175       0.48948028       
0.38000000        0.26930599       0.27585291       0.29375806       0.30103049       0.30537655       0.30557404       0.33020465       0.33039065       0.35167702       0.36122995       0.36126132       0.37945030       0.38478125       0.39543039       0.39545732       0.40903769       0.47472556       0.47795719       0.48263132       0.48459739       0.48459904       0.48510582       0.48540777       0.48541080       0.48622719       0.48637451       0.48776903       0.48870189       0.48870473       0.48946462       
0.40000000        0.26991675       0.27651439       0.29253841       0.29980099       0.30601432       0.30622992       0.32921692       0.32942309       0.35246942       0.36175301       0.36174034       0.37986431       0.38379722       0.39444407       0.39447716       0.40795669       0.47480695       0.47806669       0.48263562       0.48458834       0.48458818       0.48509389       0.48541535       0.48541930       0.48623593       0.48638709       0.48777423       0.48870889       0.48871238       0.48946465       
0.42000000        0.27076072       0.27734831       0.29181891       0.29902143       0.30684482       0.30704176       0.32864346       0.32883577       0.35389140       0.36288361       0.36291918       0.38133992       0.38342917       0.39401443       0.39403789       0.40778528       0.47486753       0.47804727       0.48264338       0.48459341       0.48459593       0.48510790       0.48541362       0.48541691       0.48624858       0.48639772       0.48778214       0.48870249       0.48870545       0.48933657       
0.44000000        0.27139513       0.27796295       0.29100961       0.29821475       0.30743701       0.30763415       0.32789447       0.32808839       0.35497009       0.36397450       0.36398626       0.38203249       0.38273502       0.39316977       0.39319587       0.40732295       0.47488015       0.47804730       0.48265145       0.48459142       0.48459489       0.48511413       0.48541943       0.48542255       0.48625463       0.48640316       0.48779093       0.48871266       0.48871554       0.48929535       
0.46000000        0.27185113       0.27847593       0.28999767       0.29720966       0.30794368       0.30815901       0.32701332       0.32722637       0.35551694       0.36439234       0.36438632       0.38177339       0.38225479       0.39220918       0.39224184       0.40622565       0.47494877       0.47815830       0.48265421       0.48458204       0.48458270       0.48510415       0.48542979       0.48543372       0.48626194       0.48641478       0.48779532       0.48872235       0.48872558       0.48922769       
0.48000000        0.27256480       0.27918688       0.28945313       0.29661618       0.30866756       0.30886455       0.32654207       0.32673937       0.35666574       0.36537313       0.36537908       0.38148496       0.38347100       0.39187121       0.39189388       0.40611144       0.47503381       0.47816440       0.48266099       0.48459009       0.48458812       0.48511667       0.48542779       0.48543101       0.48627669       0.48642865       0.48780343       0.48871551       0.48871857       0.48914626       
0.50000000        0.27305536       0.27970344       0.28881179       0.29600596       0.30920906       0.30940746       0.32600448       0.32620380       0.35738276       0.36619920       0.36617592       0.38077761       0.38413845       0.39107075       0.39109405       0.40564049       0.47487420       0.47801451       0.48260502       0.48458108       0.48458306       0.48513019       0.48542800       0.48543136       0.48627729       0.48642447       0.48777897       0.48869093       0.48869353       0.48907821       
0.52000000        0.27327556       0.27993514       0.28788491       0.29506190       0.30938392       0.30959911       0.32507332       0.32529008       0.35750816       0.36626111       0.36622757       0.37961531       0.38398756       0.38982024       0.38985223       0.40433244       0.47463899       0.47779679       0.48254105       0.48455725       0.48455182       0.48511161       0.48542372       0.48542845       0.48627320       0.48641311       0.48774905       0.48865220       0.48865604       0.48897466       
0.54000000        0.27385897       0.28052730       0.28744435       0.29458717       0.30999655       0.31019360       0.32467813       0.32487816       0.35836469       0.36701024       0.36703628       0.37932983       0.38498373       0.38953377       0.38955553       0.40426401       0.47475214       0.47783832       0.48254726       0.48456273       0.48456014       0.48512381       0.48542171       0.48542516       0.48628973       0.48643027       0.48775816       0.48864695       0.48865032       0.48884660       
0.56000000        0.27440802       0.28113326       0.28706925       0.29426415       0.31070071       0.31090066       0.32445994       0.32466286       0.35932330       0.36803933       0.36805792       0.37903880       0.38584604       0.38921432       0.38923661       0.40412474       0.47487883       0.47797445       0.48256644       0.48457264       0.48457371       0.48514763       0.48543709       0.48544054       0.48630099       0.48644577       0.48777246       0.48866863       0.48867152       0.48880056       
0.58000000        0.27460763       0.28130970       0.28634666       0.29350506       0.31081716       0.31101509       0.32365639       0.32385730       0.35955874       0.36823373       0.36822291       0.37812468       0.38569808       0.38818757       0.38821075       0.40313540       0.47482190       0.47791502       0.48256806       0.48455681       0.48455985       0.48513015       0.48544030       0.48544384       0.48630232       0.48644416       0.48777639       0.48866889       0.48867269       0.48870519       
0.60000000        0.27505170       0.28175070       0.28595558       0.29306763       0.31123717       0.31143442       0.32323205       0.32343343       0.36018724       0.36877013       0.36876912       0.37781143       0.38638603       0.38786176       0.38788300       0.40291621       0.47490893       0.47794561       0.48257542       0.48455991       0.48456099       0.48512931       0.48543520       0.48543874       0.48631874       0.48646135       0.48778608       0.48853441       0.48865990       0.48866374       
0.62000000        0.27554947       0.28229704       0.28571934       0.29287354       0.31187302       0.31207304       0.32312110       0.32332510       0.36106411       0.36971925       0.36971798       0.37763939       0.38725424       0.38767167       0.38769349       0.40291868       0.47502481       0.47806179       0.48259118       0.48457273       0.48457198       0.48515642       0.48544877       0.48545194       0.48633029       0.48647631       0.48779899       0.48848526       0.48867903       0.48868327       
0.64000000        0.27569729       0.28241169       0.28513325       0.29224263       0.31192008       0.31211796       0.32242099       0.32262267       0.36123475       0.36984048       0.36985286       0.37683393       0.38675587       0.38677860       0.38712502       0.40206899       0.47495841       0.47798374       0.48259059       0.48456107       0.48455540       0.48513850       0.48544986       0.48545344       0.48633184       0.48647409       0.48780267       0.48837089       0.48867678       0.48868054       
0.66000000        0.27601441       0.28274500       0.28476827       0.29185646       0.31225693       0.31245441       0.32205061       0.32225267       0.36166078       0.37022037       0.37021862       0.37648133       0.38640032       0.38642117       0.38753680       0.40171495       0.47505746       0.47805444       0.48260009       0.48455765       0.48456026       0.48513564       0.48544896       0.48545252       0.48634817       0.48649325       0.48781335       0.48817009       0.48867290       0.48867629       
0.68000000        0.27647570       0.28324602       0.28464645       0.29176706       0.31283778       0.31303793       0.32202791       0.32223244       0.36248273       0.37111095       0.37111535       0.37642187       0.38633114       0.38635259       0.38842632       0.40185620       0.47516328       0.47815100       0.48261277       0.48457186       0.48457235       0.48516251       0.48546054       0.48546419       0.48635992       0.48650788       0.48782508       0.48812081       0.48868951       0.48869243       
0.70000000        0.27658666       0.28331398       0.28417326       0.29124062       0.31282945       0.31302734       0.32141385       0.32161587       0.36261001       0.37120535       0.37120298       0.37571952       0.38552165       0.38554402       0.38832875       0.40114184       0.47508828       0.47805589       0.48260969       0.48455754       0.48456046       0.48514509       0.48545963       0.48546308       0.48636174       0.48650521       0.48782781       0.48798814       0.48868782       0.48871903       
0.72000000        0.27678768       0.28355044       0.28381657       0.29088751       0.31309316       0.31329091       0.32108679       0.32128917       0.36285450       0.37142396       0.37141832       0.37531975       0.38512773       0.38514829       0.38848180       0.40064544       0.47519851       0.47816488       0.48262157       0.48455946       0.48455333       0.48514277       0.48546321       0.48546676       0.48637812       0.48652581       0.48775924       0.48784013       0.48860653       0.48868758       
0.74000000        0.27722470       0.28379035       0.28401794       0.29088406       0.31363004       0.31383033       0.32113638       0.32134110       0.36364232       0.37228249       0.37227119       0.37536609       0.38517062       0.38519178       0.38940469       0.40092200       0.47529482       0.47824213       0.48263158       0.48457205       0.48456991       0.48516943       0.48547291       0.48547647       0.48639025       0.48654031       0.48771359       0.48785080       0.48857770       0.48870109       
0.76000000        0.27731109       0.28341178       0.28405161       0.29044373       0.31357781       0.31377574       0.32059356       0.32079566       0.36374248       0.37234124       0.37234541       0.37476105       0.38446202       0.38448412       0.38934877       0.40033849       0.47521186       0.47813130       0.48262582       0.48456141       0.48455618       0.48515224       0.48546959       0.48547333       0.48639216       0.48653710       0.48756553       0.48785221       0.48849148       0.48869431       
0.78000000        0.27740284       0.28305281       0.28416336       0.29007937       0.31367433       0.31389022       0.32020382       0.32042397       0.36383231       0.37239519       0.37240024       0.37430052       0.38397282       0.38400421       0.38922111       0.39969365       0.47528303       0.47821886       0.48263792       0.48455112       0.48455115       0.48513823       0.48547164       0.48547642       0.48640634       0.48655546       0.48731324       0.48786515       0.48834604       0.48869620       
0.80000000        0.27786962       0.28315131       0.28463519       0.29016913       0.31419877       0.31439767       0.32034125       0.32054458       0.36473859       0.37331776       0.37331516       0.37463525       0.38430731       0.38432866       0.39030167       0.40018838       0.47555972       0.47844905       0.48270453       0.48457875       0.48457664       0.48516382       0.48548772       0.48549135       0.48642631       0.48658215       0.48733489       0.48790400       0.48836322       0.48873925       
0.82000000        0.27805028       0.28297102       0.28478706       0.28995603       0.31432453       0.31452247       0.32008600       0.32028808       0.36512034       0.37368607       0.37366550       0.37445811       0.38404056       0.38406295       0.39046503       0.39993273       0.47574494       0.47860732       0.48276658       0.48458229       0.48458542       0.48515955       0.48550110       0.48550456       0.48643973       0.48659954       0.48730018       0.48794245       0.48835098       0.48878061       
0.84000000        0.27806562       0.28262031       0.28483216       0.28961474       0.31435968       0.31457559       0.31971738       0.31993748       0.36506728       0.37365012       0.37362147       0.37391593       0.38350805       0.38353969       0.39025377       0.39925388       0.47579905       0.47869069       0.48277257       0.48457699       0.48457610       0.48514493       0.48550637       0.48551077       0.48645159       0.48661581       0.48708005       0.48795117       0.48823177       0.48878074       
0.86000000        0.27840004       0.28264822       0.28513602       0.28959613       0.31466950       0.31486727       0.31969088       0.31989278       0.36568534       0.37403452       0.37420756       0.37422874       0.38357892       0.38360061       0.39105665       0.39954364       0.47582717       0.47864480       0.48278008       0.48458771       0.48458309       0.48516030       0.48550363       0.48550730       0.48646454       0.48662501       0.48696061       0.48796039       0.48814026       0.48877762       
0.88000000        0.27852767       0.28248541       0.28527139       0.28943990       0.31482597       0.31502398       0.31953277       0.31973466       0.36591283       0.37376822       0.37447989       0.37450083       0.38326296       0.38328517       0.39119358       0.39931771       0.47585174       0.47866431       0.48278575       0.48458782       0.48458218       0.48516587       0.48551198       0.48551566       0.48647163       0.48663236       0.48686550       0.48797054       0.48808785       0.48878892       
0.90000000        0.27849596       0.28215857       0.28527552       0.28913235       0.31483081       0.31504686       0.31920702       0.31942701       0.36579284       0.37322508       0.37437878       0.37440953       0.38273258       0.38276405       0.39090513       0.39860639       0.47590225       0.47874894       0.48278944       0.48457527       0.48457780       0.48515255       0.48552007       0.48552486       0.48648202       0.48664702       0.48666542       0.48797788       0.48798342       0.48879551       
0.92000000        0.27878974       0.28220418       0.28554761       0.28914216       0.31511949       0.31531758       0.31921861       0.31942047       0.36633488       0.37336170       0.37489779       0.37491918       0.38283294       0.38285439       0.39161716       0.39889893       0.47594646       0.47872725       0.48279636       0.48458637       0.48458434       0.48516659       0.48551766       0.48552132       0.48649696       0.48652352       0.48665976       0.48787270       0.48798727       0.48878818       
0.94000000        0.27891334       0.28209660       0.28566425       0.28902598       0.31523482       0.31543290       0.31907966       0.31928131       0.36656913       0.37317806       0.37516372       0.37518446       0.38259850       0.38262061       0.39181302       0.39878528       0.47595337       0.47872486       0.48280243       0.48458522       0.48458609       0.48517260       0.48552324       0.48552687       0.48642601       0.48650402       0.48666614       0.48781336       0.48799799       0.48880340       
0.96000000        0.27884115       0.28178643       0.28563611       0.28874645       0.31521772       0.31543398       0.31879200       0.31901186       0.36639150       0.37263360       0.37501626       0.37504728       0.38207376       0.38210516       0.39145873       0.39804968       0.47599749       0.47881382       0.48280441       0.48457791       0.48457469       0.48516006       0.48553475       0.48553938       0.48624974       0.48651285       0.48667943       0.48772992       0.48800400       0.48881007       
0.98000000        0.27909873       0.28184296       0.28587898       0.28877593       0.31548754       0.31568592       0.31883357       0.31903535       0.36686349       0.37277749       0.37547044       0.37549165       0.38218888       0.38221010       0.39208037       0.39832845       0.47605988       0.47881187       0.48280968       0.48458660       0.48458231       0.48517366       0.48553200       0.48553597       0.48609019       0.48653010       0.48669555       0.48760087       0.48801356       0.48880177       
1.00000000        0.27917803       0.28174138       0.28599060       0.28870204       0.31563871       0.31583825       0.31878617       0.31898908       0.36693640       0.37251715       0.37562674       0.37564741       0.38193106       0.38195234       0.39227823       0.39821833       0.47591562       0.47867788       0.48276153       0.48457563       0.48457881       0.48518999       0.48553165       0.48553551       0.48590055       0.48653199       0.48669101       0.48748069       0.48799394       0.48878163       
1.02000000        0.27897816       0.28135259       0.28579520       0.28831019       0.31540460       0.31562111       0.31833515       0.31855498       0.36649173       0.37174055       0.37517331       0.37520385       0.38111463       0.38114554       0.39166663       0.39725925       0.47569694       0.47848135       0.48270671       0.48455214       0.48454890       0.48516722       0.48552635       0.48553162       0.48558263       0.48652728       0.48668025       0.48727913       0.48796971       0.48874097       
1.04000000        0.27918091       0.28139079       0.28599454       0.28833407       0.31563381       0.31583247       0.31837459       0.31857632       0.36682446       0.37181110       0.37552627       0.37554707       0.38119946       0.38122018       0.39220066       0.39751767       0.47577814       0.47850647       0.48271156       0.48455978       0.48455681       0.48517997       0.48538388       0.48552352       0.48552762       0.48654681       0.48670045       0.48711329       0.48798048       0.48873991       
1.06000000        0.27938656       0.28144799       0.28625816       0.28844553       0.31599986       0.31620115       0.31857117       0.31877537       0.36723677       0.37193154       0.37601098       0.37603142       0.38134995       0.38137086       0.39265289       0.39770428       0.47588992       0.47862683       0.48272694       0.48457269       0.48456905       0.48520861       0.48537625       0.48554075       0.48554500       0.48655960       0.48671765       0.48712572       0.48799522       0.48876201       
1.08000000        0.27924088       0.28115160       0.28608772       0.28811844       0.31577729       0.31597635       0.31817340       0.31837512       0.36697562       0.37138661       0.37572019       0.37574019       0.38073695       0.38075794       0.39218283       0.39698408       0.47583040       0.47856996       0.48272740       0.48455738       0.48455432       0.48518782       0.48518981       0.48554435       0.48554825       0.48656179       0.48671670       0.48700516       0.48800111       0.48876402       
1.10000000        0.27936848       0.28114420       0.28619898       0.28808432       0.31587400       0.31607291       0.31811098       0.31831262       0.36718716       0.37137968       0.37592005       0.37594054       0.38071922       0.38073981       0.39249345       0.39705352       0.47588680       0.47858427       0.48273273       0.48456050       0.48455615       0.48495976       0.48518742       0.48553822       0.48554234       0.48658105       0.48673676       0.48681701       0.48801175       0.48875370       
1.12000000        0.27958827       0.28124590       0.28646719       0.28823100       0.31623269       0.31643417       0.31833286       0.31853693       0.36762042       0.37156833       0.37642118       0.37644160       0.38093984       0.38096059       0.39301728       0.39734927       0.47599046       0.47868810       0.48274508       0.48457441       0.48457181       0.48496067       0.48521643       0.48555376       0.48555757       0.48659424       0.48675361       0.48683250       0.48802539       0.48877524       
1.14000000        0.27945659       0.28099413       0.28630060       0.28793937       0.31600202       0.31620117       0.31796038       0.31816191       0.36738365       0.37109104       0.37615031       0.37617033       0.38039303       0.38041398       0.39261972       0.39673909       0.47592375       0.47861529       0.48274372       0.48455789       0.48455640       0.48478207       0.48519562       0.48555452       0.48555870       0.48659662       0.48670419       0.48675193       0.48803070       0.48877246       
1.16000000        0.27951109       0.28093782       0.28635933       0.28787854       0.31606725       0.31626639       0.31789289       0.31809443       0.36747512       0.37100001       0.37624015       0.37626059       0.38030004       0.38032053       0.39272337       0.39663431       0.47599024       0.47866467       0.48275063       0.48455337       0.48455493       0.48456635       0.48519317       0.48555348       0.48555742       0.48653069       0.48661596       0.48677421       0.48804253       0.48876847       
1.18000000        0.27974792       0.28108077       0.28663490       0.28805709       0.31642135       0.31662298       0.31813659       0.31834050       0.36793397       0.37125386       0.37676190       0.37678231       0.38058639       0.38060711       0.39332171       0.39703703       0.47608612       0.47875196       0.48276119       0.48457086       0.48457168       0.48457326       0.48522323       0.48556670       0.48557087       0.48654786       0.48662961       0.48679064       0.48805498       0.48878870       
1.20000000        0.27963314       0.28087035       0.28647528       0.28779768       0.31618574       0.31638495       0.31778620       0.31798754       0.36772415       0.37084024       0.37651434       0.37653445       0.38010271       0.38012361       0.39299900       0.39653393       0.47601271       0.47866439       0.48275731       0.48439569       0.48455520       0.48456085       0.48520282       0.48556499       0.48556930       0.48641225       0.48663216       0.48678856       0.48805910       0.48878624       
1.22000000        0.27961660       0.28076281       0.28648361       0.28770770       0.31622154       0.31642088       0.31771135       0.31791279       0.36769865       0.37066236       0.37649697       0.37651737       0.37993155       0.37995194       0.39289830       0.39625253       0.47608873       0.47874760       0.48276611       0.48418166       0.48455279       0.48455873       0.48519991       0.48556916       0.48557325       0.48625786       0.48665148       0.48681262       0.48807276       0.48878638       
1.24000000        0.27987281       0.28094444       0.28676872       0.28791537       0.31657323       0.31677498       0.31797398       0.31817773       0.36818723       0.37097914       0.37704283       0.37706326       0.38027994       0.38030062       0.39357382       0.39676050       0.47617711       0.47881832       0.48277402       0.48420393       0.48456786       0.48457349       0.48523080       0.48558000       0.48558427       0.48627499       0.48666570       0.48682889       0.48808393       0.48880191       
1.26000000        0.27977726       0.28077275       0.28661857       0.28768561       0.31633521       0.31653449       0.31764311       0.31784424       0.36800692       0.37062579       0.37682162       0.37684181       0.37985666       0.37987755       0.39332800       0.39636184       0.47609726       0.47871704       0.48276798       0.48403120       0.48455501       0.48456097       0.48521065       0.48557581       0.48558004       0.48613235       0.48666837       0.48682623       0.48808746       0.48879781       
1.28000000        0.27969133       0.28061301       0.28654412       0.28753142       0.31624378       0.31646101       0.31746021       0.31767932       0.36787187       0.37035956       0.37666788       0.37669811       0.37956591       0.37959674       0.39300519       0.39589116       0.47613995       0.47878223       0.48277714       0.48380949       0.48454727       0.48455335       0.48519434       0.48557840       0.48558400       0.48597868       0.48668526       0.48684764       0.48810106       0.48879516       
1.30000000        0.28001031       0.28087723       0.28686592       0.28779071       0.31661347       0.31681364       0.31776880       0.31797109       0.36853682       0.37091650       0.37736373       0.37738425       0.38012994       0.38015086       0.39385919       0.39660089       0.47638912       0.47898916       0.48283425       0.48397046       0.48457428       0.48458057       0.48522390       0.48559667       0.48560105       0.48609781       0.48670886       0.48687826       0.48813632       0.48884118       
1.32000000        0.28005021       0.28085392       0.28687453       0.28773819       0.31659804       0.31679730       0.31767266       0.31787359       0.36870775       0.37093311       0.37749185       0.37751252       0.38009300       0.38011430       0.39387315       0.39649279       0.47655367       0.47913015       0.48288709       0.48402276       0.48458185       0.48458745       0.48521800       0.48561217       0.48561644       0.48614277       0.48672369       0.48689629       0.48817266       0.48888581       
1.34000000        0.27992004       0.28066363       0.28676721       0.28756595       0.31647670       0.31669394       0.31747529       0.31769420       0.36846043       0.37056709       0.37726594       0.37729648       0.37974173       0.37977287       0.39349013       0.39597459       0.47658606       0.47919535       0.48289166       0.48384094       0.48457415       0.48457931       0.48520177       0.48561848       0.48562372       0.48603122       0.48673779       0.48691510       0.48818229       0.48887824       
1.36000000        0.28013220       0.28082622       0.28694347       0.28768876       0.31665574       0.31685487       0.31759206       0.31779270       0.36888132       0.37087235       0.37766071       0.37768171       0.38001110       0.38003242       0.39410078       0.39645132       0.47660788       0.47915250       0.48289760       0.48376827       0.48458373       0.48458921       0.48521808       0.48561474       0.48561904       0.48593250       0.48675301       0.48692643       0.48819281       0.48887751       
1.38000000        0.28014383       0.28079047       0.28696317       0.28765992       0.31669119       0.31689046       0.31756916       0.31776988       0.36891705       0.37078914       0.37771503       0.37773579       0.37991624       0.37993758       0.39410774       0.39635641       0.47662721       0.47916882       0.48290146       0.48370948       0.48458304       0.48458889       0.48522489       0.48562426       0.48562841       0.48589064       0.48676158       0.48693513       0.48820374       0.48890075       
1.40000000        0.27999391       0.28059201       0.28684335       0.28748770       0.31656725       0.31678458       0.31738297       0.31760176       0.36863176       0.37040057       0.37745624       0.37748681       0.37954671       0.37957778       0.39366714       0.39579266       0.47665931       0.47923721       0.48290401       0.48356006       0.48457439       0.48457980       0.48520938       0.48563405       0.48563930       0.48580812       0.48677405       0.48695206       0.48821224       0.48889346       
1.42000000        0.28018786       0.28074577       0.28701074       0.28761155       0.31674741       0.31694675       0.31751185       0.31771250       0.36901479       0.37069034       0.37781928       0.37784016       0.37980870       0.37982989       0.39422242       0.39623884       0.47669290       0.47921390       0.48290910       0.48347658       0.48458353       0.48458911       0.48522551       0.48563060       0.48563492       0.48570209       0.48679174       0.48696725       0.48822231       0.48889578       
1.44000000        0.28021842       0.28073863       0.28703429       0.28759636       0.31676411       0.31696336       0.31748137       0.31768187       0.36908810       0.37066312       0.37790075       0.37792165       0.37976367       0.37978504       0.39430787       0.39623828       0.47669707       0.47921097       0.48291393       0.48341486       0.48458356       0.48458972       0.48523153       0.48563652       0.48564087       0.48565241       0.48680020       0.48697509       0.48823453       0.48891273       
1.46000000        0.28005028       0.28053132       0.28690547       0.28742527       0.31664111       0.31685856       0.31730742       0.31752612       0.36876936       0.37025441       0.37761576       0.37764637       0.37938094       0.37941198       0.39381848       0.39563709       0.47672613       0.47928547       0.48291549       0.48329299       0.48457389       0.48457984       0.48521695       0.48560078       0.48565014       0.48565550       0.48681074       0.48699005       0.48824129       0.48890814       
1.48000000        0.28022642       0.28067486       0.28706254       0.28754685       0.31682099       0.31702051       0.31744506       0.31764571       0.36911307       0.37052321       0.37794336       0.37796417       0.37962737       0.37964843       0.39431215       0.39604201       0.47677398       0.47927823       0.48291957       0.48320424       0.48458223       0.48458770       0.48523281       0.48548742       0.48564685       0.48565115       0.48683104       0.48700918       0.48825245       0.48889781       
1.50000000        0.28022803       0.28065588       0.28709943       0.28755299       0.31688542       0.31708575       0.31749090       0.31769302       0.36904055       0.37040718       0.37794186       0.37796240       0.37953359       0.37955448       0.39439653       0.39604856       0.47663870       0.47915519       0.48287538       0.48301760       0.48457554       0.48458121       0.48525048       0.48533940       0.48564606       0.48565053       0.48683349       0.48700669       0.48823639       0.48886771       
1.52000000        0.27995611       0.28034378       0.28682511       0.28724527       0.31657538       0.31679300       0.31712143       0.31734015       0.36848962       0.36973505       0.37736497       0.37739529       0.37884695       0.37887761       0.39366909       0.39520893       0.47643070       0.47897335       0.48269395       0.48282710       0.48454794       0.48455347       0.48509104       0.48522413       0.48563934       0.48564508       0.48682954       0.48699507       0.48821715       0.48882993       
1.54000000        0.28009181       0.28045277       0.28695345       0.28734442       0.31672940       0.31692911       0.31724033       0.31744101       0.36871955       0.36990571       0.37761751       0.37763789       0.37903598       0.37905660       0.39410011       0.39556930       0.47649166       0.47898758       0.48258530       0.48282980       0.48455581       0.48456156       0.48496115       0.48523964       0.48563552       0.48564025       0.48685276       0.48701886       0.48822881       0.48883887       
1.56000000        0.28023694       0.28057381       0.28715540       0.28752117       0.31702850       0.31723078       0.31750840       0.31771161       0.36902024       0.37013739       0.37797853       0.37799887       0.37931475       0.37933537       0.39445622       0.39585385       0.47659334       0.47909697       0.48263826       0.48284273       0.48456837       0.48457414       0.48502580       0.48527122       0.48565582       0.48566053       0.48686779       0.48703799       0.48824363       0.48878780       
1.58000000        0.28002988       0.28034191       0.28692159       0.28726094       0.31673705       0.31693700       0.31718377       0.31738459       0.36865209       0.36969877       0.37757142       0.37759159       0.37882306       0.37884358       0.39390027       0.39522301       0.47653214       0.47904196       0.48248398       0.48284263       0.48455341       0.48455932       0.48490529       0.48524648       0.48565915       0.48566398       0.48687073       0.48703768       0.48825113       0.48877069       
1.60000000        0.28010226       0.28039230       0.28697377       0.28728885       0.31677053       0.31697038       0.31718756       0.31738825       0.36877845       0.36977569       0.37768998       0.37771033       0.37888987       0.37891037       0.39412186       0.39538158       0.47656903       0.47904555       0.48234347       0.48284594       0.48455584       0.48456166       0.48475671       0.48524637       0.48565193       0.48565683       0.48689359       0.48706161       0.48826296       0.48874496       
1.62000000        0.28027368       0.28054458       0.28719249       0.28748746       0.31707489       0.31727726       0.31746688       0.31767005       0.36911845       0.37005799       0.37808745       0.37810776       0.37921842       0.37923900       0.39456319       0.39576197       0.47666421       0.47914050       0.48239985       0.48285642       0.48456926       0.48457521       0.48481779       0.48527909       0.48566977       0.48567456       0.48690899       0.48708046       0.48827701       0.48873356       
1.64000000        0.28009287       0.28034401       0.28697509       0.28724897       0.31678822       0.31698818       0.31715337       0.31735408       0.36879129       0.36967116       0.37771704       0.37773722       0.37877570       0.37879623       0.39409250       0.39522814       0.47659694       0.47907133       0.48224915       0.48285432       0.48455502       0.48456105       0.48469070       0.48525461       0.48567009       0.48567508       0.48691235       0.48707966       0.48828350       0.48871555       
1.66000000        0.28010189       0.28033492       0.28698504       0.28723894       0.31680056       0.31700054       0.31714092       0.31734161       0.36881188       0.36965035       0.37773864       0.37775893       0.37875363       0.37877409       0.39411998       0.39520015       0.47664271       0.47910651       0.48211749       0.48285947       0.48455463       0.48456048       0.48457029       0.48525281       0.48566901       0.48567393       0.48693533       0.48710551       0.48829741       0.48869315       
1.68000000        0.28030011       0.28051795       0.28722093       0.28745878       0.31711062       0.31731305       0.31743078       0.31763389       0.36919277       0.36998285       0.37817338       0.37819376       0.37913065       0.37915121       0.39464753       0.39567579       0.47673142       0.47918697       0.48217687       0.48286781       0.48456974       0.48457550       0.48462480       0.48528659       0.48568417       0.48568916       0.48695131       0.48712423       0.48830872       0.48868266       
1.70000000        0.28014607       0.28034817       0.28702060       0.28724164       0.31682950       0.31702945       0.31712796       0.31732855       0.36890661       0.36964615       0.37784059       0.37786089       0.37873608       0.37875665       0.39426261       0.39523773       0.47665847       0.47910442       0.48202909       0.48286398       0.48448993       0.48455662       0.48456243       0.48526247       0.48568142       0.48568649       0.48695472       0.48712289       0.48831559       0.48866215       
1.72000000        0.28009208       0.28027928       0.28698871       0.28719329       0.31682111       0.31702119       0.31709886       0.31729955       0.36882212       0.36952711       0.37776581       0.37778608       0.37862446       0.37864489       0.39409649       0.39502267       0.47671281       0.47917045       0.48190646       0.48287061       0.48439756       0.48455397       0.48455992       0.48525892       0.48568682       0.48569182       0.48697791       0.48715104       0.48832884       0.48864153       
1.74000000        0.28031751       0.28049265       0.28724205       0.28743382       0.31713715       0.31733960       0.31739860       0.31760164       0.36924551       0.36990994       0.37823862       0.37825907       0.37904893       0.37906953       0.39471124       0.39559329       0.47679536       0.47923622       0.48196786       0.48287714       0.48444736       0.48456903       0.48457510       0.48529385       0.48569901       0.48570406       0.48699417       0.48716910       0.48834074       0.48862881       
1.76000000        0.28019059       0.28035324       0.28705930       0.28723768       0.31686218       0.31706210       0.31710610       0.31730658       0.36900036       0.36962201       0.37794448       0.37796485       0.37870195       0.37872256       0.39441259       0.39524997       0.47671689       0.47914123       0.48182239       0.48287126       0.48430558       0.48455644       0.48456245       0.48527010       0.48569308       0.48569832       0.48699809       0.48716758       0.48834541       0.48860653       
1.78000000        0.28007423       0.28022474       0.28695216       0.28711713       0.31673417       0.31695207       0.31696090       0.31717934       0.36881483       0.36940644       0.37773982       0.37777016       0.37846400       0.37849459       0.39403697       0.39483324       0.47674131       0.47919147       0.48168237       0.48287827       0.48420868       0.48454898       0.48455450       0.48525160       0.48569624       0.48570291       0.48701848       0.48719289       0.48835993       0.48858686       
1.80000000        0.28041499       0.28055611       0.28723966       0.28739420       0.31700495       0.31720447       0.31721879       0.31741879       0.36960396       0.37016819       0.37848912       0.37851022       0.37918525       0.37920655       0.39492138       0.39568076       0.47709375       0.47947931       0.48202180       0.48297317       0.48448187       0.48458555       0.48459120       0.48526960       0.48572106       0.48572612       0.48705201       0.48723505       0.48841336       0.48863968       
1.82000000        0.28038430       0.28051569       0.28723170       0.28737617       0.31703152       0.31723137       0.31723209       0.31743241       0.36955091       0.37008069       0.37845407       0.37847492       0.37910505       0.37912609       0.39480913       0.39553385       0.47712326       0.47951090       0.48200070       0.48297575       0.48447158       0.48458386       0.48458961       0.48527758       0.48573548       0.48574040       0.48706232       0.48724608       0.48842546       0.48862024       
1.84000000        0.28022929       0.28035078       0.28709772       0.28723123       0.31687975       0.31706596       0.31709759       0.31728427       0.36925839       0.36976030       0.37818198       0.37821260       0.37880170       0.37883267       0.39437835       0.39506478       0.47714145       0.47956377       0.48188411       0.48297909       0.48440764       0.48457555       0.48458130       0.48525929       0.48574291       0.48574917       0.48707954       0.48726796       0.48843572       0.48860416       
1.86000000        0.28042090       0.28053435       0.28725196       0.28737657       0.31703379       0.31720840       0.31723346       0.31740850       0.36963533       0.37011018       0.37853025       0.37855124       0.37911956       0.37914074       0.39494023       0.39559162       0.47715855       0.47952265       0.48184906       0.48298367       0.48432539       0.48458561       0.48459139       0.48527765       0.48573793       0.48574304       0.48709740       0.48728158       0.48844703       0.48859093       
1.88000000        0.28041291       0.28051863       0.28725162       0.28736821       0.31704578       0.31720967       0.31724556       0.31740986       0.36962641       0.37007219       0.37853016       0.37855108       0.37908110       0.37910221       0.39491154       0.39553386       0.47717406       0.47953646       0.48182066       0.48298639       0.48430355       0.48458552       0.48459126       0.48528461       0.48574835       0.48575341       0.48710783       0.48729182       0.48845838       0.48857205       
1.90000000        0.28024290       0.28034062       0.28711024       0.28721799       0.31689689       0.31704901       0.31711474       0.31726727       0.36930209       0.36972317       0.37823070       0.37826136       0.37875371       0.37878461       0.39442773       0.39501467       0.47719404       0.47959378       0.48172745       0.48298821       0.48426404       0.48457644       0.48458185       0.48526696       0.48575993       0.48576639       0.48712278       0.48731141       0.48846768       0.48855587       
1.92000000        0.28042016       0.28051136       0.28725967       0.28736014       0.31705640       0.31719899       0.31725622       0.31739915       0.36964935       0.37004914       0.37855598       0.37857690       0.37905489       0.37907599       0.39494308       0.39550184       0.47722027       0.47956927       0.48168697       0.48299225       0.48418183       0.48458563       0.48459124       0.48528540       0.48575540       0.48576061       0.48714365       0.48732953       0.48847830       0.48854118       
1.94000000        0.28043507       0.28052014       0.28726719       0.28736128       0.31705408       0.31718800       0.31725378       0.31738806       0.36968512       0.37006010       0.37859129       0.37861234       0.37905758       0.37907877       0.39499830       0.39553270       0.47722206       0.47956565       0.48165073       0.48299550       0.48414846       0.48458634       0.48459212       0.48529133       0.48576163       0.48576684       0.48715391       0.48733888       0.48849071       0.48852213       
1.96000000        0.28025070       0.28032930       0.28712095       0.28720791       0.31691064       0.31703491       0.31712854       0.31725316       0.36933239       0.36968568       0.37827059       0.37830131       0.37871187       0.37874278       0.39446994       0.39497179       0.47724106       0.47962994       0.48157622       0.48299610       0.48413510       0.48457643       0.48458193       0.48527462       0.48577774       0.48578425       0.48716660       0.48735642       0.48849922       0.48850650       
1.98000000        0.28041329       0.28048659       0.28726337       0.28734438       0.31707348       0.31718990       0.31727342       0.31739013       0.36964720       0.36998378       0.37856757       0.37858843       0.37898996       0.37901091       0.39493089       0.39541023       0.47727904       0.47961899       0.48153477       0.48299916       0.48405188       0.48458475       0.48459052       0.48529278       0.48577349       0.48577875       0.48719091       0.48737894       0.48849051       0.48851021       
2.00000000        0.28038549       0.28049719       0.28728664       0.28736432       0.31709395       0.31728001       0.31729390       0.31748253       0.36949373       0.36994916       0.37850843       0.37852884       0.37895519       0.37897611       0.39497425       0.39545880       0.47714842       0.47950317       0.48136471       0.48295971       0.48390581       0.48457731       0.48458301       0.48531213       0.48577138       0.48577679       0.48719432       0.48737756       0.48843222       0.48850850       
