0.00000000    0.29350392   0.32910760   0.32986172   0.35734888   0.36295223   0.37126080   0.38200042   0.39978996   0.43131855   0.43626535   0.43737330   0.43797937   0.44125679   0.44284714   0.44737808   0.44887286   0.45467335   0.46000411   0.46443831   0.46894941   0.46921923   0.47045740   0.47710838   0.47792688   0.48346523   
1.00000000    0.29374529   0.32912853   0.33013419   0.35733739   0.36281722   0.37130847   0.38172493   0.39996149   0.43141773   0.43699246   0.43817709   0.43862277   0.44184090   0.44358933   0.44797371   0.44964217   0.45526627   0.46055628   0.46491324   0.46893180   0.46983972   0.47041364   0.47731928   0.47838812   0.48360699   
2.00000000    0.29398036   0.32914739   0.33040241   0.35731270   0.36269530   0.37136075   0.38145150   0.40012877   0.43150694   0.43771324   0.43898227   0.43925902   0.44242912   0.44433651   0.44857050   0.45041254   0.45586323   0.46107890   0.46537532   0.46888963   0.47040600   0.47044994   0.47751525   0.47886694   0.48375959   
3.00000000    0.29420897   0.32916426   0.33066612   0.35727494   0.36258659   0.37141766   0.38118020   0.40029162   0.43158722   0.43842651   0.43978845   0.43988784   0.44302234   0.44508799   0.44916858   0.45118387   0.45646344   0.46156422   0.46582241   0.46883539   0.47043412   0.47104811   0.47770043   0.47935888   0.48391660   
4.00000000    0.29443099   0.32917923   0.33092504   0.35722449   0.36249100   0.37147923   0.38091116   0.40044992   0.43165959   0.43913089   0.44050553   0.44059857   0.44362148   0.44584317   0.44976801   0.45195605   0.45706583   0.46200329   0.46625212   0.46878428   0.47049553   0.47163251   0.47787947   0.47985945   0.48405075   
5.00000000    0.29464624   0.32919241   0.33117888   0.35716197   0.36240823   0.37154546   0.38064444   0.40060350   0.43172473   0.43982513   0.44111641   0.44140755   0.44422756   0.44660153   0.45036891   0.45272900   0.45766898   0.46238678   0.46666171   0.46875080   0.47058880   0.47220128   0.47805700   0.48036346   0.48368380   
6.00000000    0.29485458   0.32920390   0.33142735   0.35708825   0.36233773   0.37161638   0.38038017   0.40075222   0.43178340   0.44050785   0.44171653   0.44221850   0.44484159   0.44736262   0.45097138   0.45350262   0.45827070   0.46270641   0.46704830   0.46874611   0.47071504   0.47275266   0.47823630   0.48086361   0.48285331   
7.00000000    0.29505585   0.32921381   0.33167011   0.35700437   0.36227878   0.37169197   0.38011843   0.40089597   0.43183623   0.44117769   0.44230551   0.44303094   0.44546456   0.44812598   0.45157544   0.45427676   0.45886757   0.46295753   0.46740889   0.46877591   0.47087805   0.47328496   0.47841778   0.48134781   0.48201710   
8.00000000    0.29524991   0.32922223   0.33190685   0.35691154   0.36223053   0.37177223   0.37985933   0.40103460   0.43188376   0.44183337   0.44288247   0.44384480   0.44609739   0.44889116   0.45218111   0.45505130   0.45945396   0.46314228   0.46774055   0.46883899   0.47108369   0.47379709   0.47859228   0.48120192   0.48130153   
9.00000000    0.29543659   0.32922928   0.33213720   0.35681110   0.36219200   0.37185714   0.37960298   0.40116800   0.43192652   0.44247366   0.44344646   0.44466006   0.44674088   0.44965765   0.45278837   0.45582606   0.46002018   0.46327256   0.46804051   0.46892775   0.47133819   0.47428850   0.47871917   0.48044897   0.48045270   
10.00000000    0.29561576   0.32923506   0.33236082   0.35670444   0.36216216   0.37194667   0.37934949   0.40129603   0.43196487   0.44309758   0.44399649   0.44547669   0.44739563   0.45042493   0.45339714   0.45660084   0.46054889   0.46337310   0.46830653   0.46903083   0.47164613   0.47475910   0.47864000   0.47959727   0.47992640   
11.00000000    0.29578726   0.32923968   0.33257731   0.35659298   0.36213996   0.37204078   0.37909898   0.40141859   0.43199925   0.44370426   0.44453150   0.44629469   0.44806197   0.45119231   0.45400730   0.45737539   0.46100964   0.46348495   0.46853698   0.46913702   0.47200828   0.47520896   0.47814344   0.47874872   0.47982852   
12.00000000    0.29595095   0.32924326   0.33278628   0.35647816   0.36212439   0.37213942   0.37885156   0.40153556   0.43203002   0.44429305   0.44505040   0.44711404   0.44873999   0.45195899   0.45461862   0.45814941   0.46135749   0.46366471   0.46873111   0.46923811   0.47242050   0.47563675   0.47740976   0.47790545   0.47996581   
13.00000000    0.29610669   0.32924590   0.33298734   0.35636137   0.36211446   0.37224252   0.37860738   0.40164684   0.43205752   0.44486349   0.44555206   0.44793471   0.44942944   0.45272387   0.45523080   0.45892253   0.46155409   0.46396194   0.46888913   0.46932969   0.47287321   0.47602764   0.47662124   0.47707129   0.48014205   
14.00000000    0.29625435   0.32924772   0.33318008   0.35624393   0.36210924   0.37235000   0.37836659   0.40175232   0.43208203   0.44541522   0.44603526   0.44875668   0.45012981   0.45348544   0.45584331   0.45969427   0.46160423   0.46438184   0.46901228   0.46941057   0.47334800   0.47573998   0.47625706   0.47646079   0.48025808   
15.00000000    0.29639378   0.32924880   0.33336406   0.35612713   0.36210790   0.37246174   0.37812935   0.40185192   0.43210387   0.44594801   0.44649883   0.44957994   0.45084028   0.45424150   0.45645560   0.46046402   0.46154975   0.46489168   0.46910247   0.46948119   0.47379234   0.47491475   0.47550688   0.47678712   0.48022560   
16.00000000    0.29652487   0.32924927   0.33353885   0.35601217   0.36210965   0.37257761   0.37789583   0.40194551   0.43212317   0.44646166   0.44694144   0.45040447   0.45155978   0.45498874   0.45706680   0.46123089   0.46143456   0.46545602   0.46916237   0.46954329   0.47393836   0.47407567   0.47507959   0.47705053   0.47870027   
17.00000000    0.29664749   0.32924922   0.33370403   0.35590018   0.36211381   0.37269745   0.37766628   0.40203306   0.43214030   0.44695575   0.44736181   0.45123023   0.45228687   0.45572172   0.45767583   0.46129184   0.46199396   0.46605031   0.46919476   0.46959901   0.47323543   0.47341463   0.47533429   0.47718258   0.47793394   
18.00000000    0.29676152   0.32924874   0.33385917   0.35579221   0.36211975   0.37282104   0.37744095   0.40211444   0.43215537   0.44742981   0.44775868   0.45205719   0.45301974   0.45643136   0.45828122   0.46114909   0.46275138   0.46665720   0.46920190   0.46965209   0.47239863   0.47265249   0.47580766   0.47711239   0.47720312   
19.00000000    0.29686685   0.32924793   0.33400382   0.35568923   0.36212693   0.37294808   0.37722016   0.40218960   0.43216858   0.44788300   0.44813058   0.45288531   0.45375583   0.45710169   0.45888113   0.46103470   0.46350099   0.46726268   0.46918387   0.46970716   0.47157139   0.47184487   0.47603157   0.47678078   0.47683228   
20.00000000    0.29696338   0.32924688   0.33413758   0.35559215   0.36213486   0.37307821   0.37700433   0.40225845   0.43218010   0.44831413   0.44847638   0.45371456   0.45449136   0.45770485   0.45947312   0.46098722   0.46423918   0.46784852   0.46913217   0.46977296   0.47076862   0.47102612   0.47547785   0.47640971   0.47715809   
21.00000000    0.29705101   0.32924567   0.33426003   0.35550179   0.36214314   0.37321092   0.37679400   0.40232094   0.43219008   0.44872112   0.44879511   0.45454486   0.45521987   0.45819881   0.46005398   0.46106009   0.46495974   0.46838087   0.46900083   0.46986243   0.47004485   0.47021513   0.47477568   0.47591576   0.47769009   
22.00000000    0.29712966   0.32924437   0.33437077   0.35541891   0.36215139   0.37334550   0.37658989   0.40237702   0.43219866   0.44907844   0.44910874   0.45537614   0.45592901   0.45854762   0.46061941   0.46130563   0.46565202   0.46879099   0.46862210   0.46937992   0.46957968   0.47006081   0.47409237   0.47539519   0.47819220   
23.00000000    0.29719923   0.32924306   0.33446945   0.35534418   0.36215931   0.37348096   0.37639305   0.40242661   0.43220595   0.44934020   0.44945909   0.45620830   0.45659223   0.45877438   0.46116380   0.46173063   0.46629288   0.46795689   0.46851825   0.46908266   0.46943570   0.47032846   0.47348479   0.47487477   0.47857734   
24.00000000    0.29725967   0.32924180   0.33455571   0.35527821   0.36216665   0.37361582   0.37620496   0.40246968   0.43221206   0.44956764   0.44978016   0.45704117   0.45715180   0.45898611   0.46167944   0.46228844   0.46675543   0.46729595   0.46771435   0.46914596   0.46944763   0.47060097   0.47304957   0.47437305   0.47872070   
25.00000000    0.29731091   0.32924064   0.33462925   0.35522153   0.36217317   0.37374784   0.37602789   0.40250620   0.43221711   0.44976211   0.45006516   0.45752060   0.45787455   0.45932703   0.46215591   0.46292258   0.46626125   0.46745257   0.46690662   0.46908138   0.46957890   0.47068636   0.47294513   0.47390367   0.47853716   
26.00000000    0.29735288   0.32923963   0.33468979   0.35517459   0.36217869   0.37387353   0.37586533   0.40253611   0.43222106   0.44992270   0.45030902   0.45767923   0.45870804   0.45985651   0.46257815   0.46358665   0.46546755   0.46774893   0.46611509   0.46887131   0.46984650   0.47055103   0.47321476   0.47347871   0.47810092   
27.00000000    0.29738555   0.32923882   0.33473711   0.35513776   0.36218309   0.37398749   0.37572272   0.40255940   0.43222411   0.45004857   0.45050638   0.45771203   0.45954096   0.46051432   0.46292132   0.46420201   0.46466569   0.46539714   0.46791410   0.46849371   0.47022864   0.47036995   0.47310682   0.47370720   0.47613712   
28.00000000    0.29740888   0.32923822   0.33477101   0.35511134   0.36218623   0.37408146   0.37560830   0.40257603   0.43222619   0.45013901   0.45065197   0.45769778   0.46037186   0.46123559   0.46310963   0.46393134   0.46422636   0.46527976   0.46797284   0.46798462   0.47024653   0.47064945   0.47279611   0.47429886   0.47565151   
29.00000000    0.29742286   0.32923787   0.33479138   0.35509552   0.36218806   0.37414437   0.37553319   0.40258601   0.43222743   0.45019346   0.45074121   0.45767742   0.46119649   0.46198263   0.46277613   0.46355373   0.46362050   0.46584386   0.46738695   0.46800499   0.47018362   0.47100500   0.47256206   0.47493534   0.47531415   
30.00000000    0.29742745   0.32923777   0.33479813   0.35509045   0.36218851   0.37416516   0.37550841   0.40258931   0.43222779   0.45021152   0.45077093   0.45766932   0.46191778   0.46211671   0.46260256   0.46293814   0.46362066   0.46625941   0.46698177   0.46800867   0.47016487   0.47115528   0.47246463   0.47519078   0.47559197   
31.00000000    0.29765386   0.32933754   0.33506620   0.35521791   0.36191912   0.37405486   0.37531902   0.40274404   0.43237376   0.45051694   0.45100199   0.45792878   0.46266509   0.46287447   0.46334520   0.46361913   0.46432806   0.46674257   0.46772224   0.46869958   0.47009963   0.47182078   0.47313285   0.47588163   0.47623366   
32.00000000    0.29787400   0.32943452   0.33533090   0.35534144   0.36165268   0.37394764   0.37513426   0.40289489   0.43251386   0.45081585   0.45123455   0.45816525   0.46341223   0.46363355   0.46409020   0.46431263   0.46503524   0.46708261   0.46846530   0.46939021   0.47017479   0.47248367   0.47379333   0.47657441   0.47680487   
33.00000000    0.29808776   0.32952865   0.33559197   0.35546099   0.36138949   0.37384353   0.37495429   0.40304171   0.43264810   0.45110803   0.45146888   0.45838125   0.46415879   0.46439388   0.46483680   0.46501682   0.46574216   0.46724182   0.46921077   0.47007996   0.47042999   0.47314362   0.47444428   0.47726898   0.47742241   
34.00000000    0.29829500   0.32961986   0.33584915   0.35557653   0.36112987   0.37374262   0.37477929   0.40318438   0.43277655   0.45139325   0.45170519   0.45857886   0.46490435   0.46515539   0.46558294   0.46573021   0.46644879   0.46723507   0.46995854   0.47076801   0.47085337   0.47380034   0.47508333   0.47796543   0.47804613   
35.00000000    0.29849561   0.32970813   0.33610213   0.35568804   0.36087418   0.37364494   0.37460940   0.40332277   0.43289924   0.45167124   0.45194363   0.45875988   0.46564838   0.46591799   0.46631754   0.46645151   0.46712176   0.46715629   0.47070850   0.47139588   0.47145353   0.47445357   0.47570806   0.47866357   0.47867595   
36.00000000    0.29868947   0.32979338   0.33635062   0.35579546   0.36062276   0.37355058   0.37444480   0.40345674   0.43301625   0.45194179   0.45218438   0.45892594   0.46639024   0.46668160   0.46679149   0.46717968   0.46720036   0.46786154   0.47146056   0.47201246   0.47213464   0.47510296   0.47631542   0.47931068   0.47936417   
37.00000000    0.29887646   0.32987558   0.33659427   0.35589877   0.36037599   0.37345958   0.37428562   0.40358618   0.43312763   0.45220462   0.45242751   0.45907839   0.46660891   0.46712922   0.46744608   0.46789294   0.46791390   0.46856782   0.47221464   0.47267373   0.47280977   0.47574817   0.47690216   0.47995090   0.48006629   
38.00000000    0.29905645   0.32995467   0.33683274   0.35599794   0.36013428   0.37337200   0.37413202   0.40371098   0.43323346   0.45245944   0.45267306   0.45921837   0.46634334   0.46786423   0.46821127   0.46864410   0.46865342   0.46927441   0.47297068   0.47336312   0.47347641   0.47638890   0.47746522   0.48059591   0.48077034   
39.00000000    0.29922934   0.33003061   0.33706565   0.35609292   0.35989802   0.37328789   0.37398414   0.40383102   0.43333382   0.45270604   0.45292108   0.45934699   0.46605474   0.46859416   0.46897698   0.46939759   0.46940371   0.46998171   0.47372862   0.47407111   0.47413125   0.47702483   0.47800215   0.48124534   0.48147628   
40.00000000    0.29939502   0.33010336   0.33729261   0.35618371   0.35966765   0.37320732   0.37384213   0.40394619   0.43342878   0.45294409   0.45317155   0.45946510   0.46575339   0.46931757   0.46974294   0.47014609   0.47016717   0.47069022   0.47448840   0.47476978   0.47479215   0.47765561   0.47851211   0.48189883   0.48218409   
41.00000000    0.29955338   0.33017286   0.33751320   0.35627025   0.35944362   0.37313032   0.37370613   0.40405643   0.43351844   0.45317331   0.45342444   0.45957355   0.46544415   0.47003274   0.47050879   0.47089840   0.47093348   0.47140064   0.47524996   0.47538606   0.47552267   0.47828085   0.47899703   0.48255596   0.48289373   
42.00000000    0.29970430   0.33023907   0.33772698   0.35635253   0.35922641   0.37305695   0.37357626   0.40416156   0.43360281   0.45339333   0.45367973   0.45967303   0.46512991   0.47073768   0.47127398   0.47165420   0.47170216   0.47211369   0.47597242   0.47601334   0.47626052   0.47890037   0.47946290   0.48321637   0.48360516   
43.00000000    0.29984770   0.33030196   0.33793349   0.35643052   0.35901650   0.37298727   0.37345265   0.40426157   0.43368209   0.45360389   0.45393724   0.45976419   0.46481263   0.47143017   0.47203783   0.47241320   0.47247301   0.47283030   0.47651975   0.47677834   0.47700420   0.47951375   0.47991998   0.48387957   0.48431831   
44.00000000    0.29998345   0.33036147   0.33813224   0.35650419   0.35881440   0.37292130   0.37333543   0.40435630   0.43375623   0.45380462   0.45419694   0.45984759   0.46449372   0.47210777   0.47279919   0.47317515   0.47324589   0.47355131   0.47701833   0.47754504   0.47775267   0.48012069   0.48038198   0.48454506   0.48503306   
45.00000000    0.30011149   0.33041758   0.33832274   0.35657352   0.35862063   0.37285910   0.37322472   0.40444575   0.43382544   0.45399524   0.45445853   0.45992375   0.46417430   0.47276796   0.47355646   0.47393985   0.47402070   0.47427752   0.47746033   0.47831336   0.47850520   0.48072093   0.48086334   0.48521226   0.48574928   
46.00000000    0.30023171   0.33047025   0.33850448   0.35663848   0.35843575   0.37280070   0.37312062   0.40452978   0.43388972   0.45417540   0.45472181   0.45999312   0.46385528   0.47340812   0.47430678   0.47470710   0.47479737   0.47500949   0.47784317   0.47908327   0.47926125   0.48131404   0.48137534   0.48588041   0.48646675   
47.00000000    0.30034403   0.33051944   0.33867691   0.35669906   0.35826029   0.37274615   0.37302324   0.40460832   0.43394917   0.45434482   0.45498644   0.46005613   0.46353753   0.47402562   0.47504546   0.47547675   0.47557585   0.47574755   0.47817203   0.47985473   0.48002039   0.48189990   0.48192407   0.48654860   0.48718514   
48.00000000    0.30044836   0.33056512   0.33883950   0.35675523   0.35809483   0.37269548   0.37293269   0.40468132   0.43400386   0.45450314   0.45525195   0.46011313   0.46322189   0.47461765   0.47576374   0.47624863   0.47635609   0.47649175   0.47846156   0.48062770   0.48078228   0.48247862   0.48250914   0.48721554   0.48790397   
49.00000000    0.30054463   0.33060725   0.33899170   0.35680697   0.35793993   0.37264872   0.37284905   0.40474872   0.43405388   0.45465008   0.45551778   0.46016445   0.46290922   0.47518146   0.47644595   0.47702262   0.47713805   0.47724191   0.47873649   0.48140212   0.48154666   0.48304976   0.48312695   0.48787917   0.48862227   
50.00000000    0.30063277   0.33064581   0.33913296   0.35685427   0.35779614   0.37260589   0.37277243   0.40481044   0.43409930   0.45478537   0.45578316   0.46021039   0.46260051   0.47571411   0.47706248   0.47779859   0.47792170   0.47799770   0.47903617   0.48217794   0.48231332   0.48361286   0.48377216   0.48853596   0.48933824   
51.00000000    0.30071272   0.33068078   0.33926275   0.35689710   0.35766403   0.37256703   0.37270291   0.40486644   0.43414017   0.45490869   0.45604708   0.46025121   0.46229701   0.47621247   0.47756933   0.47857641   0.47870698   0.47875869   0.47941355   0.48295509   0.48308203   0.48416755   0.48443949   0.48917840   0.49004753   
52.00000000    0.30078440   0.33071213   0.33938055   0.35693546   0.35754414   0.37253214   0.37264058   0.40491667   0.43417655   0.45501981   0.45630813   0.46028715   0.46200024   0.47667308   0.47793389   0.47935594   0.47949388   0.47952442   0.47990872   0.48373346   0.48385256   0.48471308   0.48512400   0.48978482   0.49073287   
53.00000000    0.30084777   0.33073983   0.33948584   0.35696931   0.35743699   0.37250122   0.37258551   0.40496108   0.43420852   0.45511847   0.45656434   0.46031843   0.46171229   0.47709227   0.47816992   0.48013704   0.48028234   0.48029441   0.48051386   0.48451289   0.48462467   0.48524805   0.48582165   0.49025533   0.49114885   
54.00000000    0.30090278   0.33076387   0.33957815   0.35699865   0.35734306   0.37247427   0.37253782   0.40499964   0.43423611   0.45520444   0.45681293   0.46034521   0.46143606   0.47746622   0.47831862   0.48091955   0.48106808   0.48107242   0.48119235   0.48529307   0.48539792   0.48576981   0.48652830   0.49016564   0.49054519   
55.00000000    0.30094938   0.33078423   0.33965706   0.35702343   0.35726282   0.37245124   0.37249760   0.40503231   0.43425936   0.45527754   0.45704980   0.46036762   0.46117570   0.47779101   0.47841398   0.48170323   0.48184517   0.48186387   0.48191354   0.48607329   0.48617141   0.48627338   0.48723808   0.48954266   0.48977228   
56.00000000    0.30098754   0.33080090   0.33972218   0.35704362   0.35719671   0.37243201   0.37246504   0.40505907   0.43427833   0.45533757   0.45726898   0.46038581   0.46093725   0.47806279   0.47847638   0.48248773   0.48262506   0.48265680   0.48265960   0.48674842   0.48685082   0.48694205   0.48792519   0.48880482   0.48898916   
57.00000000    0.30101724   0.33081386   0.33977318   0.35705906   0.35714519   0.37241644   0.37244032   0.40507988   0.43429303   0.45538441   0.45746180   0.46039988   0.46072941   0.47827815   0.47851710   0.48327242   0.48340720   0.48345109   0.48342084   0.48716601   0.48758815   0.48767603   0.48804992   0.48808022   0.48822214   
58.00000000    0.30103843   0.33082310   0.33980980   0.35706920   0.35710908   0.37240452   0.37242350   0.40509474   0.43430350   0.45541792   0.45761633   0.46040987   0.46056421   0.47843415   0.47854278   0.48405585   0.48419061   0.48424661   0.48419112   0.48721951   0.48724100   0.48732719   0.48741894   0.48773265   0.48845424   
59.00000000    0.30105112   0.33082863   0.33983184   0.35707182   0.35709080   0.37239680   0.37241404   0.40510362   0.43430974   0.45543802   0.45771809   0.46041562   0.46045632   0.47852766   0.47855809   0.48483059   0.48497156   0.48504311   0.48496410   0.48645753   0.48655350   0.48655381   0.48663616   0.48790033   0.48922599   
60.00000000    0.30105529   0.33083043   0.33983919   0.35706961   0.35708778   0.37239421   0.37241105   0.40510653   0.43431178   0.45544468   0.45775390   0.46041419   0.46042199   0.47855437   0.47856747   0.48543769   0.48564189   0.48583698   0.48562515   0.48584338   0.48585259   0.48589112   0.48589138   0.48798968   0.49000235   
61.00000000    0.30104696   0.33082683   0.33982450   0.35707012   0.35709774   0.37240631   0.37241012   0.40510073   0.43430773   0.45543136   0.45768309   0.46042090   0.46048601   0.47850598   0.47854265   0.48414027   0.48419637   0.48564034   0.48563602   0.48584477   0.48586768   0.48733831   0.48733925   0.48779411   0.48849174   
62.00000000    0.30102157   0.33081581   0.33978046   0.35707150   0.35712763   0.37240663   0.37244412   0.40508293   0.43429525   0.45539096   0.45748762   0.46044183   0.46066113   0.47835899   0.47845856   0.48256086   0.48266523   0.48564409   0.48564413   0.48576727   0.48581418   0.48696871   0.48721027   0.48889178   0.48890651   
63.00000000    0.30097913   0.33079749   0.33970736   0.35707373   0.35717719   0.37240127   0.37250681   0.40505318   0.43427450   0.45532315   0.45720174   0.46047664   0.46091296   0.47810772   0.47827375   0.48097449   0.48120336   0.48565236   0.48522030   0.48541952   0.48565756   0.48601316   0.48655486   0.48984784   0.49040153   
64.00000000    0.30091964   0.33077204   0.33960570   0.35707681   0.35724592   0.37239377   0.37259450   0.40501147   0.43424556   0.45522740   0.45685501   0.46052497   0.46121156   0.47774294   0.47785216   0.47938680   0.47994554   0.48372986   0.48461708   0.48566546   0.48567631   0.48595800   0.48624959   0.48951923   0.48983708   
65.00000000    0.30084309   0.33073971   0.33947611   0.35708074   0.35733320   0.37238410   0.37270693   0.40495779   0.43420859   0.45510294   0.45646649   0.46058626   0.46153729   0.47694447   0.47725238   0.47779925   0.47913497   0.48218064   0.48361881   0.48568021   0.48570039   0.48596622   0.48614635   0.48864402   0.48871509   
66.00000000    0.30074949   0.33070081   0.33931939   0.35708551   0.35743824   0.37237225   0.37284378   0.40489216   0.43416382   0.45494878   0.45604720   0.46065971   0.46187844   0.47561973   0.47621269   0.47662405   0.47869221   0.48062427   0.48262209   0.48568419   0.48572977   0.48598823   0.48609982   0.48743698   0.48746868   
67.00000000    0.30063881   0.33065570   0.33913643   0.35709110   0.35756016   0.37235819   0.37300468   0.40481453   0.43411142   0.45476374   0.45560330   0.46074436   0.46222785   0.47413232   0.47462793   0.47585141   0.47834573   0.47906845   0.48168888   0.48556108   0.48576389   0.48601696   0.48607484   0.48621534   0.48624992   
68.00000000    0.30051108   0.33060482   0.33892823   0.35709749   0.35769801   0.37234187   0.37318921   0.40472499   0.43405174   0.45454634   0.45513809   0.46083868   0.46258076   0.47258692   0.47304577   0.47493901   0.47751550   0.47796568   0.48083622   0.48456241   0.48501228   0.48580562   0.48590348   0.48605066   0.48606165   
69.00000000    0.30036629   0.33054863   0.33869582   0.35710465   0.35785076   0.37232326   0.37339688   0.40462345   0.43398500   0.45429486   0.45465332   0.46094088   0.46293353   0.47101659   0.47146751   0.47390373   0.47596750   0.47748540   0.48005939   0.48320299   0.48391030   0.48585085   0.48590689   0.48605639   0.48608786   
70.00000000    0.30020446   0.33048765   0.33844030   0.35711257   0.35801737   0.37230232   0.37362717   0.40451000   0.43391159   0.45400670   0.45415036   0.46104818   0.46328220   0.46943360   0.46989553   0.47276991   0.47442678   0.47685623   0.47934219   0.48180812   0.48294900   0.48590168   0.48594526   0.48605676   0.48612626   
71.00000000    0.30002559   0.33042240   0.33816273   0.35712120   0.35819679   0.37227898   0.37387952   0.40438458   0.43383176   0.45361963   0.45368921   0.46115677   0.46361995   0.46784335   0.46833535   0.47156243   0.47289667   0.47604824   0.47866613   0.48040633   0.48215487   0.48595790   0.48599606   0.48606054   0.48616039   
72.00000000    0.29982972   0.33035345   0.33786421   0.35713051   0.35838800   0.37225320   0.37415333   0.40424728   0.43374592   0.45307941   0.45332127   0.46126053   0.46392700   0.46624861   0.46680575   0.47030281   0.47138246   0.47506180   0.47801507   0.47900606   0.48152445   0.48601949   0.48605494   0.48606472   0.48617154   
73.00000000    0.29961687   0.33028139   0.33754575   0.35714047   0.35858998   0.37222490   0.37444797   0.40409804   0.43365432   0.45251494   0.45291414   0.46134960   0.46407936   0.46465089   0.46542930   0.46900796   0.46989312   0.47392433   0.47737650   0.47761278   0.48102725   0.48604906   0.48606264   0.48608642   0.48612046   
74.00000000    0.29938710   0.33020681   0.33720840   0.35715104   0.35880177   0.37219402   0.37476280   0.40393696   0.43355736   0.45192739   0.45246271   0.46140613   0.46305110   0.46331513   0.46496607   0.46769076   0.46844525   0.47267326   0.47623017   0.47674260   0.48062186   0.48525800   0.48604335   0.48615871   0.48619195   
75.00000000    0.29914046   0.33013031   0.33685309   0.35716216   0.35902247   0.37216046   0.37509715   0.40376400   0.43345528   0.45131497   0.45196425   0.46139591   0.46144985   0.46187914   0.46516795   0.46636085   0.46707164   0.47134174   0.47486532   0.47610590   0.48027034   0.48395375   0.48598054   0.48623632   0.48626902   
76.00000000    0.29887702   0.33005247   0.33648075   0.35717378   0.35925122   0.37212416   0.37545035   0.40357926   0.43334841   0.45067532   0.45141622   0.45984743   0.46036052   0.46125059   0.46502531   0.46544012   0.46583880   0.46995439   0.47352612   0.47546271   0.47994198   0.48256799   0.48581529   0.48631927   0.48635131   
77.00000000    0.29859687   0.32997387   0.33609222   0.35718585   0.35948721   0.37208502   0.37582171   0.40338272   0.43323694   0.45000544   0.45081619   0.45824420   0.45883088   0.46085114   0.46369052   0.46486344   0.46569781   0.46852810   0.47222799   0.47480947   0.47961207   0.48116994   0.48545155   0.48640752   0.48643838   
78.00000000    0.29830012   0.32989510   0.33568831   0.35719831   0.35972971   0.37204293   0.37621055   0.40317448   0.43312114   0.44930173   0.45016185   0.45664033   0.45730527   0.46008730   0.46236043   0.46425268   0.46589835   0.46707397   0.47100221   0.47414369   0.47926019   0.47977583   0.48486161   0.48650107   0.48652937   
79.00000000    0.29798688   0.32981669   0.33526975   0.35721109   0.35997804   0.37199780   0.37661619   0.40295455   0.43300107   0.44855963   0.44945125   0.45503595   0.45579071   0.45899351   0.46103893   0.46396804   0.46559976   0.46596973   0.46991761   0.47346267   0.47839417   0.47886763   0.48413911   0.48659987   0.48662222   
80.00000000    0.29765728   0.32973917   0.33483724   0.35722413   0.36023159   0.37194950   0.37703795   0.40272302   0.43287687   0.44777369   0.44868285   0.45343117   0.45429288   0.45769869   0.45972890   0.46387468   0.46411071   0.46577178   0.46911329   0.47276402   0.47703270   0.47841634   0.48337029   0.48670380   0.48671055   
81.00000000    0.29731149   0.32966304   0.33439140   0.35723735   0.36048977   0.37189791   0.37747515   0.40247997   0.43274851   0.44693718   0.44785564   0.45182607   0.45281778   0.45629954   0.45843250   0.46261029   0.46386771   0.46516786   0.46872550   0.47204544   0.47570047   0.47789034   0.48259796   0.48674639   0.48681227   
82.00000000    0.29694967   0.32958878   0.33393282   0.35725066   0.36075209   0.37184291   0.37792713   0.40222547   0.43261588   0.44604225   0.44696933   0.45022071   0.45137222   0.45484620   0.45715114   0.46110129   0.46388433   0.46422586   0.46868599   0.47130468   0.47441042   0.47727599   0.48184290   0.48627145   0.48691684   
83.00000000    0.29657200   0.32951682   0.33346204   0.35726399   0.36101807   0.37178434   0.37839325   0.40195961   0.43247873   0.44508031   0.44602448   0.44861515   0.44996362   0.45336357   0.45588545   0.45958554   0.46311193   0.46388106   0.46882799   0.47053977   0.47318154   0.47656434   0.48111625   0.48526522   0.48634866   
84.00000000    0.29617871   0.32944757   0.33297955   0.35727723   0.36128730   0.37172207   0.37887286   0.40168249   0.43233665   0.44404316   0.44502241   0.44700943   0.44859895   0.45186486   0.45463546   0.45806448   0.46192576   0.46381646   0.46905070   0.46974906   0.47204237   0.47575265   0.48042449   0.48418491   0.48574927   
85.00000000    0.29576999   0.32938140   0.33248581   0.35729030   0.36155938   0.37165592   0.37936536   0.40139420   0.43218898   0.44292514   0.44396541   0.44540358   0.44728271   0.45035782   0.45340007   0.45653916   0.46071190   0.46364340   0.46893080   0.46930841   0.47103263   0.47484454   0.47977136   0.48309075   0.48522716   
86.00000000    0.29534609   0.32931866   0.33198123   0.35730307   0.36183401   0.37158574   0.37987012   0.40109489   0.43203488   0.44172538   0.44285650   0.44379763   0.44601476   0.44884746   0.45217787   0.45501043   0.45949064   0.46330894   0.46808587   0.46957615   0.47020067   0.47384868   0.47915894   0.48199975   0.48477669   
87.00000000    0.29490727   0.32925965   0.33146619   0.35731544   0.36211086   0.37151133   0.38038658   0.40078467   0.43187303   0.44044889   0.44169930   0.44219161   0.44478925   0.44733766   0.45096696   0.45347897   0.45827194   0.46277027   0.46721315   0.46958614   0.46983996   0.47277651   0.47858765   0.48092414   0.48438760   
88.00000000    0.29445378   0.32920465   0.33094105   0.35732729   0.36238967   0.37143251   0.38091414   0.40046367   0.43170157   0.43910547   0.44049786   0.44058553   0.44359581   0.44583186   0.44976497   0.45194527   0.45706116   0.46201768   0.46631351   0.46919634   0.47008616   0.47164019   0.47805675   0.47987580   0.48404755   
89.00000000    0.29398591   0.32915390   0.33040613   0.35733848   0.36267019   0.37134908   0.38145227   0.40013205   0.43151799   0.43770708   0.43897942   0.43925646   0.44242220   0.44433359   0.44856951   0.45040978   0.45586118   0.46107993   0.46538806   0.46900044   0.47029910   0.47045110   0.47756450   0.47886964   0.48374399   
90.00000000    0.29350392   0.32910760   0.32986172   0.35734887   0.36295223   0.37126081   0.38200042   0.39978994   0.43131852   0.43626537   0.43737330   0.43797937   0.44125680   0.44284713   0.44737814   0.44887285   0.45467333   0.46000405   0.46443832   0.46894944   0.46921923   0.47045738   0.47710839   0.47792689   0.48346528   
