-0.20000000  -0.33881522   0.30002133   0.31212026   -0.01518115   0.00195040   
-0.18000000  -0.30493370   0.29960119   0.31254678   -0.01535600   0.00184179   
-0.16000000  -0.27105218   0.29919014   0.31311088   -0.01525637   0.00175950   
-0.14000000  -0.23717066   0.29892045   0.31358399   -0.01521045   0.00170393   
-0.12000000  -0.20328913   0.29864447   0.31391143   -0.01523106   0.00164736   
-0.10000000  -0.16940761   0.29835370   0.31410218   -0.01532527   0.00158721   
-0.08000000  -0.13552609   0.29806851   0.31418211   -0.01549197   0.00152613   
-0.06000000  -0.10164457   0.29793535   0.31429072   -0.01563435   0.00148791   
-0.04000000  -0.06776304   0.29779269   0.31455125   -0.01551529   0.00146291   
-0.02000000  -0.03388152   0.29780175   0.31477382   -0.01540958   0.00146511   
0.00000000  -0.00000000   0.29780950   0.31485112   -0.01537286   0.00146669   
0.02000000  0.03388152   0.29780175   0.31477382   -0.01540958   0.00146511   
0.04000000  0.06776304   0.29779269   0.31455125   -0.01551529   0.00146291   
0.06000000  0.10164457   0.29793535   0.31429072   -0.01563435   0.00148791   
0.08000000  0.13552609   0.29806851   0.31418211   -0.01549197   0.00152613   
0.10000000  0.16940761   0.29835370   0.31410218   -0.01532527   0.00158721   
0.12000000  0.20328913   0.29864447   0.31391143   -0.01523106   0.00164736   
0.14000000  0.23717066   0.29892045   0.31358399   -0.01521045   0.00170393   
0.16000000  0.27105218   0.29919014   0.31311088   -0.01525637   0.00175950   
0.18000000  0.30493370   0.29960119   0.31254678   -0.01535600   0.00184179   
0.20000000  0.33881522   0.30002133   0.31212026   -0.01518115   0.00195040   
