0.00000000   0.43588774    0.48673529    0.48673529    0.53275169    1.03987852    1.03987853    1.06219606    1.06219606    1.10548030    1.10548031    
1.00000000   0.43669569    0.48585231    0.48745896    0.53194510    1.04021745    1.04096884    1.06179174    1.06326348    1.10438407    1.10579913    
2.00000000   0.43750512    0.48497042    0.48818423    0.53113974    1.04055752    1.04205926    1.06138849    1.06433106    1.10328792    1.10611903    
3.00000000   0.43831603    0.48408961    0.48891110    0.53033562    1.04089873    1.04314979    1.06098632    1.06539880    1.10219186    1.10644002    
4.00000000   0.43912841    0.48320989    0.48963954    0.52953273    1.04124108    1.04424043    1.06058522    1.06646668    1.10109590    1.10676210    
5.00000000   0.43994225    0.48233127    0.49036956    0.52873109    1.04158457    1.04533117    1.06018521    1.06753472    1.10000003    1.10708526    
6.00000000   0.44075755    0.48145375    0.49110114    0.52793070    1.04192919    1.04642203    1.05978627    1.06860291    1.09890425    1.10740950    
7.00000000   0.44157429    0.48057734    0.49183429    0.52713157    1.04227495    1.04751299    1.05938841    1.06967125    1.09780857    1.10773482    
8.00000000   0.44239247    0.47970204    0.49256900    0.52633370    1.04262185    1.04860406    1.05899163    1.07073975    1.09671297    1.10806122    
9.00000000   0.44321208    0.47882787    0.49330525    0.52553710    1.04296988    1.04969524    1.05859593    1.07180839    1.09561748    1.10838871    
10.00000000   0.44403311    0.47795483    0.49404304    0.52474178    1.04331904    1.05078653    1.05820132    1.07287718    1.09452207    1.10871727    
11.00000000   0.44485556    0.47708292    0.49478236    0.52394773    1.04366934    1.05187792    1.05780779    1.07394613    1.09342677    1.10904691    
12.00000000   0.44567941    0.47621215    0.49552321    0.52315497    1.04402077    1.05296942    1.05741535    1.07501522    1.09233155    1.10937762    
13.00000000   0.44650466    0.47534252    0.49626558    0.52236350    1.04437332    1.05406103    1.05702400    1.07608446    1.09123643    1.10970942    
14.00000000   0.44733130    0.47447405    0.49700947    0.52157333    1.04472701    1.05515274    1.05663373    1.07715385    1.09014141    1.11004228    
15.00000000   0.44815933    0.47360674    0.49775486    0.52078446    1.04508182    1.05624456    1.05624456    1.07822339    1.08904648    1.11037622    
16.00000000   0.44898873    0.47274059    0.49850175    0.51999690    1.04543775    1.05585647    1.05733648    1.07929308    1.08795165    1.11071124    
17.00000000   0.44981949    0.47187561    0.49925013    0.51921066    1.04579482    1.05546948    1.05842850    1.08036291    1.08685691    1.11104732    
18.00000000   0.45065162    0.47101181    0.50000000    0.51842574    1.04615300    1.05508358    1.05952063    1.08143289    1.08576227    1.11138448    
19.00000000   0.45148510    0.47014920    0.50075135    0.51764214    1.04651231    1.05469877    1.06061287    1.08250301    1.08466773    1.11172270    
20.00000000   0.45231993    0.46928778    0.50150417    0.51685988    1.04687274    1.05431506    1.06170521    1.08357329    1.08357329    1.11206200    
21.00000000   0.45315609    0.46842756    0.50225846    0.51607896    1.04723429    1.05393244    1.06279765    1.08247894    1.08464370    1.11240236    
22.00000000   0.45399358    0.46756854    0.50301420    0.51529938    1.04759696    1.05355093    1.06389019    1.08138469    1.08571426    1.11274379    
23.00000000   0.45483240    0.46671073    0.50377140    0.51452116    1.04796075    1.05317051    1.06498284    1.08029053    1.08678497    1.11308629    
24.00000000   0.45567253    0.46585414    0.50453005    0.51374429    1.04832565    1.05279119    1.06607559    1.07919648    1.08785582    1.11342985    
25.00000000   0.45651397    0.46499877    0.50529014    0.51296879    1.04869167    1.05241298    1.06716845    1.07810252    1.08892681    1.11377447    
26.00000000   0.45735671    0.46414464    0.50605166    0.51219465    1.04905881    1.05203587    1.06826140    1.07700867    1.08999795    1.11412016    
27.00000000   0.45820075    0.46329174    0.50681460    0.51142190    1.04942706    1.05165986    1.06935446    1.07591491    1.09106923    1.11446691    
28.00000000   0.45904607    0.46244009    0.50757897    0.51065052    1.04979642    1.05128496    1.07044761    1.07482125    1.09214065    1.11481472    
29.00000000   0.45989267    0.46158969    0.50834475    0.50988053    1.05016689    1.05091116    1.07154087    1.07372769    1.09321222    1.11516360    
30.00000000   0.46074055    0.46074055    0.50911194    0.50911194    1.05053847    1.05053847    1.07263423    1.07263423    1.09428393    1.11551353    
31.00000000   0.46150499    0.46150499    0.50826784    0.50826784    1.05161773    1.05161773    1.07296281    1.07296281    1.09389147    1.11442716    
32.00000000   0.46227098    0.46227098    0.50742491    0.50742491    1.05269712    1.05269712    1.07329250    1.07329250    1.09350006    1.11334090    
33.00000000   0.46303852    0.46303852    0.50658314    0.50658314    1.05377664    1.05377664    1.07362331    1.07362331    1.09310970    1.11225475    
34.00000000   0.46380760    0.46380760    0.50574255    0.50574255    1.05485629    1.05485629    1.07395523    1.07395523    1.09272040    1.11116871    
35.00000000   0.46457821    0.46457821    0.50490314    0.50490314    1.05593607    1.05593607    1.07428825    1.07428825    1.09233215    1.11008278    
36.00000000   0.46535035    0.46535035    0.50406492    0.50406492    1.05701598    1.05701598    1.07462239    1.07462239    1.09194495    1.10899697    
37.00000000   0.46612400    0.46612400    0.50322789    0.50322789    1.05809603    1.05809603    1.07495764    1.07495764    1.09155881    1.10791126    
38.00000000   0.46689916    0.46689916    0.50239206    0.50239206    1.05917620    1.05917620    1.07529399    1.07529399    1.09117373    1.10682567    
39.00000000   0.46767583    0.46767583    0.50155744    0.50155744    1.06025650    1.06025650    1.07563145    1.07563145    1.09078971    1.10574020    
40.00000000   0.46845398    0.46845398    0.50072402    0.50072402    1.06133692    1.06133692    1.07597002    1.07597002    1.09040675    1.10465483    
41.00000000   0.46923363    0.46923363    0.49989183    0.49989183    1.06241748    1.06241748    1.07630968    1.07630968    1.09002485    1.10356958    
42.00000000   0.47001475    0.47001475    0.49906086    0.49906086    1.06349816    1.06349816    1.07665046    1.07665046    1.08964401    1.10248444    
43.00000000   0.47079735    0.47079735    0.49823111    0.49823111    1.06457897    1.06457897    1.07699233    1.07699233    1.08926424    1.10139942    
44.00000000   0.47158141    0.47158141    0.49740261    0.49740261    1.06565991    1.06565991    1.07733531    1.07733531    1.08888553    1.10031451    
45.00000000   0.47236693    0.47236693    0.49657534    0.49657534    1.06674097    1.06674097    1.07767938    1.07767938    1.08850788    1.09922972    
46.00000000   0.47315389    0.47315389    0.49574933    0.49574933    1.06782216    1.06782216    1.07802456    1.07802456    1.08813130    1.09814504    
47.00000000   0.47394230    0.47394230    0.49492456    0.49492456    1.06890347    1.06890347    1.07837083    1.07837083    1.08775579    1.09706047    
48.00000000   0.47473215    0.47473215    0.49410106    0.49410106    1.06998491    1.06998491    1.07871820    1.07871820    1.08738135    1.09597602    
49.00000000   0.47552342    0.47552342    0.49327883    0.49327883    1.07106647    1.07106647    1.07906666    1.07906666    1.08700798    1.09489169    
50.00000000   0.47631612    0.47631612    0.49245787    0.49245787    1.07214816    1.07214816    1.07941622    1.07941622    1.08663567    1.09380748    
51.00000000   0.47711023    0.47711023    0.49163819    0.49163819    1.07322997    1.07322997    1.07976688    1.07976688    1.08626445    1.09272338    
52.00000000   0.47790575    0.47790575    0.49081979    0.49081979    1.07431191    1.07431191    1.08011862    1.08011862    1.08589429    1.09163940    
53.00000000   0.47870267    0.47870267    0.49000269    0.49000269    1.07539397    1.07539397    1.08047146    1.08047146    1.08552521    1.09055553    
54.00000000   0.47950098    0.47950098    0.48918689    0.48918689    1.07647615    1.07647615    1.08082539    1.08082539    1.08515720    1.08947179    
55.00000000   0.48030067    0.48030067    0.48837239    0.48837239    1.07755845    1.07755845    1.08118041    1.08118041    1.08479027    1.08838816    
56.00000000   0.48110175    0.48110175    0.48755920    0.48755920    1.07864088    1.07864088    1.08153651    1.08153651    1.08442442    1.08730465    
57.00000000   0.48190420    0.48190420    0.48674734    0.48674734    1.07972343    1.07972343    1.08189371    1.08189371    1.08405964    1.08622126    
58.00000000   0.48270801    0.48270801    0.48593679    0.48593679    1.08080610    1.08080610    1.08225199    1.08225199    1.08369595    1.08513799    
59.00000000   0.48351319    0.48351319    0.48512758    0.48512758    1.08188889    1.08188889    1.08261135    1.08261135    1.08333333    1.08405483    
60.00000000   0.48431971    0.48431971    0.48431971    0.48431971    1.08297180    1.08297180    1.08297180    1.08297180    1.08297180    1.08297180    
61.00000000   0.48270531    0.48432240    0.48432240    0.48593411    1.08152808    1.08152808    1.08225078    1.08225078    1.08369474    1.08369474    
62.00000000   0.48109092    0.48433048    0.48433048    0.48754851    1.08008484    1.08008484    1.08153169    1.08153169    1.08441961    1.08441961    
63.00000000   0.47947652    0.48434393    0.48434393    0.48916291    1.07864209    1.07864209    1.08081454    1.08081454    1.08514639    1.08514639    
64.00000000   0.47786212    0.48436276    0.48436276    0.49077731    1.07719982    1.07719982    1.08009932    1.08009932    1.08587509    1.08587509    
65.00000000   0.47624772    0.48438698    0.48438698    0.49239171    1.07575805    1.07575805    1.07938604    1.07938604    1.08660569    1.08660569    
66.00000000   0.47463332    0.48441657    0.48441657    0.49400611    1.07431676    1.07431676    1.07867471    1.07867471    1.08733821    1.08733821    
67.00000000   0.47301892    0.48445154    0.48445154    0.49562051    1.07287597    1.07287597    1.07796532    1.07796532    1.08807262    1.08807262    
68.00000000   0.47140452    0.48449189    0.48449189    0.49723491    1.07143567    1.07143567    1.07725789    1.07725789    1.08880893    1.08880893    
69.00000000   0.46979012    0.48453761    0.48453761    0.49884930    1.06999587    1.06999587    1.07655241    1.07655241    1.08954714    1.08954714    
70.00000000   0.46817572    0.48458870    0.48458870    0.50046370    1.06855657    1.06855657    1.07584890    1.07584890    1.09028724    1.09028724    
71.00000000   0.46656132    0.48464517    0.48464517    0.50207810    1.06711777    1.06711777    1.07514734    1.07514734    1.09102922    1.09102922    
72.00000000   0.46494692    0.48470701    0.48470701    0.50369250    1.06567947    1.06567947    1.07444776    1.07444776    1.09177309    1.09177309    
73.00000000   0.46333253    0.48477422    0.48477422    0.50530690    1.06424168    1.06424168    1.07375014    1.07375014    1.09251883    1.09251883    
74.00000000   0.46171813    0.48484680    0.48484680    0.50692130    1.06280439    1.06280439    1.07305450    1.07305450    1.09326646    1.09326646    
75.00000000   0.46010373    0.48492473    0.48492473    0.50853570    1.06136762    1.06136762    1.07236084    1.07236084    1.09401595    1.09401595    
76.00000000   0.45848933    0.48500803    0.48500803    0.51015010    1.05993135    1.05993135    1.07166917    1.07166917    1.09476731    1.09476731    
77.00000000   0.45687493    0.48509669    0.48509669    0.51176450    1.05849560    1.05849560    1.07097948    1.07097948    1.09552053    1.09552053    
78.00000000   0.45526053    0.48519071    0.48519071    0.51337890    1.05706037    1.05706037    1.07029178    1.07029178    1.09627562    1.09627562    
79.00000000   0.45364613    0.48529007    0.48529007    0.51499329    1.05562565    1.05562565    1.06960607    1.06960607    1.09703256    1.09703256    
80.00000000   0.45203173    0.48539479    0.48539479    0.51660769    1.05419145    1.05419145    1.06892237    1.06892237    1.09779135    1.09779135    
81.00000000   0.45041733    0.48550485    0.48550485    0.51822209    1.05275777    1.05275777    1.06824066    1.06824066    1.09855199    1.09855199    
82.00000000   0.44880293    0.48562025    0.48562025    0.51983649    1.05132462    1.05132462    1.06756096    1.06756096    1.09931448    1.09931448    
83.00000000   0.44718854    0.48574099    0.48574099    0.52145089    1.04989199    1.04989199    1.06688328    1.06688328    1.10007880    1.10007880    
84.00000000   0.44557414    0.48586706    0.48586706    0.52306529    1.04845990    1.04845990    1.06620760    1.06620760    1.10084496    1.10084496    
85.00000000   0.44395974    0.48599847    0.48599847    0.52467969    1.04702833    1.04702833    1.06553394    1.06553394    1.10161296    1.10161296    
86.00000000   0.44234534    0.48613520    0.48613520    0.52629409    1.04559729    1.04559729    1.06486231    1.06486231    1.10238279    1.10238279    
87.00000000   0.44073094    0.48627725    0.48627725    0.52790849    1.04416679    1.04416679    1.06419270    1.06419270    1.10315444    1.10315444    
88.00000000   0.43911654    0.48642462    0.48642462    0.52952289    1.04273683    1.04273683    1.06352512    1.06352512    1.10392791    1.10392791    
89.00000000   0.43750214    0.48657730    0.48657730    0.53113729    1.04130741    1.04130741    1.06285957    1.06285957    1.10470320    1.10470320    
90.00000000   0.43588774    0.48673529    0.48673529    0.53275168    1.03987852    1.03987852    1.06219606    1.06219606    1.10548030    1.10548030    
