0.00000000   0.00000000    1.00000000    1.00000000    1.00000000    1.00000000    
1.00000000   0.02500000    0.97500000    1.00031245    1.00031245    1.02500000    
2.00000000   0.05000000    0.95000000    1.00124922    1.00124922    1.05000000    
3.00000000   0.07500000    0.92500000    1.00280856    1.00280856    1.07500000    
4.00000000   0.10000000    0.90000000    1.00498756    1.00498756    1.10000000    
5.00000000   0.12500000    0.87500000    1.00778222    1.00778222    1.12500000    
6.00000000   0.15000000    0.85000000    1.01118742    1.01118742    1.15000000    
7.00000000   0.17500000    0.82500000    1.01519703    1.01519703    1.17500000    
8.00000000   0.20000000    0.80000000    1.01980390    1.01980390    1.20000000    
9.00000000   0.22500000    0.77500000    1.02500000    1.02500000    1.22500000    
10.00000000   0.25000000    0.75000000    1.03077641    1.03077641    1.25000000    
11.00000000   0.27500000    0.72645448    1.03887890    1.04102269    1.24127120    
12.00000000   0.30000000    0.70000000    1.04403065    1.04403065    1.22065557    
13.00000000   0.32500000    0.67500000    1.05148704    1.05148704    1.20649286    
14.00000000   0.35000000    0.65000000    1.05948101    1.05948101    1.19268605    
15.00000000   0.37500000    0.62500000    1.06800047    1.06800047    1.17924764    
16.00000000   0.40000000    0.60000000    1.07703296    1.07703296    1.16619038    
17.00000000   0.42500000    0.57500000    1.08656569    1.08656569    1.15352720    
18.00000000   0.45000000    0.55000000    1.09658561    1.09658561    1.14127122    
19.00000000   0.47500000    0.52500000    1.10707949    1.10707949    1.12943570    
20.00000000   0.50000000    0.50000000    1.11803399    1.11803399    1.11803399    
21.00000000   0.50062461    0.50062461    1.09573035    1.09573035    1.14044947    
22.00000000   0.50249378    0.50249378    1.07354553    1.07354553    1.16297033    
23.00000000   0.50559371    0.50559371    1.05148704    1.05148704    1.18559057    
24.00000000   0.50990195    0.50990195    1.02956301    1.02956301    1.20830460    
25.00000000   0.51538820    0.51538820    1.00778222    1.00778222    1.23110723    
26.00000000   0.52201533    0.52201533    0.98615415    0.98615415    1.25399362    
27.00000000   0.52974050    0.52974050    0.96468907    0.96468907    1.27695928    
28.00000000   0.53851648    0.53851648    0.94339811    0.94339811    1.30000000    
29.00000000   0.54829280    0.54829280    0.92229334    0.92229334    1.32311186    
30.00000000   0.55901699    0.55901699    0.90138782    0.90138782    1.34629120    
31.00000000   0.57063561    0.57063561    0.88069575    0.88069575    1.36953459    
32.00000000   0.58309519    0.58309519    0.86023253    0.86023253    1.39283883    
33.00000000   0.59634302    0.59634302    0.84001488    0.84001488    1.41620090    
34.00000000   0.61032778    0.61032778    0.82006097    0.82006097    1.43961800    
35.00000000   0.62500000    0.62500000    0.80039053    0.80039053    1.46308749    
36.00000000   0.64031242    0.64031242    0.78102497    0.78102497    1.48660687    
37.00000000   0.65622024    0.65622024    0.76198753    0.76198753    1.51017383    
38.00000000   0.67268120    0.67268120    0.74330344    0.74330344    1.53378617    
39.00000000   0.68965571    0.68965571    0.72500000    0.72500000    1.55744181    
40.00000000   0.70710678    0.70710678    0.70710678    0.70710678    1.58113883    
41.00000000   0.67175144    0.70799011    0.70799011    0.74246212    1.54959672    
42.00000000   0.63639610    0.71063352    0.71063352    0.77781746    1.51822265    
43.00000000   0.60104076    0.71501748    0.71501748    0.81317280    1.48702724    
44.00000000   0.56568542    0.72111026    0.72111026    0.84852814    1.45602198    
45.00000000   0.53033009    0.72886899    0.72886899    0.88388348    1.42521928    
46.00000000   0.49497475    0.73824115    0.73824115    0.91923882    1.39463257    
47.00000000   0.45961941    0.74916620    0.74916620    0.95459415    1.36427636    
48.00000000   0.42426407    0.76157731    0.76157731    0.98994949    1.33416641    
49.00000000   0.38890873    0.77540312    0.77540312    1.02530483    1.30431975    
50.00000000   0.35355339    0.79056942    0.79056942    1.06066017    1.27475488    
51.00000000   0.31819805    0.80700062    0.80700062    1.09601551    1.24549187    
52.00000000   0.28284271    0.82462113    0.82462113    1.13137085    1.21655251    
53.00000000   0.24748737    0.84335639    0.84335639    1.16672619    1.18796044    
54.00000000   0.21213203    0.86313383    0.86313383    1.15974135    1.20208153    
55.00000000   0.17677670    0.88388348    0.88388348    1.13192314    1.23743687    
56.00000000   0.14142136    0.90553851    0.90553851    1.10453610    1.27279221    
57.00000000   0.10606602    0.92803556    0.92803556    1.07761310    1.30814755    
58.00000000   0.07071068    0.95131488    0.95131488    1.05118980    1.34350288    
59.00000000   0.03535534    0.97532046    0.97532046    1.02530483    1.37885822    
60.00000000   0.00000000    1.03261687    1.04721426    1.05111980    1.22477929    
