0.00000000   0.00000000    0.68493151    0.68493151    0.68493151    0.68493151    
1.00000000   0.01141553    0.67351598    0.68502663    0.68502663    0.69634703    
2.00000000   0.02283105    0.66210046    0.68531192    0.68531192    0.70776256    
3.00000000   0.03424658    0.65068493    0.68578714    0.68578714    0.71917808    
4.00000000   0.04566210    0.63926941    0.68645189    0.68645189    0.73059361    
5.00000000   0.05707763    0.62785388    0.68730563    0.68730563    0.74200913    
6.00000000   0.06849315    0.61643836    0.68834765    0.68834765    0.75342466    
7.00000000   0.07990868    0.60502283    0.68957709    0.68957709    0.76484018    
8.00000000   0.09132420    0.59360731    0.69099297    0.69099297    0.77625571    
9.00000000   0.10273973    0.58219178    0.69259412    0.69259412    0.78767123    
10.00000000   0.11415525    0.57077626    0.69437928    0.69437928    0.79908676    
11.00000000   0.12557078    0.55936073    0.69634703    0.69634703    0.81050228    
12.00000000   0.13698630    0.54794521    0.69849582    0.69849582    0.82191781    
13.00000000   0.14840183    0.53652968    0.70082399    0.70082399    0.83333333    
14.00000000   0.15981735    0.52511416    0.70332976    0.70332976    0.84474886    
15.00000000   0.17123288    0.51369863    0.70601124    0.70601124    0.85616438    
16.00000000   0.18264840    0.50498370    0.71011659    0.71076583    0.86006870    
17.00000000   0.19406393    0.49086758    0.71189324    0.71189324    0.84266373    
18.00000000   0.20547945    0.47945206    0.71508949    0.71508949    0.83606545    
19.00000000   0.21689498    0.46803653    0.71845292    0.71845292    0.82957180    
20.00000000   0.22831050    0.45662100    0.72198120    0.72198120    0.82318522    
21.00000000   0.23972603    0.44520548    0.72567192    0.72567192    0.81690825    
22.00000000   0.25114155    0.43378995    0.72952262    0.72952262    0.81074342    
23.00000000   0.26255708    0.42237443    0.73353077    0.73353077    0.80469331    
24.00000000   0.27397260    0.41095890    0.73769381    0.73769381    0.79876053    
25.00000000   0.28538813    0.39954338    0.74200913    0.74200913    0.79294772    
26.00000000   0.29680365    0.38812785    0.74647410    0.74647410    0.78725752    
27.00000000   0.30821918    0.37671233    0.75108603    0.75108603    0.78169262    
28.00000000   0.31963470    0.36529680    0.75584225    0.75584225    0.77625571    
29.00000000   0.33105023    0.35388128    0.76074005    0.76074005    0.77094950    
30.00000000   0.34246575    0.34246575    0.76577670    0.76577670    0.76577670    
31.00000000   0.34265596    0.34265596    0.75558360    0.75558360    0.77600385    
32.00000000   0.34322594    0.34322594    0.74542592    0.74542592    0.78626371    
33.00000000   0.34417382    0.34417382    0.73530516    0.73530516    0.79655502    
34.00000000   0.34549648    0.34549648    0.72522284    0.72522284    0.80687658    
35.00000000   0.34718964    0.34718964    0.71518060    0.71518060    0.81722723    
36.00000000   0.34924791    0.34924791    0.70518015    0.70518015    0.82760589    
37.00000000   0.35166488    0.35166488    0.69522329    0.69522329    0.83801151    
38.00000000   0.35443321    0.35443321    0.68531192    0.68531192    0.84844311    
39.00000000   0.35754474    0.35754474    0.67544805    0.67544805    0.85889974    
40.00000000   0.36099060    0.36099060    0.66563378    0.66563378    0.86938049    
41.00000000   0.36476131    0.36476131    0.65587134    0.65587134    0.87988451    
42.00000000   0.36884690    0.36884690    0.64616309    0.64616309    0.89041096    
43.00000000   0.37323705    0.37323705    0.63651150    0.63651150    0.90095906    
44.00000000   0.37792113    0.37792113    0.62691919    0.62691919    0.91152807    
45.00000000   0.38288835    0.38288835    0.61738892    0.61738892    0.92211726    
46.00000000   0.38812785    0.38812785    0.60792361    0.60792361    0.93272595    
47.00000000   0.39362876    0.39362876    0.59852633    0.59852633    0.94335347    
48.00000000   0.39938027    0.39938027    0.58920036    0.58920036    0.95399920    
49.00000000   0.40537171    0.40537171    0.57994912    0.57994912    0.96466253    
50.00000000   0.41159261    0.41159261    0.57077626    0.57077626    0.97534289    
51.00000000   0.41803273    0.41803273    0.56168560    0.56168560    0.98603973    
52.00000000   0.42468208    0.42468208    0.55268121    0.55268121    0.99675251    
53.00000000   0.43153101    0.43153101    0.54376737    0.54376737    1.00748072    
54.00000000   0.43857015    0.43857015    0.53494861    0.53494861    1.01822389    
55.00000000   0.44579051    0.44579051    0.52622971    0.52622971    1.02898153    
56.00000000   0.45318341    0.45318341    0.51761571    0.51761571    1.03975320    
57.00000000   0.46074055    0.46074055    0.50911194    0.50911194    1.05053847    
58.00000000   0.46845398    0.46845398    0.50072402    0.50072402    1.06133692    
59.00000000   0.47631612    0.47631612    0.49245787    0.49245787    1.07214816    
60.00000000   0.48431971    0.48431971    0.48431971    0.48431971    1.08297180    
61.00000000   0.46817572    0.48458870    0.48458870    0.50046370    1.06855657    
62.00000000   0.45203173    0.48539479    0.48539479    0.51660769    1.05419145    
63.00000000   0.43588774    0.48673529    0.48673529    0.53275168    1.03987852    
64.00000000   0.41974375    0.48860581    0.48860581    0.54889567    1.02561997    
65.00000000   0.40359976    0.49100030    0.49100030    0.56503967    1.01141810    
66.00000000   0.38745577    0.49391113    0.49391113    0.58118366    0.99727533    
67.00000000   0.37131178    0.49732924    0.49732924    0.59732765    0.98319420    
68.00000000   0.35516779    0.50124426    0.50124426    0.61347164    0.96917741    
69.00000000   0.33902380    0.50564463    0.50564463    0.62961563    0.95522779    
70.00000000   0.32287981    0.51051780    0.51051780    0.64575962    0.94134832    
71.00000000   0.30673582    0.51585039    0.51585039    0.66190361    0.92754215    
72.00000000   0.29059183    0.52162829    0.52162829    0.67804760    0.91381261    
73.00000000   0.27444784    0.52783690    0.52783690    0.69419159    0.90016320    
74.00000000   0.25830385    0.53446118    0.53446118    0.71033558    0.88659762    
75.00000000   0.24215986    0.54148590    0.54148590    0.72647957    0.87311978    
76.00000000   0.22601587    0.54889567    0.54889567    0.74262356    0.85973381    
77.00000000   0.20987188    0.55667513    0.55667513    0.75876755    0.84644406    
78.00000000   0.19372789    0.56480899    0.56480899    0.77491154    0.83325514    
79.00000000   0.17758389    0.57328217    0.57328217    0.79105553    0.82017192    
80.00000000   0.16143990    0.58207985    0.58207985    0.80719952    0.80719952    
81.00000000   0.14529591    0.59118755    0.59118755    0.79434339    0.82334351    
82.00000000   0.12915192    0.60059116    0.60059116    0.78160926    0.83948750    
83.00000000   0.11300793    0.61027700    0.61027700    0.76900319    0.85563149    
84.00000000   0.09686394    0.62023186    0.62023186    0.75653158    0.87177548    
85.00000000   0.08071995    0.63044298    0.63044298    0.74420119    0.88791947    
86.00000000   0.06457596    0.64089812    0.64089812    0.73201916    0.90406346    
87.00000000   0.04843197    0.65158553    0.65158553    0.71999302    0.92020745    
88.00000000   0.03228798    0.66249398    0.66249398    0.70813070    0.93635145    
89.00000000   0.01614399    0.67361272    0.67361272    0.69644060    0.95249544    
90.00000000   0.00000000    0.68493151    0.68493151    0.68493151    0.96863943    
