0.00000000   0.43588774    0.48673529    0.48673529    0.53275169    1.03987853    1.03987854    1.06219613    1.06219621    1.10548031    1.10548044    1.12649866    1.12649883    1.40452718    1.45376612    1.45376613    1.50139112    1.70615326    1.70615327    1.71984655    1.71984659    1.77356262    1.77356265    1.78673935    1.78673939    1.94995078    1.94995082    1.98571082    1.98571088    2.00919729    2.00919731    
1.00000000   0.43669569    0.48585232    0.48745897    0.53194510    1.04021746    1.04096884    1.06179180    1.06326353    1.10438409    1.10579921    1.12542300    1.12611762    1.40533460    1.45293268    1.45454621    1.50058413    1.70635985    1.70727604    1.71959686    1.72096040    1.77243847    1.77376138    1.78562348    1.78649904    1.95053246    1.95093329    1.98510075    1.98667565    2.00820504    2.00976181    
2.00000000   0.43750512    0.48497042    0.48818424    0.53113974    1.04055752    1.04205926    1.06138853    1.06433109    1.10328793    1.10611910    1.12434740    1.12573743    1.40614249    1.45209967    1.45532679    1.49977758    1.70656718    1.70839884    1.71934789    1.72207427    1.77131432    1.77396084    1.78450764    1.78625940    1.95111463    1.95191594    1.98449113    1.98764063    2.00721294    2.01032681    
3.00000000   0.43831603    0.48408961    0.48891110    0.53033562    1.04089873    1.04314979    1.06098634    1.06539881    1.10219188    1.10644008    1.12327193    1.12535827    1.40695085    1.45126707    1.45610784    1.49897147    1.70677525    1.70952167    1.71909964    1.72318819    1.77019020    1.77416101    1.78339184    1.78602047    1.95169728    1.95289876    1.98388198    1.98860579    2.00622099    2.01089231    
4.00000000   0.43912841    0.48320989    0.48963954    0.52953273    1.04124108    1.04424043    1.06058524    1.06646669    1.10109591    1.10676215    1.12219657    1.12498014    1.40775967    1.45043490    1.45688937    1.49816579    1.70698405    1.71064453    1.71885212    1.72430214    1.76906610    1.77436189    1.78227606    1.78578222    1.95228042    1.95388176    1.98327330    1.98957115    2.00522920    2.01145829    
5.00000000   0.43994225    0.48233127    0.49036956    0.52873109    1.04158457    1.04533117    1.06018522    1.06753473    1.10000004    1.10708530    1.12112134    1.12460303    1.40856895    1.44960314    1.45767137    1.49736055    1.70719360    1.71176741    1.71860532    1.72541613    1.76794202    1.77456348    1.78116032    1.78554468    1.95286406    1.95486493    1.98266509    1.99053669    2.00423758    2.01202476    
6.00000000   0.44075755    0.48145375    0.49110114    0.52793070    1.04192919    1.04642203    1.05978627    1.06860291    1.09890426    1.10740953    1.12004624    1.12422695    1.40937869    1.44877181    1.45845385    1.49655575    1.70740388    1.71289032    1.71835925    1.72653016    1.76681796    1.77476578    1.78004461    1.78530784    1.95344819    1.95584827    1.98205735    1.99150241    2.00324611    2.01259172    
7.00000000   0.44157429    0.48057734    0.49183429    0.52713157    1.04227495    1.04751299    1.05938841    1.06967126    1.09780857    1.10773485    1.11897126    1.12385191    1.41018888    1.44794090    1.45923680    1.49575139    1.70761490    1.71401325    1.71811390    1.72764422    1.76569392    1.77496879    1.77892893    1.78507169    1.95403282    1.95683179    1.98145008    1.99246833    2.00225480    2.01315917    
8.00000000   0.44239247    0.47970204    0.49256900    0.52633370    1.04262185    1.04860406    1.05899163    1.07073975    1.09671298    1.10806125    1.11789642    1.12347790    1.41099954    1.44711042    1.46002022    1.49494746    1.70782665    1.71513621    1.71786927    1.72875832    1.76456991    1.77517251    1.77781328    1.78483624    1.95461793    1.95781547    1.98084329    1.99343443    2.00126366    2.01372711    
9.00000000   0.44321208    0.47882787    0.49330525    0.52553710    1.04296988    1.04969524    1.05859594    1.07180839    1.09561748    1.10838872    1.11682171    1.12310493    1.41181066    1.44628036    1.46080412    1.49414398    1.70803915    1.71625919    1.71762537    1.72987246    1.76344592    1.77537695    1.77669767    1.78460149    1.95520354    1.95879933    1.98023696    1.99440071    2.00027267    2.01429553    
10.00000000   0.44403311    0.47795483    0.49404304    0.52474178    1.04331904    1.05078653    1.05820132    1.07287718    1.09452208    1.10871728    1.11574713    1.12273299    1.41262223    1.44545072    1.46158849    1.49334093    1.70825238    1.71738219    1.71738220    1.73098663    1.76232195    1.77558209    1.77558209    1.78436745    1.95578964    1.95978336    1.97963111    1.99536718    1.99928185    2.01486444    
11.00000000   0.44485556    0.47708292    0.49478236    0.52394773    1.04366934    1.05187792    1.05780780    1.07394613    1.09342677    1.10904692    1.11467268    1.12236209    1.41343425    1.44462151    1.46237332    1.49253833    1.70846634    1.71713974    1.71850522    1.73210084    1.76119800    1.77446654    1.77578795    1.78413410    1.95637623    1.96076756    1.97902574    1.99633384    1.99829118    2.01543383    
12.00000000   0.44567941    0.47621215    0.49552321    0.52315497    1.04402077    1.05296942    1.05741535    1.07501522    1.09233155    1.10937763    1.11359836    1.12199223    1.41424673    1.44379273    1.46315863    1.49173617    1.70868105    1.71689801    1.71962828    1.73321509    1.76007408    1.77335103    1.77599451    1.78390145    1.95696331    1.96175193    1.97842083    1.99730067    1.99730068    2.01600371    
13.00000000   0.44650466    0.47534252    0.49626558    0.52236350    1.04437332    1.05406103    1.05702400    1.07608446    1.09123644    1.10970942    1.11252418    1.12162341    1.41505967    1.44296437    1.46394441    1.49093445    1.70889648    1.71665701    1.72075136    1.73432937    1.75895018    1.77223555    1.77620178    1.78366950    1.95755088    1.96273647    1.97781641    1.99631034    1.99826770    2.01657408    
14.00000000   0.44733130    0.47447405    0.49700947    0.52157333    1.04472701    1.05515274    1.05663373    1.07715385    1.09014141    1.11004229    1.11145013    1.12125563    1.41587306    1.44213644    1.46473065    1.49013317    1.70911266    1.71641673    1.72187446    1.73544368    1.75782630    1.77112010    1.77640977    1.78343825    1.95813893    1.96372118    1.97721245    1.99532016    1.99923491    2.01714493    
15.00000000   0.44815933    0.47360674    0.49775486    0.52078446    1.04508182    1.05624456    1.05624456    1.07822339    1.08904648    1.11037622    1.11037622    1.12088889    1.41668690    1.44130894    1.46551736    1.48933234    1.70932957    1.71617718    1.72299759    1.73655803    1.75670244    1.77000469    1.77661846    1.78320770    1.95872748    1.96470606    1.97660897    1.99433014    2.00020230    2.01771627    
16.00000000   0.44898873    0.47274059    0.49850175    0.51999690    1.04543775    1.05585647    1.05733648    1.07929308    1.08795165    1.11071123    1.10930244    1.12052319    1.41750120    1.44048187    1.46630454    1.48853195    1.70954721    1.71593836    1.72412074    1.73767242    1.75557861    1.76888930    1.77682786    1.78297785    1.95931652    1.96569111    1.97600596    1.99334028    2.00116988    2.01828809    
17.00000000   0.44981949    0.47187561    0.49925013    0.51921066    1.04579482    1.05546948    1.05842850    1.08036291    1.08685691    1.11104732    1.10822880    1.12015854    1.41831594    1.43965523    1.46709218    1.48773201    1.70976559    1.71570026    1.72524391    1.73878684    1.75445480    1.76777396    1.77703797    1.78274871    1.95990604    1.96667633    1.97540343    1.99235059    2.00213764    2.01886039    
18.00000000   0.45065162    0.47101182    0.50000000    0.51842574    1.04615300    1.05508358    1.05952063    1.08143289    1.08576228    1.11138447    1.10715529    1.11979494    1.41913114    1.43882902    1.46788029    1.48693251    1.70998470    1.71546289    1.72636711    1.73990130    1.75333101    1.76665864    1.77724879    1.78252026    1.96049605    1.96766172    1.97480138    1.99136106    2.00310558    2.01943317    
19.00000000   0.45148510    0.47014920    0.50075135    0.51764214    1.04651231    1.05469877    1.06061287    1.08250301    1.08466773    1.11172269    1.10608192    1.11943237    1.41994679    1.43800324    1.46866886    1.48613346    1.71020454    1.71522624    1.72749034    1.74101579    1.75220725    1.76554336    1.77746031    1.78229252    1.96108655    1.96864727    1.97419980    1.99037169    2.00407371    2.02000644    
20.00000000   0.45231993    0.46928778    0.50150417    0.51685988    1.04687274    1.05431506    1.06170521    1.08357329    1.08357329    1.11206199    1.10500869    1.11907086    1.42076288    1.43717789    1.46945790    1.48533486    1.71042512    1.71499032    1.72861358    1.74213032    1.75108351    1.76442811    1.77767255    1.78206548    1.96167753    1.96963300    1.97359870    1.98938249    2.00504202    2.02058019    
21.00000000   0.45315609    0.46842756    0.50225846    0.51607896    1.04723429    1.05393244    1.06279765    1.08247894    1.08464370    1.11240235    1.10393560    1.11871039    1.42157943    1.43635298    1.47024740    1.48453670    1.71064643    1.71475513    1.72973685    1.74324488    1.74995979    1.76331290    1.77788549    1.78183915    1.96226900    1.97061889    1.97299808    1.98839344    2.00601051    2.02115443    
22.00000000   0.45399358    0.46756854    0.50301420    0.51529938    1.04759696    1.05355093    1.06389019    1.08138469    1.08571426    1.11274377    1.10286264    1.11835098    1.42239642    1.43552850    1.47103736    1.48373900    1.71086848    1.71452067    1.73086015    1.74435947    1.74883609    1.76219772    1.77809914    1.78161351    1.96286095    1.97160495    1.97239794    1.98740457    2.00697918    2.02172914    
23.00000000   0.45483240    0.46671073    0.50377140    0.51452116    1.04796075    1.05317051    1.06498284    1.08029053    1.08678497    1.11308626    1.10178982    1.11799261    1.42321385    1.43470445    1.47182778    1.48294174    1.71109126    1.71428693    1.73198347    1.74547411    1.74771242    1.76108257    1.77831349    1.78138858    1.96345340    1.97179827    1.97259118    1.98641585    2.00794804    2.02230433    
24.00000000   0.45567253    0.46585414    0.50453005    0.51374429    1.04832565    1.05279119    1.06607559    1.07919648    1.08785582    1.11342982    1.10071714    1.11763529    1.42403174    1.43388084    1.47261867    1.48214494    1.71131477    1.71405393    1.73310681    1.74658877    1.74658877    1.75996746    1.77852855    1.78116435    1.96404632    1.97119908    1.97357757    1.98542730    2.00891707    2.02288001    
25.00000000   0.45651397    0.46499877    0.50529014    0.51296879    1.04869167    1.05241298    1.06716845    1.07810252    1.08892682    1.11377443    1.09964460    1.11727903    1.42485007    1.43305766    1.47341001    1.48134858    1.71153901    1.71382165    1.73423018    1.74770347    1.74546515    1.75885238    1.77874432    1.78094083    1.96463973    1.97060037    1.97456414    1.98443891    2.00988629    2.02345617    
26.00000000   0.45735671    0.46414464    0.50605166    0.51219465    1.04905881    1.05203587    1.06826140    1.07700867    1.08999795    1.11412011    1.09857221    1.11692382    1.42566884    1.43223493    1.47420181    1.48055268    1.71176399    1.71359010    1.73535357    1.74881821    1.74434154    1.75773734    1.77896080    1.78071800    1.96523362    1.97000214    1.97555087    1.98345069    2.01085569    2.02403280    
27.00000000   0.45820075    0.46329174    0.50681461    0.51142190    1.04942706    1.05165986    1.06935446    1.07591491    1.09106923    1.11446685    1.09749995    1.11656966    1.42648806    1.43141263    1.47499408    1.47975723    1.71198969    1.71335928    1.73647698    1.74993298    1.74321797    1.75662233    1.77917798    1.78049589    1.96582800    1.96940439    1.97653777    1.98246264    2.01182526    2.02460992    
28.00000000   0.45904607    0.46244009    0.50757897    0.51065052    1.04979642    1.05128496    1.07044761    1.07482125    1.09214066    1.11481465    1.09642784    1.11621656    1.42730772    1.43059077    1.47578680    1.47896223    1.71221613    1.71312919    1.73760042    1.75104778    1.74209441    1.75550735    1.77939587    1.78027447    1.96642286    1.96880713    1.97752483    1.98147474    2.01279502    2.02518751    
29.00000000   0.45989268    0.46158969    0.50834476    0.50988054    1.05016689    1.05091116    1.07154087    1.07372769    1.09321222    1.11516350    1.09535587    1.11586451    1.42812782    1.42976934    1.47657997    1.47816769    1.71244330    1.71289983    1.73872388    1.75216262    1.74097088    1.75439241    1.77961446    1.78005377    1.96701821    1.96821034    1.97851206    1.98048702    2.01376496    2.02576558    
30.00000000   0.46074055    0.46074055    0.50911194    0.50911194    1.05053847    1.05053847    1.07263423    1.07263423    1.09428393    1.11551340    1.09428405    1.11551353    1.42894836    1.42894836    1.47737360    1.47737360    1.71267120    1.71267120    1.73984737    1.75327750    1.73984737    1.75327750    1.77983376    1.77983376    1.96761403    1.96761403    1.97949945    1.97949945    2.01473508    2.02634414    
31.00000000   0.46150499    0.46150499    0.50826785    0.50826785    1.05161773    1.05161773    1.07296281    1.07296281    1.09389147    1.11442702    1.09389161    1.11442716    1.42974200    1.42974200    1.47655349    1.47655349    1.71378971    1.71378971    1.74004996    1.75303258    1.74004996    1.75303258    1.77871355    1.77871355    1.96858770    1.96858770    1.98007244    1.98007244    2.01413378    2.02536027    
32.00000000   0.46227098    0.46227098    0.50742491    0.50742491    1.05269712    1.05269712    1.07329250    1.07329250    1.09350006    1.11334074    1.09350021    1.11334090    1.43053611    1.43053611    1.47573381    1.47573381    1.71490825    1.71490825    1.74025328    1.75278836    1.74025328    1.75278836    1.77759337    1.77759337    1.96956154    1.96956154    1.98064591    1.98064591    2.01353296    2.02437658    
33.00000000   0.46303852    0.46303852    0.50658314    0.50658314    1.05377664    1.05377664    1.07362331    1.07362331    1.09310970    1.11225457    1.09310988    1.11225475    1.43133069    1.43133069    1.47491456    1.47491456    1.71602683    1.71602683    1.74045732    1.75254486    1.74045732    1.75254486    1.77647322    1.77647322    1.97053557    1.97053557    1.98121988    1.98121988    2.01293260    2.02339305    
34.00000000   0.46380760    0.46380760    0.50574255    0.50574255    1.05485629    1.05485629    1.07395523    1.07395523    1.09272040    1.11116852    1.09272059    1.11116871    1.43212574    1.43212574    1.47409574    1.47409574    1.71714543    1.71714543    1.74066209    1.75230207    1.74066209    1.75230207    1.77535309    1.77535309    1.97150977    1.97150977    1.98179434    1.98179434    2.01233270    2.02240969    
35.00000000   0.46457822    0.46457822    0.50490314    0.50490314    1.05593607    1.05593607    1.07428826    1.07428826    1.09233215    1.11008257    1.09233236    1.11008278    1.43292126    1.43292126    1.47327734    1.47327734    1.71826407    1.71826407    1.74086758    1.75205999    1.74086758    1.75205999    1.77423300    1.77423300    1.97248415    1.97248415    1.98236929    1.98236929    2.01173328    2.02142649    
36.00000000   0.46535035    0.46535035    0.50406492    0.50406492    1.05701599    1.05701599    1.07462239    1.07462239    1.09194495    1.10899674    1.09194518    1.10899697    1.43371724    1.43371724    1.47245937    1.47245937    1.71938273    1.71938273    1.74107380    1.75181861    1.74107380    1.75181861    1.77311292    1.77311292    1.97345872    1.97345872    1.98294473    1.98294473    2.01113433    2.02044346    
37.00000000   0.46612401    0.46612401    0.50322789    0.50322789    1.05809603    1.05809603    1.07495764    1.07495764    1.09155882    1.10791101    1.09155907    1.10791126    1.43451369    1.43451369    1.47164184    1.47164184    1.72050143    1.72050143    1.74128074    1.75157795    1.74128074    1.75157795    1.77199288    1.77199288    1.97443346    1.97443346    1.98352066    1.98352066    2.01053584    2.01946060    
38.00000000   0.46689917    0.46689917    0.50239206    0.50239206    1.05917620    1.05917620    1.07529399    1.07529399    1.09117374    1.10682541    1.09117400    1.10682567    1.43531061    1.43531061    1.47082474    1.47082474    1.72162015    1.72162015    1.74148840    1.75133800    1.74148840    1.75133800    1.77087286    1.77087286    1.97540838    1.97540838    1.98409708    1.98409708    2.00993783    2.01847790    
39.00000000   0.46767583    0.46767583    0.50155744    0.50155744    1.06025650    1.06025650    1.07563145    1.07563145    1.09078971    1.10573991    1.09079000    1.10574020    1.43610800    1.43610800    1.47000807    1.47000807    1.72273890    1.72273890    1.74169679    1.75109876    1.74169679    1.75109876    1.76975288    1.76975288    1.97638348    1.97638348    1.98467399    1.98467399    2.00934029    2.01749537    
40.00000000   0.46845399    0.46845399    0.50072402    0.50072402    1.06133692    1.06133692    1.07597002    1.07597002    1.09040675    1.10465453    1.09040706    1.10465483    1.43690584    1.43690584    1.46919183    1.46919183    1.72385769    1.72385769    1.74190590    1.75086023    1.74190590    1.75086023    1.76863291    1.76863291    1.97735876    1.97735876    1.98525139    1.98525139    2.00874322    2.01651301    
41.00000000   0.46923363    0.46923363    0.49989183    0.49989183    1.06241748    1.06241748    1.07630968    1.07630969    1.09002485    1.10356926    1.09002518    1.10356958    1.43770415    1.43770415    1.46837603    1.46837603    1.72497650    1.72497650    1.74211573    1.75062242    1.74211573    1.75062242    1.76751298    1.76751298    1.97833422    1.97833422    1.98582928    1.98582928    2.00814662    2.01553082    
42.00000000   0.47001475    0.47001475    0.49906086    0.49906086    1.06349816    1.06349816    1.07665046    1.07665046    1.08964401    1.10248411    1.08964435    1.10248444    1.43850293    1.43850293    1.46756066    1.46756066    1.72609535    1.72609535    1.74232628    1.75038532    1.74232628    1.75038532    1.76639307    1.76639307    1.97930985    1.97930985    1.98640765    1.98640765    2.00755049    2.01454879    
43.00000000   0.47079735    0.47079735    0.49823112    0.49823112    1.06457897    1.06457897    1.07699233    1.07699233    1.08926424    1.10139908    1.08926459    1.10139942    1.43930216    1.43930216    1.46674572    1.46674572    1.72721422    1.72721422    1.74253756    1.75014892    1.74253756    1.75014892    1.76527320    1.76527320    1.98028566    1.98028566    1.98698651    1.98698651    2.00695483    2.01356693    
44.00000000   0.47158141    0.47158141    0.49740261    0.49740261    1.06565991    1.06565991    1.07733531    1.07733531    1.08888553    1.10031416    1.08888588    1.10031451    1.44010186    1.44010186    1.46593123    1.46593123    1.72833312    1.72833312    1.74274956    1.74991325    1.74274956    1.74991325    1.76415335    1.76415335    1.98126165    1.98126165    1.98756586    1.98756586    2.00635965    2.01258524    
45.00000000   0.47236693    0.47236693    0.49657535    0.49657535    1.06674097    1.06674097    1.07767938    1.07767938    1.08850788    1.09922936    1.08850824    1.09922972    1.44090202    1.44090202    1.46511716    1.46511716    1.72945205    1.72945205    1.74296228    1.74967828    1.74296229    1.74967828    1.76303352    1.76303352    1.98223781    1.98223781    1.98814570    1.98814570    2.00576494    2.01160372    
46.00000000   0.47315389    0.47315389    0.49574933    0.49574933    1.06782216    1.06782216    1.07802456    1.07802456    1.08813130    1.09814468    1.08813166    1.09814504    1.44170264    1.44170264    1.46430354    1.46430354    1.73057102    1.73057102    1.74317573    1.74944403    1.74317573    1.74944403    1.76191373    1.76191373    1.98321415    1.98321415    1.98872602    1.98872602    2.00517070    2.01062237    
47.00000000   0.47394231    0.47394231    0.49492457    0.49492457    1.06890347    1.06890347    1.07837083    1.07837083    1.08775579    1.09706012    1.08775615    1.09706047    1.44250371    1.44250371    1.46349035    1.46349035    1.73169001    1.73169001    1.74338989    1.74921049    1.74338989    1.74921049    1.76079396    1.76079396    1.98419067    1.98419067    1.98930682    1.98930682    2.00457694    2.00964119    
48.00000000   0.47473215    0.47473215    0.49410106    0.49410106    1.06998491    1.06998491    1.07871820    1.07871820    1.08738135    1.09597568    1.08738170    1.09597602    1.44330525    1.44330525    1.46267761    1.46267761    1.73280903    1.73280903    1.74360478    1.74897767    1.74360478    1.74897767    1.75967422    1.75967422    1.98516737    1.98516737    1.98988812    1.98988812    2.00398365    2.00866018    
49.00000000   0.47552343    0.47552343    0.49327883    0.49327883    1.07106647    1.07106647    1.07906666    1.07906666    1.08700798    1.09489135    1.08700832    1.09489169    1.44410724    1.44410724    1.46186530    1.46186530    1.73392808    1.73392808    1.74382039    1.74874556    1.74382039    1.74874556    1.75855451    1.75855451    1.98614424    1.98614424    1.99046990    1.99046990    2.00339083    2.00767933    
50.00000000   0.47631612    0.47631612    0.49245787    0.49245787    1.07214816    1.07214816    1.07941622    1.07941622    1.08663568    1.09380715    1.08663600    1.09380748    1.44490969    1.44490969    1.46105343    1.46105343    1.73504716    1.73504716    1.74403671    1.74851416    1.74403671    1.74851416    1.75743483    1.75743483    1.98712128    1.98712128    1.99105216    1.99105216    2.00279849    2.00669866    
51.00000000   0.47711023    0.47711023    0.49163819    0.49163819    1.07322997    1.07322997    1.07976688    1.07976688    1.08626445    1.09272307    1.08626476    1.09272338    1.44571260    1.44571260    1.46024201    1.46024201    1.73616627    1.73616627    1.74425376    1.74828348    1.74425376    1.74828348    1.75631517    1.75631517    1.98809850    1.98809850    1.99163490    1.99163490    2.00220663    2.00571816    
52.00000000   0.47790575    0.47790575    0.49081979    0.49081979    1.07431191    1.07431191    1.08011862    1.08011862    1.08589429    1.09163911    1.08589457    1.09163940    1.44651596    1.44651596    1.45943102    1.45943102    1.73728541    1.73728541    1.74447153    1.74805351    1.74447153    1.74805351    1.75519555    1.75519555    1.98907590    1.98907590    1.99221813    1.99221813    2.00161524    2.00473783    
53.00000000   0.47870267    0.47870267    0.49000269    0.49000269    1.07539397    1.07539397    1.08047146    1.08047146    1.08552521    1.09055527    1.08552547    1.09055553    1.44731977    1.44731977    1.45862048    1.45862048    1.73840458    1.73840458    1.74469002    1.74782426    1.74469002    1.74782426    1.75407595    1.75407595    1.99005347    1.99005347    1.99280185    1.99280185    2.00102433    2.00375766    
54.00000000   0.47950098    0.47950098    0.48918689    0.48918689    1.07647615    1.07647615    1.08082539    1.08082539    1.08515720    1.08947156    1.08515743    1.08947179    1.44812404    1.44812404    1.45781038    1.45781038    1.73952377    1.73952377    1.74490922    1.74759573    1.74490922    1.74759573    1.75295638    1.75295638    1.99103121    1.99103121    1.99338604    1.99338604    2.00043390    2.00277767    
55.00000000   0.48030067    0.48030067    0.48837239    0.48837239    1.07755845    1.07755845    1.08118041    1.08118041    1.08479027    1.08838796    1.08479047    1.08838816    1.44892876    1.44892876    1.45700073    1.45700073    1.74064300    1.74064300    1.74512915    1.74736791    1.74512915    1.74736791    1.75183684    1.75183684    1.99200913    1.99200913    1.99397072    1.99397072    1.99984394    2.00179785    
56.00000000   0.48110175    0.48110175    0.48755920    0.48755920    1.07864088    1.07864088    1.08153651    1.08153651    1.08442442    1.08730449    1.08442458    1.08730465    1.44973394    1.44973394    1.45619152    1.45619152    1.74176225    1.74176225    1.74534980    1.74714080    1.74534980    1.74714080    1.75071733    1.75071733    1.99298723    1.99298723    1.99455588    1.99455588    1.99925446    2.00081821    
57.00000000   0.48190420    0.48190420    0.48674734    0.48674734    1.07972343    1.07972343    1.08189371    1.08189371    1.08405964    1.08622114    1.08405976    1.08622126    1.45053956    1.45053956    1.45538275    1.45538275    1.74288154    1.74288154    1.74557116    1.74691442    1.74557116    1.74691442    1.74959784    1.74959784    1.99396549    1.99396549    1.99514152    1.99514152    1.99866546    1.99983873    
58.00000000   0.48270801    0.48270801    0.48593679    0.48593679    1.08080610    1.08080610    1.08225199    1.08225199    1.08369595    1.08513790    1.08369603    1.08513799    1.45134564    1.45134564    1.45457443    1.45457443    1.74400085    1.74400085    1.74579324    1.74668875    1.74579324    1.74668875    1.74847839    1.74847839    1.99494393    1.99494393    1.99572765    1.99572765    1.99807694    1.99885943    
59.00000000   0.48351319    0.48351319    0.48512758    0.48512758    1.08188889    1.08188889    1.08261135    1.08261135    1.08333333    1.08405479    1.08333337    1.08405483    1.45215216    1.45215216    1.45376656    1.45376656    1.74512019    1.74512019    1.74601604    1.74646380    1.74601604    1.74646380    1.74735896    1.74735896    1.99592255    1.99592255    1.99631425    1.99631425    1.99748890    1.99788029    
60.00000000   0.48431971    0.48431971    0.48431971    0.48431971    1.08297180    1.08297180    1.08297180    1.08297180    1.08297180    1.08297180    1.08297180    1.08297180    1.45295914    1.45295914    1.45295914    1.45295914    1.74623956    1.74623956    1.74623956    1.74623956    1.74623956    1.74623956    1.74623956    1.74623956    1.99690133    1.99690133    1.99690133    1.99690133    1.99690133    1.99690133    
61.00000000   0.48270531    0.48432240    0.48432240    0.48593411    1.08152808    1.08152808    1.08225078    1.08225078    1.08369474    1.08369474    1.08441600    1.08441600    1.45134474    1.45296004    1.45296004    1.45457354    1.74489653    1.74489653    1.74534457    1.74534457    1.74713558    1.74713558    1.74758305    1.74758305    1.99533518    1.99533518    1.99651040    1.99651040    1.99729350    1.99729350    
62.00000000   0.48109092    0.48433048    0.48433048    0.48754851    1.08008484    1.08008484    1.08153169    1.08153169    1.08441961    1.08441961    1.08586069    1.08586069    1.44973034    1.45296273    1.45296273    1.45618794    1.74355396    1.74355396    1.74445061    1.74445061    1.74803264    1.74803264    1.74892700    1.74892700    1.99376909    1.99376909    1.99612069    1.99612069    1.99768689    1.99768689    
63.00000000   0.47947652    0.48434393    0.48434393    0.48916291    1.07864209    1.07864209    1.08081454    1.08081454    1.08514639    1.08514639    1.08730585    1.08730585    1.44811594    1.45296721    1.45296721    1.45780234    1.74221185    1.74221185    1.74355769    1.74355769    1.74893072    1.74893072    1.75027140    1.75027140    1.99220309    1.99220309    1.99573222    1.99573222    1.99808151    1.99808151    
64.00000000   0.47786212    0.48436276    0.48436276    0.49077731    1.07719982    1.07719982    1.08009932    1.08009932    1.08587509    1.08587509    1.08875148    1.08875148    1.44650154    1.45297349    1.45297349    1.45941674    1.74087020    1.74087020    1.74266581    1.74266581    1.74982984    1.74982984    1.75161627    1.75161627    1.99063716    1.99063716    1.99534497    1.99534497    1.99847735    1.99847735    
65.00000000   0.47624772    0.48438698    0.48438698    0.49239171    1.07575805    1.07575805    1.07938604    1.07938604    1.08660569    1.08660569    1.09019759    1.09019759    1.44488714    1.45298156    1.45298156    1.46103113    1.73952902    1.73952902    1.74177497    1.74177497    1.75072998    1.75072998    1.75296158    1.75296158    1.98907131    1.98907131    1.99495896    1.99495896    1.99887442    1.99887442    
66.00000000   0.47463332    0.48441657    0.48441657    0.49400611    1.07431676    1.07431676    1.07867471    1.07867471    1.08733821    1.08733821    1.09164417    1.09164417    1.44327275    1.45299143    1.45299143    1.46264553    1.73818830    1.73818830    1.74088517    1.74088517    1.75163115    1.75163115    1.75430735    1.75430735    1.98750554    1.98750554    1.99457418    1.99457418    1.99927271    1.99927271    
67.00000000   0.47301892    0.48445154    0.48445154    0.49562051    1.07287597    1.07287597    1.07796532    1.07796532    1.08807262    1.08807262    1.09309122    1.09309122    1.44165835    1.45300309    1.45300309    1.46425993    1.73684804    1.73684804    1.73999641    1.73999641    1.75253334    1.75253334    1.75565358    1.75565358    1.98593985    1.98593985    1.99419063    1.99419063    1.99967223    1.99967223    
68.00000000   0.47140452    0.48449189    0.48449189    0.49723491    1.07143567    1.07143567    1.07725789    1.07725789    1.08880893    1.08880893    1.09453874    1.09453874    1.44004395    1.45301654    1.45301654    1.46587433    1.73550826    1.73550826    1.73910870    1.73910870    1.75343655    1.75343655    1.75700025    1.75700025    1.98437423    1.98437423    1.99380831    1.99380831    2.00007297    2.00007297    
69.00000000   0.46979012    0.48453761    0.48453761    0.49884930    1.06999587    1.06999587    1.07655241    1.07655241    1.08954714    1.08954714    1.09598673    1.09598673    1.43842955    1.45303179    1.45303179    1.46748873    1.73416894    1.73416894    1.73822203    1.73822203    1.75434078    1.75434078    1.75834738    1.75834738    1.98280869    1.98280869    1.99342723    1.99342723    2.00047494    2.00047494    
70.00000000   0.46817572    0.48458870    0.48458870    0.50046370    1.06855657    1.06855657    1.07584890    1.07584890    1.09028724    1.09028724    1.09743517    1.09743517    1.43681515    1.45304883    1.45304883    1.46910313    1.73283009    1.73283009    1.73733641    1.73733641    1.75524603    1.75524603    1.75969496    1.75969496    1.98124323    1.98124323    1.99304738    1.99304738    2.00087813    2.00087813    
71.00000000   0.46656132    0.48464517    0.48464517    0.50207810    1.06711777    1.06711777    1.07514734    1.07514734    1.09102922    1.09102922    1.09888409    1.09888409    1.43520075    1.45306766    1.45306766    1.47071753    1.73149171    1.73149171    1.73645184    1.73645184    1.75615230    1.75615230    1.76104298    1.76104298    1.97967785    1.97967785    1.99266877    1.99266877    2.00128253    2.00128253    
72.00000000   0.46494692    0.48470701    0.48470701    0.50369250    1.06567947    1.06567947    1.07444776    1.07444776    1.09177309    1.09177309    1.10033346    1.10033346    1.43358635    1.45308829    1.45308829    1.47233193    1.73015380    1.73015380    1.73556832    1.73556832    1.75705959    1.75705959    1.76239146    1.76239146    1.97811255    1.97811255    1.99229139    1.99229139    2.00168816    2.00168816    
73.00000000   0.46333253    0.48477422    0.48477422    0.50530690    1.06424168    1.06424168    1.07375014    1.07375014    1.09251883    1.09251883    1.10178329    1.10178329    1.43197195    1.45311071    1.45311071    1.47394633    1.72881636    1.72881636    1.73468586    1.73468586    1.75796789    1.75796789    1.76374038    1.76374038    1.97654733    1.97654733    1.99191525    1.99191525    2.00209501    2.00209501    
74.00000000   0.46171813    0.48484680    0.48484680    0.50692130    1.06280439    1.06280439    1.07305450    1.07305450    1.09326646    1.09326646    1.10323358    1.10323358    1.43035755    1.45313492    1.45313492    1.47556073    1.72747940    1.72747940    1.73380445    1.73380445    1.75887720    1.75887720    1.76508974    1.76508974    1.97498218    1.97498218    1.99154035    1.99154035    2.00250307    2.00250307    
75.00000000   0.46010373    0.48492473    0.48492473    0.50853570    1.06136762    1.06136762    1.07236084    1.07236084    1.09401595    1.09401595    1.10468432    1.10468432    1.42874315    1.45316093    1.45316093    1.47717513    1.72614291    1.72614291    1.73292409    1.73292409    1.75978752    1.75978752    1.76643955    1.76643955    1.97341712    1.97341712    1.99116669    1.99116669    2.00291236    2.00291236    
76.00000000   0.45848933    0.48500803    0.48500803    0.51015010    1.05993135    1.05993135    1.07166917    1.07166917    1.09476731    1.09476731    1.10613552    1.10613552    1.42712875    1.45318872    1.45318872    1.47878952    1.72480689    1.72480689    1.73204479    1.73204479    1.76069886    1.76069886    1.76778981    1.76778981    1.97185213    1.97185213    1.99079427    1.99079427    2.00332286    2.00332286    
77.00000000   0.45687493    0.48509669    0.48509669    0.51176450    1.05849560    1.05849560    1.07097948    1.07097948    1.09552053    1.09552053    1.10758717    1.10758717    1.42551436    1.45321832    1.45321832    1.48040392    1.72347136    1.72347136    1.73116655    1.73116655    1.76161120    1.76161120    1.76914050    1.76914050    1.97028723    1.97028723    1.99042308    1.99042308    2.00373458    2.00373458    
78.00000000   0.45526053    0.48519071    0.48519071    0.51337890    1.05706037    1.05706037    1.07029178    1.07029178    1.09627562    1.09627562    1.10903927    1.10903927    1.42389996    1.45324970    1.45324970    1.48201832    1.72213630    1.72213630    1.73028937    1.73028937    1.76252455    1.76252455    1.77049164    1.77049164    1.96872240    1.96872240    1.99005314    1.99005314    2.00414751    2.00414751    
79.00000000   0.45364613    0.48529007    0.48529007    0.51499329    1.05562565    1.05562565    1.06960607    1.06960607    1.09703256    1.09703256    1.11049182    1.11049182    1.42228556    1.45328288    1.45328288    1.48363272    1.72080172    1.72080172    1.72941325    1.72941325    1.76343890    1.76343890    1.77184322    1.77184322    1.96715766    1.96715766    1.98968444    1.98968444    2.00456166    2.00456166    
80.00000000   0.45203173    0.48539479    0.48539479    0.51660769    1.05419145    1.05419145    1.06892237    1.06892237    1.09779135    1.09779135    1.11194481    1.11194481    1.42067116    1.45331785    1.45331785    1.48524712    1.71946761    1.71946761    1.72853819    1.72853819    1.76435425    1.76435425    1.77319524    1.77319524    1.96559299    1.96559299    1.98931698    1.98931698    2.00497702    2.00497702    
81.00000000   0.45041733    0.48550485    0.48550485    0.51822209    1.05275777    1.05275777    1.06824066    1.06824066    1.09855199    1.09855199    1.11339825    1.11339825    1.41905676    1.45335461    1.45335461    1.48686152    1.71813400    1.71813400    1.72766421    1.72766421    1.76527061    1.76527061    1.77454769    1.77454769    1.96402841    1.96402841    1.98895076    1.98895076    2.00539360    2.00539360    
82.00000000   0.44880293    0.48562025    0.48562025    0.51983649    1.05132462    1.05132462    1.06756096    1.06756096    1.09931448    1.09931448    1.11485213    1.11485213    1.41744236    1.45339317    1.45339317    1.48847592    1.71680086    1.71680086    1.72679128    1.72679128    1.76618797    1.76618797    1.77590059    1.77590059    1.96246390    1.96246390    1.98858579    1.98858579    2.00581139    2.00581139    
83.00000000   0.44718854    0.48574099    0.48574099    0.52145089    1.04989199    1.04989199    1.06688328    1.06688328    1.10007880    1.10007880    1.11630645    1.11630645    1.41582796    1.45343352    1.45343352    1.49009032    1.71546820    1.71546820    1.72591943    1.72591943    1.76710633    1.76710633    1.77725392    1.77725392    1.96089948    1.96089948    1.98822205    1.98822205    2.00623039    2.00623039    
84.00000000   0.44557414    0.48586706    0.48586706    0.52306529    1.04845990    1.04845990    1.06620760    1.06620760    1.10084496    1.10084496    1.11776121    1.11776121    1.41421356    1.45347566    1.45347566    1.49170472    1.71413603    1.71413603    1.72504865    1.72504865    1.76802568    1.76802568    1.77860769    1.77860769    1.95933514    1.95933514    1.98785957    1.98785957    2.00665060    2.00665060    
85.00000000   0.44395974    0.48599847    0.48599847    0.52467969    1.04702833    1.04702833    1.06553394    1.06553394    1.10161296    1.10161296    1.11921641    1.11921641    1.41259916    1.45351959    1.45351959    1.49331912    1.71280435    1.71280435    1.72417893    1.72417893    1.76894603    1.76894603    1.77996189    1.77996189    1.95777088    1.95777088    1.98749833    1.98749833    2.00707203    2.00707203    
86.00000000   0.44234534    0.48613520    0.48613520    0.52629409    1.04559729    1.04559729    1.06486231    1.06486231    1.10238279    1.10238279    1.12067205    1.12067205    1.41098476    1.45356531    1.45356531    1.49493351    1.71147315    1.71147315    1.72331030    1.72331030    1.76986737    1.76986737    1.78131652    1.78131652    1.95620670    1.95620670    1.98713833    1.98713833    2.00749466    2.00749466    
87.00000000   0.44073094    0.48627725    0.48627725    0.52790849    1.04416679    1.04416679    1.06419270    1.06419270    1.10315444    1.10315444    1.12212812    1.12212812    1.40937037    1.45361282    1.45361282    1.49654791    1.71014244    1.71014244    1.72244273    1.72244273    1.77078971    1.77078971    1.78267159    1.78267159    1.95464260    1.95464260    1.98677958    1.98677958    2.00791851    2.00791851    
88.00000000   0.43911654    0.48642462    0.48642462    0.52952289    1.04273683    1.04273683    1.06352512    1.06352512    1.10392791    1.10392791    1.12358462    1.12358462    1.40775597    1.45366213    1.45366213    1.49816231    1.70881222    1.70881222    1.72157625    1.72157625    1.77171303    1.77171303    1.78402709    1.78402709    1.95307859    1.95307859    1.98642208    1.98642208    2.00834356    2.00834356    
89.00000000   0.43750214    0.48657730    0.48657730    0.53113729    1.04130741    1.04130741    1.06285957    1.06285957    1.10470320    1.10470320    1.12504155    1.12504155    1.40614157    1.45371323    1.45371323    1.49977671    1.70748249    1.70748249    1.72071084    1.72071084    1.77263735    1.77263735    1.78538302    1.78538302    1.95151465    1.95151465    1.98606583    1.98606583    2.00876981    2.00876981    
90.00000000   0.43588774    0.48673529    0.48673529    0.53275168    1.03987852    1.03987852    1.06219606    1.06219606    1.10548030    1.10548030    1.12649892    1.12649892    1.40452717    1.45376611    1.45376611    1.50139111    1.70615325    1.70615325    1.71984651    1.71984651    1.77356265    1.77356265    1.78673938    1.78673938    1.94995080    1.94995080    1.98571082    1.98571082    2.00919728    2.00919728    
