# This file contains the lightcone in the environment PMMA with epsilon = 1.46
# in the vicinity of the M point
# The set of k_points are:
# k_points = [
#             mp.Vector3(0.45,0.45,0.0),    # Gamma'
#             mp.Vector3(0.5,0.45,0.0),     # X'
#             mp.Vector3(0.5,0.5,0.0),      # M
#             mp.Vector3(0.45,0.45,0.0)     # Gamma
#         ]


0.00000000   0.43588775    0.48673529    0.48673529    0.53275169    1.03987859    
1.00000000   0.43710022    0.48541123    0.48782140    0.53154227    1.04038820    
2.00000000   0.43831604    0.48408962    0.48891111    0.53033564    1.04090033    
3.00000000   0.43953515    0.48277044    0.49000436    0.52913176    1.04141502    
4.00000000   0.44075755    0.48145375    0.49110115    0.52793070    1.04192924    
5.00000000   0.44198320    0.48013955    0.49220145    0.52673248    1.04244830    
6.00000000   0.44321208    0.47882787    0.49330525    0.52553710    1.04296992    
7.00000000   0.44444416    0.47751873    0.49441251    0.52434460    1.04349408    
8.00000000   0.44567941    0.47621215    0.49552321    0.52315497    1.04402079    
9.00000000   0.44691781    0.47490814    0.49663734    0.52196826    1.04455004    
10.00000000   0.44815933    0.47360674    0.49775486    0.52078446    1.04508183    
11.00000000   0.44940394    0.47230795    0.49887575    0.51960362    1.04561616    
12.00000000   0.45065162    0.47101182    0.50000000    0.51842574    1.04615301    
13.00000000   0.45190235    0.46971834    0.50112758    0.51725085    1.04669240    
14.00000000   0.45315609    0.46842756    0.50225846    0.51607896    1.04723430    
15.00000000   0.45441283    0.46713948    0.50339262    0.51491010    1.04777872    
16.00000000   0.45567253    0.46585414    0.50453005    0.51374429    1.04832566    
17.00000000   0.45693518    0.46457155    0.50567072    0.51258155    1.04887511    
18.00000000   0.45820075    0.46329174    0.50681460    0.51142190    1.04942706    
19.00000000   0.45946921    0.46201473    0.50796169    0.51026535    1.04998152    
20.00000000   0.46074055    0.46074055    0.50911194    0.50911194    1.05053847    
21.00000000   0.46188779    0.46188779    0.50784623    0.50784623    1.05215741    
22.00000000   0.46303852    0.46303852    0.50658314    0.50658314    1.05377664    
23.00000000   0.46419272    0.46419272    0.50532270    0.50532270    1.05539617    
24.00000000   0.46535035    0.46535035    0.50406492    0.50406492    1.05701599    
25.00000000   0.46651139    0.46651139    0.50280982    0.50280982    1.05863610    
26.00000000   0.46767583    0.46767583    0.50155744    0.50155744    1.06025650    
27.00000000   0.46884362    0.46884362    0.50030777    0.50030777    1.06187718    
28.00000000   0.47001475    0.47001475    0.49906086    0.49906086    1.06349816    
29.00000000   0.47118920    0.47118920    0.49781671    0.49781671    1.06511942    
30.00000000   0.47236693    0.47236693    0.49657534    0.49657534    1.06674097    
31.00000000   0.47354792    0.47354792    0.49533679    0.49533679    1.06836280    
32.00000000   0.47473215    0.47473215    0.49410106    0.49410106    1.06998491    
33.00000000   0.47591959    0.47591959    0.49286819    0.49286819    1.07160730    
34.00000000   0.47711023    0.47711023    0.49163819    0.49163819    1.07322997    
35.00000000   0.47830403    0.47830403    0.49041108    0.49041108    1.07485292    
36.00000000   0.47950098    0.47950098    0.48918689    0.48918689    1.07647615    
37.00000000   0.48070104    0.48070104    0.48796563    0.48796563    1.07809965    
38.00000000   0.48190420    0.48190420    0.48674734    0.48674734    1.07972343    
39.00000000   0.48311043    0.48311043    0.48553202    0.48553202    1.08134748    
40.00000000   0.48431971    0.48431971    0.48431971    0.48431971    1.08297180    
41.00000000   0.48189811    0.48432577    0.48432577    0.48674131    1.08080640    
42.00000000   0.47947652    0.48434393    0.48434393    0.48916291    1.07864209    
43.00000000   0.47705492    0.48437420    0.48437420    0.49158451    1.07647887    
44.00000000   0.47463332    0.48441657    0.48441657    0.49400611    1.07431676    
45.00000000   0.47221172    0.48447104    0.48447104    0.49642771    1.07215576    
46.00000000   0.46979012    0.48453761    0.48453761    0.49884930    1.06999587    
47.00000000   0.46736852    0.48461627    0.48461627    0.50127090    1.06783711    
48.00000000   0.46494692    0.48470701    0.48470701    0.50369250    1.06567947    
49.00000000   0.46252533    0.48480984    0.48480984    0.50611410    1.06352297    
50.00000000   0.46010373    0.48492473    0.48492473    0.50853570    1.06136762    
51.00000000   0.45768213    0.48505169    0.48505169    0.51095730    1.05921341    
52.00000000   0.45526053    0.48519071    0.48519071    0.51337890    1.05706037    
53.00000000   0.45283893    0.48534176    0.48534176    0.51580049    1.05490848    
54.00000000   0.45041733    0.48550485    0.48550485    0.51822209    1.05275777    
55.00000000   0.44799573    0.48567995    0.48567995    0.52064369    1.05060824    
56.00000000   0.44557414    0.48586706    0.48586706    0.52306529    1.04845990    
57.00000000   0.44315254    0.48606617    0.48606617    0.52548689    1.04631274    
58.00000000   0.44073094    0.48627725    0.48627725    0.52790849    1.04416679    
59.00000000   0.43830934    0.48650030    0.48650030    0.53033009    1.04202205    
60.00000000   0.43588774    0.48673529    0.48673529    0.53275168    1.03987852    
