0.00000000    0.00000000   0.11137676   0.11232692   0.23768254   0.23844877   0.36888230   0.36973856   0.36980161   0.37063928   0.38928802   
1.00000000    0.01513490   0.11244389   0.11347137   0.23824161   0.23901034   0.36619120   0.36999823   0.37014174   0.37184390   0.39026060   
2.00000000    0.03017205   0.11537990   0.11705868   0.23989930   0.24070103   0.36142212   0.37031573   0.37114438   0.37346002   0.39223939   
3.00000000    0.04500747   0.11997833   0.12299476   0.24260703   0.24352913   0.35566107   0.37080260   0.37281847   0.37548248   0.39405399   
4.00000000    0.05952688   0.12619826   0.13091185   0.24631575   0.24747891   0.34936149   0.37148111   0.37511571   0.37810068   0.39552683   
5.00000000    0.07360731   0.13396383   0.14045278   0.25098997   0.25249953   0.34275147   0.37235161   0.37797475   0.38137108   0.39689200   
6.00000000    0.08712866   0.14318444   0.15130281   0.25659472   0.25852102   0.33594923   0.37341188   0.38129367   0.38530385   0.39838386   
7.00000000    0.09999616   0.15375857   0.16319704   0.26308396   0.26546767   0.32902540   0.37465883   0.38489883   0.38989153   0.40022823   
8.00000000    0.11216560   0.16555887   0.17592079   0.27039284   0.27326229   0.32203729   0.37608874   0.38850899   0.39511781   0.40271001   
9.00000000    0.12365410   0.17842379   0.18930403   0.27841331   0.28182702   0.31506877   0.37769723   0.39176820   0.40095991   0.40616096   
10.00000000    0.13452694   0.19216915   0.20321349   0.28684960   0.29107881   0.30838873   0.37947910   0.39444354   0.40738698   0.41077080   
11.00000000    0.14487008   0.20661182   0.21754478   0.29358885   0.30084444   0.30417216   0.38142813   0.39657070   0.41434826   0.41644591   
12.00000000    0.15476546   0.22158845   0.23221563   0.29085149   0.30957345   0.31164277   0.38353659   0.39831223   0.42169675   0.42297637   
13.00000000    0.16427724   0.23695861   0.24715947   0.28423531   0.31982974   0.32254772   0.38579459   0.39979811   0.42860127   0.43028118   
14.00000000    0.17344600   0.25256719   0.26231169   0.27718777   0.33107407   0.33395317   0.38818857   0.40109499   0.42957481   0.43694217   
15.00000000    0.18228449   0.26671924   0.27158654   0.27777212   0.34292938   0.34575897   0.39069812   0.40222280   0.42635911   0.43328885   
16.00000000    0.19076641   0.26203516   0.28517862   0.29322010   0.35526944   0.35790416   0.39328772   0.40316594   0.41757868   0.41878125   
17.00000000    0.19879252   0.25503284   0.30134851   0.30882975   0.36801171   0.37032914   0.39583133   0.40086161   0.40308948   0.40432311   
18.00000000    0.20608751   0.24840060   0.31771980   0.32453277   0.38105423   0.38294734   0.38408317   0.38767721   0.39855778   0.40450093   
19.00000000    0.21188309   0.24298905   0.33420462   0.34029951   0.36740389   0.37190786   0.39412318   0.39562642   0.40081004   0.40484370   
20.00000000    0.21433375   0.24066438   0.35064452   0.35090038   0.35593064   0.35627782   0.40130694   0.40223077   0.40783446   0.40811617   
21.00000000    0.21458370   0.24082260   0.35106051   0.35131259   0.35633124   0.35665145   0.39682526   0.40490201   0.40784121   0.40849887   
22.00000000    0.21532948   0.24129415   0.35230552   0.35254614   0.35752784   0.35776528   0.39149510   0.40352730   0.40950261   0.40971895   
23.00000000    0.21656226   0.24207557   0.35437077   0.35459170   0.35950029   0.35959709   0.38602977   0.40017511   0.41128646   0.41185600   
24.00000000    0.21826765   0.24316116   0.35724176   0.35743213   0.36207521   0.36222309   0.38056941   0.39595392   0.41372655   0.41440041   
25.00000000    0.22042624   0.24454314   0.36089715   0.36103329   0.36509216   0.36551924   0.37531850   0.39131668   0.41683964   0.41750852   
26.00000000    0.22301433   0.24621183   0.36509419   0.36533387   0.36753920   0.36844781   0.37222941   0.38680691   0.42061263   0.42123351   
27.00000000    0.22600438   0.24815574   0.36292325   0.37025934   0.37064531   0.37087733   0.37584318   0.38381496   0.42502794   0.42557903   
28.00000000    0.22936590   0.25036178   0.35774006   0.36891671   0.37637005   0.37657304   0.38131659   0.38498087   0.43006559   0.43054068   
29.00000000    0.23306572   0.25281529   0.35241051   0.36442221   0.38290750   0.38306824   0.38756560   0.38962603   0.43570257   0.43610253   
30.00000000    0.23706826   0.25549997   0.34709068   0.35892730   0.39008893   0.39021912   0.39445382   0.39581633   0.44191135   0.44224463   
31.00000000    0.24133525   0.25839767   0.34182246   0.35309282   0.39787753   0.39798305   0.40191502   0.40290771   0.44865553   0.44894367   
32.00000000    0.24582479   0.26148762   0.33662954   0.34713584   0.40623806   0.40632304   0.40989334   0.41069785   0.45587317   0.45617305   
33.00000000    0.25048918   0.26474518   0.33153360   0.34116162   0.41513581   0.41520376   0.41833948   0.41909547   0.46346561   0.46390309   
34.00000000    0.25527065   0.26813903   0.32656121   0.33524699   0.42453676   0.42459098   0.42721903   0.42803260   0.47139773   0.47209903   
35.00000000    0.26009308   0.27162562   0.32175091   0.32947234   0.43440752   0.43445164   0.43650889   0.43744543   0.47969966   0.48071141   
36.00000000    0.26484546   0.27513736   0.31716601   0.32394647   0.44471461   0.44475389   0.44618554   0.44727857   0.48837893   0.48967027   
37.00000000    0.26934874   0.27855644   0.31292149   0.31884311   0.45541804   0.45546710   0.45622752   0.45748485   0.49741380   0.49889656   
38.00000000    0.27329321   0.28165702   0.30924198   0.31446561   0.46635904   0.46656097   0.46672820   0.46802114   0.50670316   0.50808471   
39.00000000    0.27615271   0.28400060   0.30656239   0.31133780   0.47708551   0.47799976   0.47806324   0.47884379   0.49911699   0.50111584   
40.00000000    0.27723113   0.28491419   0.30554030   0.31016725   0.48704152   0.48850142   0.48935313   0.48980592   0.48981939   0.48990035   
41.00000000    0.27641598   0.28199699   0.30574316   0.31412444   0.46596094   0.46631964   0.48934730   0.49015345   0.49040698   0.49044574   
42.00000000    0.27014109   0.28058290   0.30634360   0.32248705   0.44213386   0.44388406   0.48652416   0.48793385   0.49134559   0.49184715   
43.00000000    0.26030062   0.28184836   0.30733292   0.33216233   0.41835997   0.42133755   0.46671617   0.46697444   0.49390601   0.49428618   
44.00000000    0.24951649   0.28403406   0.30869351   0.34224672   0.39465756   0.39876831   0.44626098   0.44693885   0.49128943   0.49771745   
45.00000000    0.23826370   0.28689617   0.31038735   0.35241406   0.37108271   0.37625449   0.42595501   0.42743606   0.48395199   0.50161829   
46.00000000    0.22666928   0.29035571   0.31230980   0.34735589   0.35392570   0.36282275   0.40616677   0.40829028   0.47655643   0.49473613   
47.00000000    0.21476671   0.29434607   0.31388340   0.32405454   0.33237606   0.37254107   0.38731627   0.38959369   0.46907424   0.48073193   
48.00000000    0.20255001   0.29825252   0.30144475   0.30626325   0.32043445   0.36726469   0.37147279   0.38410764   0.46124563   0.46639421   
49.00000000    0.18998814   0.27773785   0.28561693   0.30390708   0.32180621   0.34974662   0.35418957   0.39381406   0.45144952   0.45266337   
50.00000000    0.17702610   0.25511978   0.26407556   0.30903663   0.32339613   0.33295715   0.33886463   0.40362702   0.43945183   0.43976757   
51.00000000    0.16357792   0.23295521   0.24271818   0.31207856   0.31696429   0.31958264   0.33284912   0.41297318   0.42768585   0.42799927   
52.00000000    0.14951309   0.21148014   0.22178255   0.30049909   0.30327241   0.32226077   0.33538415   0.41537199   0.41673371   0.42354414   
53.00000000    0.13464207   0.19102065   0.20146206   0.28703814   0.28952705   0.32835899   0.33935986   0.40609680   0.40676548   0.42685232   
54.00000000    0.11872353   0.17201564   0.18199383   0.27478928   0.27682981   0.33487494   0.34381203   0.39735562   0.39789049   0.42000762   
55.00000000    0.10153437   0.15496859   0.16370156   0.26406588   0.26553021   0.34156753   0.34853933   0.38975703   0.39019897   0.41333598   
56.00000000    0.08300049   0.14033640   0.14703843   0.25504651   0.25587807   0.34828729   0.35343241   0.38340398   0.38376740   0.40690021   
57.00000000    0.06327096   0.12846491   0.13263007   0.24787282   0.24809485   0.35483602   0.35836684   0.37833868   0.37865298   0.40081335   
58.00000000    0.04264652   0.11964518   0.12129035   0.24237234   0.24266335   0.36087981   0.36312336   0.37453829   0.37487051   0.39532470   
59.00000000    0.02145706   0.11394198   0.11417848   0.23887181   0.23950002   0.36585926   0.36724605   0.37180500   0.37229849   0.39104665   
60.00000000    0.00000000   0.11137676   0.11232692   0.23768254   0.23844877   0.36888230   0.36973857   0.36980162   0.37063928   0.38928802   
61.00000000    0.02131168   0.11322726   0.11486925   0.23874093   0.23962804   0.36547022   0.36778050   0.37173117   0.37243066   0.39147931   
62.00000000    0.04233191   0.11870512   0.12215837   0.24192575   0.24310521   0.36008098   0.36463637   0.37435979   0.37518878   0.39653282   
63.00000000    0.06273835   0.12755920   0.13342179   0.24717350   0.24878610   0.35394538   0.36081135   0.37811294   0.37906795   0.40262538   
64.00000000    0.08218032   0.13951016   0.14774860   0.25439763   0.25651302   0.34757912   0.35661607   0.38316896   0.38421841   0.40883214   
65.00000000    0.10035530   0.15427094   0.16433282   0.26348340   0.26608759   0.34121369   0.35230232   0.38953367   0.39065139   0.41437817   
66.00000000    0.11714175   0.17147238   0.18255104   0.27429171   0.27728035   0.33497179   0.34805433   0.39715509   0.39832167   0.41791903   
67.00000000    0.13265374   0.19062279   0.20194866   0.28665791   0.28982138   0.32894184   0.34404281   0.40589353   0.40715729   0.41744128   
68.00000000    0.14714002   0.21119846   0.22219764   0.30035182   0.30331510   0.32324929   0.34054579   0.41140620   0.41686613   0.41707005   
69.00000000    0.16084865   0.23275921   0.24305236   0.31374479   0.31669732   0.31940539   0.33851704   0.40429338   0.42742722   0.42794809   
70.00000000    0.17396671   0.25498730   0.26430104   0.31175990   0.32517975   0.33236053   0.34267367   0.39557252   0.43942591   0.43964457   
71.00000000    0.18662043   0.27766454   0.28565671   0.30708281   0.32566178   0.34928006   0.35617241   0.38631859   0.45186164   0.45231908   
72.00000000    0.19889220   0.30033733   0.30299576   0.30600554   0.32520385   0.36651080   0.37288028   0.37740905   0.46365338   0.46585532   
73.00000000    0.21083448   0.29857397   0.31646412   0.32396487   0.33459810   0.36597153   0.38685000   0.39073421   0.47311524   0.47929770   
74.00000000    0.22247664   0.29501855   0.31613289   0.34721074   0.35507708   0.35644459   0.40594421   0.40926714   0.48081794   0.48995360   
75.00000000    0.23382459   0.29194023   0.31459064   0.34622278   0.37102307   0.37714078   0.42579616   0.42829008   0.48794785   0.49642062   
76.00000000    0.24484948   0.28937936   0.31308809   0.33630252   0.39462535   0.39954186   0.44614665   0.44768562   0.49456336   0.49608982   
77.00000000    0.25545080   0.28736599   0.31184044   0.32649650   0.41833721   0.42204924   0.46689843   0.46735502   0.49307445   0.49373938   
78.00000000    0.26533401   0.28593014   0.31091666   0.31714704   0.44211780   0.44455329   0.48697537   0.48792696   0.49067408   0.49132421   
79.00000000    0.27355104   0.28511592   0.30914220   0.31040045   0.46595076   0.46694572   0.48906065   0.48928598   0.49041415   0.49045207   
80.00000000    0.27723168   0.28491618   0.30550106   0.31018448   0.48704160   0.48850169   0.48935343   0.48981516   0.48982912   0.49014391   
