0.15000000 0.00026173
0.15040000 0.00028430
0.15080000 0.00030827
0.15120000 0.00033368
0.15160000 0.00036060
0.15200000 0.00038909
0.15240000 0.00041926
0.15280000 0.00045121
0.15320000 0.00048508
0.15360000 0.00052102
0.15400000 0.00055922
0.15440000 0.00059989
0.15480000 0.00064329
0.15520000 0.00068969
0.15560000 0.00073941
0.15600000 0.00079281
0.15640000 0.00085029
0.15680000 0.00091227
0.15720000 0.00097922
0.15760000 0.00105166
0.15800000 0.00113012
0.15840000 0.00121517
0.15880000 0.00130743
0.15920000 0.00140753
0.15960000 0.00151612
0.16000000 0.00163389
0.16040000 0.00176154
0.16080000 0.00189978
0.16120000 0.00204934
0.16160000 0.00221094
0.16200000 0.00238534
0.16240000 0.00257327
0.16280000 0.00277549
0.16320000 0.00299275
0.16360000 0.00322579
0.16400000 0.00347538
0.16440000 0.00374230
0.16480000 0.00402731
0.16520000 0.00433122
0.16560000 0.00465484
0.16600000 0.00499905
0.16640000 0.00536473
0.16680000 0.00575282
0.16720000 0.00616435
0.16760000 0.00660039
0.16800000 0.00706211
0.16840000 0.00755078
0.16880000 0.00806777
0.16920000 0.00861458
0.16960000 0.00919283
0.17000000 0.00980429
0.17040000 0.01045088
0.17080000 0.01113468
0.17120000 0.01185791
0.17160000 0.01262298
0.17200000 0.01343245
0.17240000 0.01428907
0.17280000 0.01519572
0.17320000 0.01615544
0.17360000 0.01717145
0.17400000 0.01824706
0.17440000 0.01938574
0.17480000 0.02059106
0.17520000 0.02186669
0.17560000 0.02321638
0.17600000 0.02464395
0.17640000 0.02615326
0.17680000 0.02774823
0.17720000 0.02943280
0.17760000 0.03121091
0.17800000 0.03308654
0.17840000 0.03506365
0.17880000 0.03714624
0.17920000 0.03933829
0.17960000 0.04164383
0.18000000 0.04406694
0.18040000 0.04661175
0.18080000 0.04928248
0.18120000 0.05208348
0.18160000 0.05501929
0.18200000 0.05809462
0.18240000 0.06131446
0.18280000 0.06468411
0.18320000 0.06820922
0.18360000 0.07189588
0.18400000 0.07575064
0.18440000 0.07978059
0.18480000 0.08399342
0.18520000 0.08839746
0.18560000 0.09300173
0.18600000 0.09781596
0.18640000 0.10285070
0.18680000 0.10811725
0.18720000 0.11362775
0.18760000 0.11939516
0.18800000 0.12543326
0.18840000 0.13175665
0.18880000 0.13838069
0.18920000 0.14532151
0.18960000 0.15259592
0.19000000 0.16022139
0.19040000 0.16821596
0.19080000 0.17659814
0.19120000 0.18538687
0.19160000 0.19460139
0.19200000 0.20426118
0.19240000 0.21438580
0.19280000 0.22499486
0.19320000 0.23610786
0.19360000 0.24774411
0.19400000 0.25992265
0.19440000 0.27266215
0.19480000 0.28598080
0.19520000 0.29989629
0.19560000 0.31442570
0.19600000 0.32958547
0.19640000 0.34539135
0.19680000 0.36185835
0.19720000 0.37900076
0.19760000 0.39683211
0.19800000 0.41536514
0.19840000 0.43461186
0.19880000 0.45458353
0.19920000 0.47529065
0.19960000 0.49674302
0.20000000 0.51894970
0.20040000 0.54191906
0.20080000 0.56565878
0.20120000 0.59017582
0.20160000 0.61547640
0.20200000 0.64156602
0.20240000 0.66844938
0.20280000 0.69613035
0.20320000 0.72461188
0.20360000 0.75389594
0.20400000 0.78398343
0.20440000 0.81487407
0.20480000 0.84656628
0.20520000 0.87905710
0.20560000 0.91234204
0.20600000 0.94641500
0.20640000 0.98126812
0.20680000 1.01689174
0.20720000 1.05327432
0.20760000 1.09040236
0.20800000 1.12826043
0.20840000 1.16683114
0.20880000 1.20609524
0.20920000 1.24603172
0.20960000 1.28661792
0.21000000 1.32782978
0.21040000 1.36964205
0.21080000 1.41202860
0.21120000 1.45496281
0.21160000 1.49841788
0.21200000 1.54236736
0.21240000 1.58678552
0.21280000 1.63164794
0.21320000 1.67693194
0.21360000 1.72261712
0.21400000 1.76868589
0.21440000 1.81512389
0.21480000 1.86192050
0.21520000 1.90906917
0.21560000 1.95656779
0.21600000 2.00441890
0.21640000 2.05262983
0.21680000 2.10121273
0.21720000 2.15018449
0.21760000 2.19956647
0.21800000 2.24938412
0.21840000 2.29966648
0.21880000 2.35044546
0.21920000 2.40175499
0.21960000 2.45363003
0.22000000 2.50610541
0.22040000 2.55921456
0.22080000 2.61298808
0.22120000 2.66745228
0.22160000 2.72262748
0.22200000 2.77852648
0.22240000 2.83515278
0.22280000 2.89249892
0.22320000 2.95054485
0.22360000 3.00925632
0.22400000 3.06858338
0.22440000 3.12845908
0.22480000 3.18879826
0.22520000 3.24949659
0.22560000 3.31042988
0.22600000 3.37145359
0.22640000 3.43240271
0.22680000 3.49309192
0.22720000 3.55331612
0.22760000 3.61285123
0.22800000 3.67145550
0.22840000 3.72887104
0.22880000 3.78482576
0.22920000 3.83903563
0.22960000 3.89120734
0.23000000 3.94104113
0.23040000 3.98823394
0.23080000 4.03248285
0.23120000 4.07348858
0.23160000 4.11095918
0.23200000 4.14461382
0.23240000 4.17418654
0.23280000 4.19942999
0.23320000 4.22011909
0.23360000 4.23605445
0.23400000 4.24706567
0.23440000 4.25301427
0.23480000 4.25379633
0.23520000 4.24934471
0.23560000 4.23963089
0.23600000 4.22466627
0.23640000 4.20450298
0.23680000 4.17923422
0.23720000 4.14899400
0.23760000 4.11395629
0.23800000 4.07433372
0.23840000 4.03037568
0.23880000 3.98236589
0.23920000 3.93061950
0.23960000 3.87547980
0.24000000 3.81731441
0.24040000 3.75651122
0.24080000 3.69347401
0.24120000 3.62861783
0.24160000 3.56236427
0.24200000 3.49513658
0.24240000 3.42735489
0.24280000 3.35943137
0.24320000 3.29176563
0.24360000 3.22474030
0.24400000 3.15871688
0.24440000 3.09403191
0.24480000 3.03099362
0.24520000 2.96987890
0.24560000 2.91093085
0.24600000 2.85435683
0.24640000 2.80032702
0.24680000 2.74897356
0.24720000 2.70039021
0.24760000 2.65463265
0.24800000 2.61171919
0.24840000 2.57163211
0.24880000 2.53431941
0.24920000 2.49969699
0.24960000 2.46765130
0.25000000 2.43804225
0.25040000 2.41070642
0.25080000 2.38546053
0.25120000 2.36210503
0.25160000 2.34042779
0.25200000 2.32020784
0.25240000 2.30121903
0.25280000 2.28323367
0.25320000 2.26602594
0.25360000 2.24937517
0.25400000 2.23306886
0.25440000 2.21690535
0.25480000 2.20069624
0.25520000 2.18426847
0.25560000 2.16746600
0.25600000 2.15015108
0.25640000 2.13220528
0.25680000 2.11352998
0.25720000 2.09404661
0.25760000 2.07369652
0.25800000 2.05244050
0.25840000 2.03025800
0.25880000 2.00714618
0.25920000 1.98311861
0.25960000 1.95820385
0.26000000 1.93244386
0.26040000 1.90589235
0.26080000 1.87861294
0.26120000 1.85067747
0.26160000 1.82216411
0.26200000 1.79315568
0.26240000 1.76373796
0.26280000 1.73399811
0.26320000 1.70402319
0.26360000 1.67389888
0.26400000 1.64370829
0.26440000 1.61353097
0.26480000 1.58344208
0.26520000 1.55351170
0.26560000 1.52380438
0.26600000 1.49437876
0.26640000 1.46528739
0.26680000 1.43657670
0.26720000 1.40828704
0.26760000 1.38045287
0.26800000 1.35310300
0.26840000 1.32626098
0.26880000 1.29994538
0.26920000 1.27417032
0.26960000 1.24894581
0.27000000 1.22427825
0.27040000 1.20017081
0.27080000 1.17662386
0.27120000 1.15363534
0.27160000 1.13120109
0.27200000 1.10931516
0.27240000 1.08797003
0.27280000 1.06715685
0.27320000 1.04686558
0.27360000 1.02708514
0.27400000 1.00780349
0.27440000 0.98900773
0.27480000 0.97068411
0.27520000 0.95281810
0.27560000 0.93539444
0.27600000 0.91839716
0.27640000 0.90180964
0.27680000 0.88561471
0.27720000 0.86979472
0.27760000 0.85433166
0.27800000 0.83920733
0.27840000 0.82440352
0.27880000 0.80990222
0.27920000 0.79568582
0.27960000 0.78173742
0.28000000 0.76804103
0.28040000 0.75458193
0.28080000 0.74134689
0.28120000 0.72832444
0.28160000 0.71550517
0.28200000 0.70288191
0.28240000 0.69044996
0.28280000 0.67820721
0.28320000 0.66615428
0.28360000 0.65429450
0.28400000 0.64263396
0.28440000 0.63118140
0.28480000 0.61994802
0.28520000 0.60894732
0.28560000 0.59819477
0.28600000 0.58770746
0.28640000 0.57750372
0.28680000 0.56760263
0.28720000 0.55802351
0.28760000 0.54878543
0.28800000 0.53990662
0.28840000 0.53140390
0.28880000 0.52329214
0.28920000 0.51558373
0.28960000 0.50828802
0.29000000 0.50141090
0.29040000 0.49495436
0.29080000 0.48891614
0.29120000 0.48328947
0.29160000 0.47806288
0.29200000 0.47322010
0.29240000 0.46874003
0.29280000 0.46459687
0.29320000 0.46076031
0.29360000 0.45719577
0.29400000 0.45386482
0.29440000 0.45072563
0.29480000 0.44773350
0.29520000 0.44484148
0.29560000 0.44200101
0.29600000 0.43916266
0.29640000 0.43627681
0.29680000 0.43329448
0.29720000 0.43016800
0.29760000 0.42685179
0.29800000 0.42330308
0.29840000 0.41948252
0.29880000 0.41535486
0.29920000 0.41088945
0.29960000 0.40606071
0.30000000 0.40084852
0.30040000 0.39523851
0.30080000 0.38922223
0.30120000 0.38279725
0.30160000 0.37596714
0.30200000 0.36874137
0.30240000 0.36113507
0.30280000 0.35316875
0.30320000 0.34486786
0.30360000 0.33626241
0.30400000 0.32738633
0.30440000 0.31827696
0.30480000 0.30897438
0.30520000 0.29952072
0.30560000 0.28995953
0.30600000 0.28033502
0.30640000 0.27069143
0.30680000 0.26107234
0.30720000 0.25152003
0.30760000 0.24207491
0.30800000 0.23277496
0.30840000 0.22365523
0.30880000 0.21474748
0.30920000 0.20607981
0.30960000 0.19767637
0.31000000 0.18955721
0.31040000 0.18173816
0.31080000 0.17423080
0.31120000 0.16704249
0.31160000 0.16017652
0.31200000 0.15363225
0.31240000 0.14740541
0.31280000 0.14148834
0.31320000 0.13587037
0.31360000 0.13053816
0.31400000 0.12547617
0.31440000 0.12066700
0.31480000 0.11609191
0.31520000 0.11173118
0.31560000 0.10756459
0.31600000 0.10357179
0.31640000 0.09973273
0.31680000 0.09602798
0.31720000 0.09243910
0.31760000 0.08894887
0.31800000 0.08554159
0.31840000 0.08220322
0.31880000 0.07892160
0.31920000 0.07568649
0.31960000 0.07248966
0.32000000 0.06932493
0.32040000 0.06618807
0.32080000 0.06307680
0.32120000 0.05999067
0.32160000 0.05693091
0.32200000 0.05390027
0.32240000 0.05090285
0.32280000 0.04794388
0.32320000 0.04502956
0.32360000 0.04216677
0.32400000 0.03936290
0.32440000 0.03662561
0.32480000 0.03396265
0.32520000 0.03138162
0.32560000 0.02888982
0.32600000 0.02649408
0.32640000 0.02420060
0.32680000 0.02201483
0.32720000 0.01994139
0.32760000 0.01798395
0.32800000 0.01614522
0.32840000 0.01442688
0.32880000 0.01282962
0.32920000 0.01135308
0.32960000 0.00999597
0.33000000 0.00875602
0.33040000 0.00763014
0.33080000 0.00661443
0.33120000 0.00570430
0.33160000 0.00489454
0.33200000 0.00417946
0.33240000 0.00355294
0.33280000 0.00300860
0.33320000 0.00253985
0.33360000 0.00214000
0.33400000 0.00180237
0.33440000 0.00152038
0.33480000 0.00128761
0.33520000 0.00109789
0.33560000 0.00094534
0.33600000 0.00082444
0.33640000 0.00073008
0.33680000 0.00065755
0.33720000 0.00060261
0.33760000 0.00056147
0.33800000 0.00053078
0.33840000 0.00050767
0.33880000 0.00048970
0.33920000 0.00047484
0.33960000 0.00046147
0.34000000 0.00044831
0.34040000 0.00043444
0.34080000 0.00041921
0.34120000 0.00040223
0.34160000 0.00038334
0.34200000 0.00036256
0.34240000 0.00034005
0.34280000 0.00031609
0.34320000 0.00029103
0.34360000 0.00026528
0.34400000 0.00023929
0.34440000 0.00021347
0.34480000 0.00018826
0.34520000 0.00016405
0.34560000 0.00014117
0.34600000 0.00011992
0.34640000 0.00010054
0.34680000 0.00008318
0.34720000 0.00006797
0.34760000 0.00005494
0.34800000 0.00004409
0.34840000 0.00003535
0.34880000 0.00002861
0.34920000 0.00002373
0.34960000 0.00002053
0.35000000 0.00001881
