0.15000000 0.00027203
0.15040000 0.00029119
0.15080000 0.00031129
0.15120000 0.00033244
0.15160000 0.00035481
0.15200000 0.00037856
0.15240000 0.00040390
0.15280000 0.00043109
0.15320000 0.00046037
0.15360000 0.00049207
0.15400000 0.00052652
0.15440000 0.00056409
0.15480000 0.00060516
0.15520000 0.00065016
0.15560000 0.00069952
0.15600000 0.00075372
0.15640000 0.00081323
0.15680000 0.00087854
0.15720000 0.00095015
0.15760000 0.00102855
0.15800000 0.00111425
0.15840000 0.00120775
0.15880000 0.00130953
0.15920000 0.00142007
0.15960000 0.00153984
0.16000000 0.00166929
0.16040000 0.00180886
0.16080000 0.00195898
0.16120000 0.00212006
0.16160000 0.00229252
0.16200000 0.00247677
0.16240000 0.00267321
0.16280000 0.00288228
0.16320000 0.00310441
0.16360000 0.00334010
0.16400000 0.00358986
0.16440000 0.00385426
0.16480000 0.00413396
0.16520000 0.00442967
0.16560000 0.00474221
0.16600000 0.00507250
0.16640000 0.00542158
0.16680000 0.00579063
0.16720000 0.00618097
0.16760000 0.00659404
0.16800000 0.00703149
0.16840000 0.00749507
0.16880000 0.00798676
0.16920000 0.00850866
0.16960000 0.00906304
0.17000000 0.00965236
0.17040000 0.01027920
0.17080000 0.01094630
0.17120000 0.01165651
0.17160000 0.01241283
0.17200000 0.01321832
0.17240000 0.01407616
0.17280000 0.01498957
0.17320000 0.01596182
0.17360000 0.01699622
0.17400000 0.01809605
0.17440000 0.01926463
0.17480000 0.02050521
0.17520000 0.02182104
0.17560000 0.02321532
0.17600000 0.02469117
0.17640000 0.02625170
0.17680000 0.02789995
0.17720000 0.02963894
0.17760000 0.03147167
0.17800000 0.03340114
0.17840000 0.03543037
0.17880000 0.03756246
0.17920000 0.03980061
0.17960000 0.04214817
0.18000000 0.04460865
0.18040000 0.04718585
0.18080000 0.04988383
0.18120000 0.05270702
0.18160000 0.05566026
0.18200000 0.05874883
0.18240000 0.06197855
0.18280000 0.06535580
0.18320000 0.06888756
0.18360000 0.07258148
0.18400000 0.07644586
0.18440000 0.08048975
0.18480000 0.08472290
0.18520000 0.08915580
0.18560000 0.09379967
0.18600000 0.09866644
0.18640000 0.10376875
0.18680000 0.10911989
0.18720000 0.11473375
0.18760000 0.12062481
0.18800000 0.12680803
0.18840000 0.13329881
0.18880000 0.14011292
0.18920000 0.14726640
0.18960000 0.15477548
0.19000000 0.16265652
0.19040000 0.17092593
0.19080000 0.17960006
0.19120000 0.18869517
0.19160000 0.19822732
0.19200000 0.20821237
0.19240000 0.21866588
0.19280000 0.22960311
0.19320000 0.24103897
0.19360000 0.25298804
0.19400000 0.26546454
0.19440000 0.27848239
0.19480000 0.29205517
0.19520000 0.30619623
0.19560000 0.32091869
0.19600000 0.33623550
0.19640000 0.35215953
0.19680000 0.36870362
0.19720000 0.38588061
0.19760000 0.40370345
0.19800000 0.42218524
0.19840000 0.44133928
0.19880000 0.46117907
0.19920000 0.48171839
0.19960000 0.50297126
0.20000000 0.52495193
0.20040000 0.54767485
0.20080000 0.57115461
0.20120000 0.59540585
0.20160000 0.62044312
0.20200000 0.64628082
0.20240000 0.67293295
0.20280000 0.70041301
0.20320000 0.72873377
0.20360000 0.75790708
0.20400000 0.78794361
0.20440000 0.81885270
0.20480000 0.85064206
0.20520000 0.88331761
0.20560000 0.91688323
0.20600000 0.95134064
0.20640000 0.98668915
0.20680000 1.02292560
0.20720000 1.06004422
0.20760000 1.09803660
0.20800000 1.13689168
0.20840000 1.17659579
0.20880000 1.21713270
0.20920000 1.25848384
0.20960000 1.30062846
0.21000000 1.34354387
0.21040000 1.38720578
0.21080000 1.43158863
0.21120000 1.47666596
0.21160000 1.52241091
0.21200000 1.56879658
0.21240000 1.61579657
0.21280000 1.66338544
0.21320000 1.71153917
0.21360000 1.76023563
0.21400000 1.80945500
0.21440000 1.85918018
0.21480000 1.90939708
0.21520000 1.96009493
0.21560000 2.01126643
0.21600000 2.06290786
0.21640000 2.11501909
0.21680000 2.16760346
0.21720000 2.22066754
0.21760000 2.27422083
0.21800000 2.32827524
0.21840000 2.38284457
0.21880000 2.43794376
0.21920000 2.49358814
0.21960000 2.54979245
0.22000000 2.60656989
0.22040000 2.66393102
0.22080000 2.72188262
0.22120000 2.78042647
0.22160000 2.83955819
0.22200000 2.89926599
0.22240000 2.95952945
0.22280000 3.02031841
0.22320000 3.08159186
0.22360000 3.14329690
0.22400000 3.20536796
0.22440000 3.26772594
0.22480000 3.33027770
0.22520000 3.39291564
0.22560000 3.45551748
0.22600000 3.51794628
0.22640000 3.58005066
0.22680000 3.64166527
0.22720000 3.70261149
0.22760000 3.76269836
0.22800000 3.82172378
0.22840000 3.87947589
0.22880000 3.93573471
0.22920000 3.99027395
0.22960000 4.04286306
0.23000000 4.09326936
0.23040000 4.14126039
0.23080000 4.18660632
0.23120000 4.22908242
0.23160000 4.26847165
0.23200000 4.30456718
0.23240000 4.33717493
0.23280000 4.36611603
0.23320000 4.39122917
0.23360000 4.41237287
0.23400000 4.42942748
0.23440000 4.44229710
0.23480000 4.45091118
0.23520000 4.45522591
0.23560000 4.45522530
0.23600000 4.45092196
0.23640000 4.44235762
0.23680000 4.42960322
0.23720000 4.41275877
0.23760000 4.39195280
0.23800000 4.36734150
0.23840000 4.33910755
0.23880000 4.30745862
0.23920000 4.27262553
0.23960000 4.23486025
0.24000000 4.19443349
0.24040000 4.15163219
0.24080000 4.10675676
0.24120000 4.06011818
0.24160000 4.01203494
0.24200000 3.96282995
0.24240000 3.91282734
0.24280000 3.86234931
0.24320000 3.81171298
0.24360000 3.76122730
0.24400000 3.71119007
0.24440000 3.66188515
0.24480000 3.61357977
0.24520000 3.56652209
0.24560000 3.52093900
0.24600000 3.47703418
0.24640000 3.43498641
0.24680000 3.39494821
0.24720000 3.35704479
0.24760000 3.32137331
0.24800000 3.28800250
0.24840000 3.25697254
0.24880000 3.22829535
0.24920000 3.20195514
0.24960000 3.17790929
0.25000000 3.15608954
0.25040000 3.13640338
0.25080000 3.11873583
0.25120000 3.10295128
0.25160000 3.08889569
0.25200000 3.07639883
0.25240000 3.06527678
0.25280000 3.05533446
0.25320000 3.04636823
0.25360000 3.03816864
0.25400000 3.03052304
0.25440000 3.02321828
0.25480000 3.01604333
0.25520000 3.00879176
0.25560000 3.00126416
0.25600000 2.99327041
0.25640000 2.98463174
0.25680000 2.97518266
0.25720000 2.96477260
0.25760000 2.95326736
0.25800000 2.94055034
0.25840000 2.92652345
0.25880000 2.91110780
0.25920000 2.89424412
0.25960000 2.87589287
0.26000000 2.85603415
0.26040000 2.83466733
0.26080000 2.81181038
0.26120000 2.78749904
0.26160000 2.76178573
0.26200000 2.73473829
0.26240000 2.70643854
0.26280000 2.67698064
0.26320000 2.64646941
0.26360000 2.61501848
0.26400000 2.58274844
0.26440000 2.54978486
0.26480000 2.51625639
0.26520000 2.48229286
0.26560000 2.44802336
0.26600000 2.41357449
0.26640000 2.37906863
0.26680000 2.34462244
0.26720000 2.31034536
0.26760000 2.27633842
0.26800000 2.24269314
0.26840000 2.20949065
0.26880000 2.17680103
0.26920000 2.14468285
0.26960000 2.11318288
0.27000000 2.08233612
0.27040000 2.05216588
0.27080000 2.02268420
0.27120000 1.99389237
0.27160000 1.96578166
0.27200000 1.93833417
0.27240000 1.91152385
0.27280000 1.88531761
0.27320000 1.85967649
0.27360000 1.83455697
0.27400000 1.80991223
0.27440000 1.78569346
0.27480000 1.76185118
0.27520000 1.73833644
0.27560000 1.71510206
0.27600000 1.69210370
0.27640000 1.66930085
0.27680000 1.64665771
0.27720000 1.62414391
0.27760000 1.60173509
0.27800000 1.57941331
0.27840000 1.55716731
0.27880000 1.53499258
0.27920000 1.51289127
0.27960000 1.49087197
0.28000000 1.46894927
0.28040000 1.44714322
0.28080000 1.42547870
0.28120000 1.40398457
0.28160000 1.38269284
0.28200000 1.36163770
0.28240000 1.34085449
0.28280000 1.32037871
0.28320000 1.30024495
0.28360000 1.28048584
0.28400000 1.26113115
0.28440000 1.24220676
0.28480000 1.22373390
0.28520000 1.20572835
0.28560000 1.18819984
0.28600000 1.17115153
0.28640000 1.15457966
0.28680000 1.13847331
0.28720000 1.12281435
0.28760000 1.10757753
0.28800000 1.09273071
0.28840000 1.07823524
0.28880000 1.06404648
0.28920000 1.05011448
0.28960000 1.03638471
0.29000000 1.02279894
0.29040000 1.00929622
0.29080000 0.99581384
0.29120000 0.98228844
0.29160000 0.96865707
0.29200000 0.95485829
0.29240000 0.94083322
0.29280000 0.92652659
0.29320000 0.91188771
0.29360000 0.89687137
0.29400000 0.88143865
0.29440000 0.86555760
0.29480000 0.84920384
0.29520000 0.83236104
0.29560000 0.81502116
0.29600000 0.79718472
0.29640000 0.77886075
0.29680000 0.76006675
0.29720000 0.74082838
0.29760000 0.72117913
0.29800000 0.70115979
0.29840000 0.68081782
0.29880000 0.66020668
0.29920000 0.63938496
0.29960000 0.61841553
0.30000000 0.59736460
0.30040000 0.57630077
0.30080000 0.55529399
0.30120000 0.53441459
0.30160000 0.51373229
0.30200000 0.49331523
0.30240000 0.47322909
0.30280000 0.45353621
0.30320000 0.43429483
0.30360000 0.41555837
0.30400000 0.39737486
0.30440000 0.37978645
0.30480000 0.36282896
0.30520000 0.34653164
0.30560000 0.33091698
0.30600000 0.31600065
0.30640000 0.30179156
0.30680000 0.28829194
0.30720000 0.27549768
0.30760000 0.26339857
0.30800000 0.25197878
0.30840000 0.24121729
0.30880000 0.23108847
0.30920000 0.22156262
0.30960000 0.21260666
0.31000000 0.20418471
0.31040000 0.19625879
0.31080000 0.18878946
0.31120000 0.18173648
0.31160000 0.17505943
0.31200000 0.16871830
0.31240000 0.16267406
0.31280000 0.15688916
0.31320000 0.15132797
0.31360000 0.14595721
0.31400000 0.14074624
0.31440000 0.13566739
0.31480000 0.13069610
0.31520000 0.12581111
0.31560000 0.12099452
0.31600000 0.11623179
0.31640000 0.11151169
0.31680000 0.10682626
0.31720000 0.10217058
0.31760000 0.09754263
0.31800000 0.09294306
0.31840000 0.08837491
0.31880000 0.08384334
0.31920000 0.07935532
0.31960000 0.07491934
0.32000000 0.07054506
0.32040000 0.06624299
0.32080000 0.06202424
0.32120000 0.05790013
0.32160000 0.05388200
0.32200000 0.04998089
0.32240000 0.04620730
0.32280000 0.04257103
0.32320000 0.03908094
0.32360000 0.03574485
0.32400000 0.03256938
0.32440000 0.02955987
0.32480000 0.02672031
0.32520000 0.02405334
0.32560000 0.02156023
0.32600000 0.01924086
0.32640000 0.01709383
0.32680000 0.01511650
0.32720000 0.01330505
0.32760000 0.01165461
0.32800000 0.01015935
0.32840000 0.00881264
0.32880000 0.00760709
0.32920000 0.00653479
0.32960000 0.00558736
0.33000000 0.00475610
0.33040000 0.00403212
0.33080000 0.00340648
0.33120000 0.00287026
0.33160000 0.00241468
0.33200000 0.00203121
0.33240000 0.00171162
0.33280000 0.00144807
0.33320000 0.00123317
0.33360000 0.00106001
0.33400000 0.00092222
0.33440000 0.00081395
0.33480000 0.00072992
0.33520000 0.00066544
0.33560000 0.00061632
0.33600000 0.00057897
0.33640000 0.00055027
0.33680000 0.00052761
0.33720000 0.00050885
0.33760000 0.00049226
0.33800000 0.00047649
0.33840000 0.00046055
0.33880000 0.00044372
0.33920000 0.00042559
0.33960000 0.00040592
0.34000000 0.00038468
0.34040000 0.00036197
0.34080000 0.00033802
0.34120000 0.00031312
0.34160000 0.00028762
0.34200000 0.00026189
0.34240000 0.00023632
0.34280000 0.00021128
0.34320000 0.00018711
0.34360000 0.00016412
0.34400000 0.00014257
0.34440000 0.00012266
0.34480000 0.00010457
0.34520000 0.00008839
0.34560000 0.00007418
0.34600000 0.00006195
0.34640000 0.00005164
0.34680000 0.00004319
0.34720000 0.00003648
0.34760000 0.00003136
0.34800000 0.00002769
0.34840000 0.00002528
0.34880000 0.00002394
0.34920000 0.00002350
0.34960000 0.00002376
0.35000000 0.00002455
