0.15000000 0.00026839
0.15040000 0.00028088
0.15080000 0.00029396
0.15120000 0.00030792
0.15160000 0.00032305
0.15200000 0.00033971
0.15240000 0.00035830
0.15280000 0.00037924
0.15320000 0.00040301
0.15360000 0.00043009
0.15400000 0.00046100
0.15440000 0.00049627
0.15480000 0.00053644
0.15520000 0.00058204
0.15560000 0.00063359
0.15600000 0.00069160
0.15640000 0.00075655
0.15680000 0.00082888
0.15720000 0.00090900
0.15760000 0.00099726
0.15800000 0.00109396
0.15840000 0.00119935
0.15880000 0.00131362
0.15920000 0.00143693
0.15960000 0.00156934
0.16000000 0.00171092
0.16040000 0.00186168
0.16080000 0.00202160
0.16120000 0.00219066
0.16160000 0.00236886
0.16200000 0.00255621
0.16240000 0.00275276
0.16280000 0.00295865
0.16320000 0.00317408
0.16360000 0.00339938
0.16400000 0.00363502
0.16440000 0.00388161
0.16480000 0.00413997
0.16520000 0.00441108
0.16560000 0.00469616
0.16600000 0.00499665
0.16640000 0.00531422
0.16680000 0.00565079
0.16720000 0.00600852
0.16760000 0.00638980
0.16800000 0.00679725
0.16840000 0.00723369
0.16880000 0.00770215
0.16920000 0.00820579
0.16960000 0.00874792
0.17000000 0.00933193
0.17040000 0.00996128
0.17080000 0.01063940
0.17120000 0.01136973
0.17160000 0.01215559
0.17200000 0.01300019
0.17240000 0.01390658
0.17280000 0.01487757
0.17320000 0.01591575
0.17360000 0.01702341
0.17400000 0.01820256
0.17440000 0.01945489
0.17480000 0.02078177
0.17520000 0.02218424
0.17560000 0.02366308
0.17600000 0.02521879
0.17640000 0.02685162
0.17680000 0.02856169
0.17720000 0.03034899
0.17760000 0.03221346
0.17800000 0.03415513
0.17840000 0.03617416
0.17880000 0.03827094
0.17920000 0.04044623
0.17960000 0.04270125
0.18000000 0.04503777
0.18040000 0.04745823
0.18080000 0.04996588
0.18120000 0.05256478
0.18160000 0.05525997
0.18200000 0.05805751
0.18240000 0.06096452
0.18280000 0.06398923
0.18320000 0.06714101
0.18360000 0.07043036
0.18400000 0.07386888
0.18440000 0.07746925
0.18480000 0.08124514
0.18520000 0.08521116
0.18560000 0.08938272
0.18600000 0.09377596
0.18640000 0.09840755
0.18680000 0.10329464
0.18720000 0.10845462
0.18760000 0.11390501
0.18800000 0.11966331
0.18840000 0.12574683
0.18880000 0.13217257
0.18920000 0.13895707
0.18960000 0.14611633
0.19000000 0.15366570
0.19040000 0.16161982
0.19080000 0.16999260
0.19120000 0.17879720
0.19160000 0.18804604
0.19200000 0.19775090
0.19240000 0.20792297
0.19280000 0.21857297
0.19320000 0.22971129
0.19360000 0.24134815
0.19400000 0.25349380
0.19440000 0.26615867
0.19480000 0.27935360
0.19520000 0.29309001
0.19560000 0.30738007
0.19600000 0.32223688
0.19640000 0.33767460
0.19680000 0.35370851
0.19720000 0.37035510
0.19760000 0.38763206
0.19800000 0.40555820
0.19840000 0.42415333
0.19880000 0.44343812
0.19920000 0.46343373
0.19960000 0.48416160
0.20000000 0.50564297
0.20040000 0.52789843
0.20080000 0.55094742
0.20120000 0.57480761
0.20160000 0.59949434
0.20200000 0.62501992
0.20240000 0.65139298
0.20280000 0.67861784
0.20320000 0.70669384
0.20360000 0.73561472
0.20400000 0.76536815
0.20440000 0.79593514
0.20480000 0.82728979
0.20520000 0.85939892
0.20560000 0.89222202
0.20600000 0.92571122
0.20640000 0.95981150
0.20680000 0.99446101
0.20720000 1.02959163
0.20760000 1.06512966
0.20800000 1.10099673
0.20840000 1.13711087
0.20880000 1.17338774
0.20920000 1.20974205
0.20960000 1.24608909
0.21000000 1.28234637
0.21040000 1.31843538
0.21080000 1.35428336
0.21120000 1.38982515
0.21160000 1.42500496
0.21200000 1.45977816
0.21240000 1.49411287
0.21280000 1.52799154
0.21320000 1.56141224
0.21360000 1.59438977
0.21400000 1.62695653
0.21440000 1.65916305
0.21480000 1.69107821
0.21520000 1.72278912
0.21560000 1.75440058
0.21600000 1.78603417
0.21640000 1.81782696
0.21680000 1.84992977
0.21720000 1.88250505
0.21760000 1.91572442
0.21800000 1.94976578
0.21840000 1.98481018
0.21880000 2.02103833
0.21920000 2.05862695
0.21960000 2.09774491
0.22000000 2.13854922
0.22040000 2.18118107
0.22080000 2.22576179
0.22120000 2.27238895
0.22160000 2.32113270
0.22200000 2.37203222
0.22240000 2.42509265
0.22280000 2.48028230
0.22320000 2.53753038
0.22360000 2.59672526
0.22400000 2.65771328
0.22440000 2.72029823
0.22480000 2.78424144
0.22520000 2.84926257
0.22560000 2.91504116
0.22600000 2.98121878
0.22640000 3.04740196
0.22680000 3.11316571
0.22720000 3.17805773
0.22760000 3.24160316
0.22800000 3.30330986
0.22840000 3.36267414
0.22880000 3.41918684
0.22920000 3.47233970
0.22960000 3.52163188
0.23000000 3.56657664
0.23040000 3.60670784
0.23080000 3.64158649
0.23120000 3.67080689
0.23160000 3.69400253
0.23200000 3.71085153
0.23240000 3.72108149
0.23280000 3.72447380
0.23320000 3.72086717
0.23360000 3.71016046
0.23400000 3.69231466
0.23440000 3.66735406
0.23480000 3.63536650
0.23520000 3.59650275
0.23560000 3.55097503
0.23600000 3.49905467
0.23640000 3.44106893
0.23680000 3.37739709
0.23720000 3.30846576
0.23760000 3.23474365
0.23800000 3.15673573
0.23840000 3.07497692
0.23880000 2.99002555
0.23920000 2.90245638
0.23960000 2.81285369
0.24000000 2.72180418
0.24040000 2.62989005
0.24080000 2.53768229
0.24120000 2.44573413
0.24160000 2.35457511
0.24200000 2.26470536
0.24240000 2.17659071
0.24280000 2.09065818
0.24320000 2.00729235
0.24360000 1.92683231
0.24400000 1.84956942
0.24440000 1.77574585
0.24480000 1.70555384
0.24520000 1.63913571
0.24560000 1.57658468
0.24600000 1.51794623
0.24640000 1.46322026
0.24680000 1.41236369
0.24720000 1.36529368
0.24760000 1.32189122
0.24800000 1.28200512
0.24840000 1.24545624
0.24880000 1.21204196
0.24920000 1.18154074
0.24960000 1.15371665
0.25000000 1.12832394
0.25040000 1.10511141
0.25080000 1.08382661
0.25120000 1.06421975
0.25160000 1.04604731
0.25200000 1.02907531
0.25240000 1.01308212
0.25280000 0.99786088
0.25320000 0.98322147
0.25360000 0.96899206
0.25400000 0.95502011
0.25440000 0.94117303
0.25480000 0.92733842
0.25520000 0.91342379
0.25560000 0.89935610
0.25600000 0.88508083
0.25640000 0.87056082
0.25680000 0.85577492
0.25720000 0.84071637
0.25760000 0.82539110
0.25800000 0.80981593
0.25840000 0.79401671
0.25880000 0.77802648
0.25920000 0.76188365
0.25960000 0.74563029
0.26000000 0.72931052
0.26040000 0.71296903
0.26080000 0.69664977
0.26120000 0.68039483
0.26160000 0.66424351
0.26200000 0.64823154
0.26240000 0.63239059
0.26280000 0.61674784
0.26320000 0.60132589
0.26360000 0.58614267
0.26400000 0.57121164
0.26440000 0.55654201
0.26480000 0.54213917
0.26520000 0.52800514
0.26560000 0.51413908
0.26600000 0.50053788
0.26640000 0.48719675
0.26680000 0.47410977
0.26720000 0.46127048
0.26760000 0.44867238
0.26800000 0.43630938
0.26840000 0.42417622
0.26880000 0.41226873
0.26920000 0.40058411
0.26960000 0.38912106
0.27000000 0.37787983
0.27040000 0.36686220
0.27080000 0.35607139
0.27120000 0.34551191
0.27160000 0.33518928
0.27200000 0.32510983
0.27240000 0.31528034
0.27280000 0.30570772
0.27320000 0.29639871
0.27360000 0.28735948
0.27400000 0.27859535
0.27440000 0.27011051
0.27480000 0.26190771
0.27520000 0.25398809
0.27560000 0.24635100
0.27600000 0.23899389
0.27640000 0.23191226
0.27680000 0.22509970
0.27720000 0.21854790
0.27760000 0.21224684
0.27800000 0.20618489
0.27840000 0.20034911
0.27880000 0.19472543
0.27920000 0.18929900
0.27960000 0.18405444
0.28000000 0.17897621
0.28040000 0.17404889
0.28080000 0.16925751
0.28120000 0.16458783
0.28160000 0.16002664
0.28200000 0.15556197
0.28240000 0.15118333
0.28280000 0.14688182
0.28320000 0.14265028
0.28360000 0.13848336
0.28400000 0.13437753
0.28440000 0.13033104
0.28480000 0.12634385
0.28520000 0.12241753
0.28560000 0.11855509
0.28600000 0.11476078
0.28640000 0.11103991
0.28680000 0.10739856
0.28720000 0.10384339
0.28760000 0.10038136
0.28800000 0.09701946
0.28840000 0.09376449
0.28880000 0.09062285
0.28920000 0.08760029
0.28960000 0.08470173
0.29000000 0.08193116
0.29040000 0.07929145
0.29080000 0.07678433
0.29120000 0.07441031
0.29160000 0.07216867
0.29200000 0.07005750
0.29240000 0.06807376
0.29280000 0.06621337
0.29320000 0.06447131
0.29360000 0.06284179
0.29400000 0.06131840
0.29440000 0.05989430
0.29480000 0.05856237
0.29520000 0.05731540
0.29560000 0.05614632
0.29600000 0.05504830
0.29640000 0.05401497
0.29680000 0.05304053
0.29720000 0.05211988
0.29760000 0.05124873
0.29800000 0.05042364
0.29840000 0.04964210
0.29880000 0.04890251
0.29920000 0.04820421
0.29960000 0.04754738
0.30000000 0.04693302
0.30040000 0.04636285
0.30080000 0.04583917
0.30120000 0.04536476
0.30160000 0.04494274
0.30200000 0.04457638
0.30240000 0.04426897
0.30280000 0.04402368
0.30320000 0.04384335
0.30360000 0.04373037
0.30400000 0.04368657
0.30440000 0.04371304
0.30480000 0.04381007
0.30520000 0.04397702
0.30560000 0.04421232
0.30600000 0.04451334
0.30640000 0.04487648
0.30680000 0.04529707
0.30720000 0.04576948
0.30760000 0.04628715
0.30800000 0.04684264
0.30840000 0.04742778
0.30880000 0.04803371
0.30920000 0.04865109
0.30960000 0.04927017
0.31000000 0.04988096
0.31040000 0.05047340
0.31080000 0.05103749
0.31120000 0.05156345
0.31160000 0.05204185
0.31200000 0.05246378
0.31240000 0.05282097
0.31280000 0.05310587
0.31320000 0.05331181
0.31360000 0.05343303
0.31400000 0.05346480
0.31440000 0.05340341
0.31480000 0.05324626
0.31520000 0.05299183
0.31560000 0.05263970
0.31600000 0.05219049
0.31640000 0.05164587
0.31680000 0.05100846
0.31720000 0.05028179
0.31760000 0.04947020
0.31800000 0.04857876
0.31840000 0.04761319
0.31880000 0.04657971
0.31920000 0.04548499
0.31960000 0.04433599
0.32000000 0.04313990
0.32040000 0.04190402
0.32080000 0.04063564
0.32120000 0.03934197
0.32160000 0.03803007
0.32200000 0.03670672
0.32240000 0.03537840
0.32280000 0.03405123
0.32320000 0.03273088
0.32360000 0.03142257
0.32400000 0.03013104
0.32440000 0.02886052
0.32480000 0.02761471
0.32520000 0.02639681
0.32560000 0.02520952
0.32600000 0.02405503
0.32640000 0.02293508
0.32680000 0.02185097
0.32720000 0.02080357
0.32760000 0.01979341
0.32800000 0.01882066
0.32840000 0.01788521
0.32880000 0.01698667
0.32920000 0.01612446
0.32960000 0.01529780
0.33000000 0.01450577
0.33040000 0.01374737
0.33080000 0.01302147
0.33120000 0.01232693
0.33160000 0.01166258
0.33200000 0.01102723
0.33240000 0.01041973
0.33280000 0.00983895
0.33320000 0.00928378
0.33360000 0.00875321
0.33400000 0.00824624
0.33440000 0.00776196
0.33480000 0.00729950
0.33520000 0.00685807
0.33560000 0.00643690
0.33600000 0.00603532
0.33640000 0.00565268
0.33680000 0.00528837
0.33720000 0.00494181
0.33760000 0.00461248
0.33800000 0.00429985
0.33840000 0.00400343
0.33880000 0.00372272
0.33920000 0.00345724
0.33960000 0.00320652
0.34000000 0.00297008
0.34040000 0.00274744
0.34080000 0.00253811
0.34120000 0.00234162
0.34160000 0.00215746
0.34200000 0.00198514
0.34240000 0.00182416
0.34280000 0.00167401
0.34320000 0.00153419
0.34360000 0.00140419
0.34400000 0.00128352
0.34440000 0.00117167
0.34480000 0.00106817
0.34520000 0.00097254
0.34560000 0.00088430
0.34600000 0.00080301
0.34640000 0.00072823
0.34680000 0.00065955
0.34720000 0.00059656
0.34760000 0.00053887
0.34800000 0.00048612
0.34840000 0.00043797
0.34880000 0.00039409
0.34920000 0.00035417
0.34960000 0.00031792
0.35000000 0.00028506
