0.15000000 0.00024678
0.15040000 0.00026678
0.15080000 0.00028848
0.15120000 0.00031206
0.15160000 0.00033768
0.15200000 0.00036551
0.15240000 0.00039574
0.15280000 0.00042856
0.15320000 0.00046418
0.15360000 0.00050280
0.15400000 0.00054464
0.15440000 0.00058993
0.15480000 0.00063890
0.15520000 0.00069180
0.15560000 0.00074887
0.15600000 0.00081038
0.15640000 0.00087660
0.15680000 0.00094780
0.15720000 0.00102428
0.15760000 0.00110634
0.15800000 0.00119431
0.15840000 0.00128852
0.15880000 0.00138934
0.15920000 0.00149716
0.15960000 0.00161238
0.16000000 0.00173545
0.16040000 0.00186684
0.16080000 0.00200706
0.16120000 0.00215667
0.16160000 0.00231626
0.16200000 0.00248649
0.16240000 0.00266804
0.16280000 0.00286168
0.16320000 0.00306821
0.16360000 0.00328852
0.16400000 0.00352354
0.16440000 0.00377429
0.16480000 0.00404183
0.16520000 0.00432733
0.16560000 0.00463200
0.16600000 0.00495713
0.16640000 0.00530410
0.16680000 0.00567435
0.16720000 0.00606939
0.16760000 0.00649081
0.16800000 0.00694027
0.16840000 0.00741950
0.16880000 0.00793030
0.16920000 0.00847455
0.16960000 0.00905417
0.17000000 0.00967118
0.17040000 0.01032766
0.17080000 0.01102575
0.17120000 0.01176767
0.17160000 0.01255572
0.17200000 0.01339226
0.17240000 0.01427975
0.17280000 0.01522073
0.17320000 0.01621785
0.17360000 0.01727385
0.17400000 0.01839158
0.17440000 0.01957402
0.17480000 0.02082430
0.17520000 0.02214567
0.17560000 0.02354155
0.17600000 0.02501556
0.17640000 0.02657147
0.17680000 0.02821327
0.17720000 0.02994518
0.17760000 0.03177162
0.17800000 0.03369729
0.17840000 0.03572711
0.17880000 0.03786630
0.17920000 0.04012033
0.17960000 0.04249499
0.18000000 0.04499632
0.18040000 0.04763070
0.18080000 0.05040477
0.18120000 0.05332551
0.18160000 0.05640017
0.18200000 0.05963630
0.18240000 0.06304176
0.18280000 0.06662467
0.18320000 0.07039345
0.18360000 0.07435675
0.18400000 0.07852351
0.18440000 0.08290289
0.18480000 0.08750428
0.18520000 0.09233730
0.18560000 0.09741176
0.18600000 0.10273768
0.18640000 0.10832527
0.18680000 0.11418490
0.18720000 0.12032714
0.18760000 0.12676270
0.18800000 0.13350249
0.18840000 0.14055757
0.18880000 0.14793919
0.18920000 0.15565879
0.18960000 0.16372798
0.19000000 0.17215859
0.19040000 0.18096269
0.19080000 0.19015255
0.19120000 0.19974071
0.19160000 0.20973999
0.19200000 0.22016349
0.19240000 0.23102460
0.19280000 0.24233704
0.19320000 0.25411484
0.19360000 0.26637241
0.19400000 0.27912445
0.19440000 0.29238604
0.19480000 0.30617257
0.19520000 0.32049978
0.19560000 0.33538370
0.19600000 0.35084066
0.19640000 0.36688722
0.19680000 0.38354020
0.19720000 0.40081657
0.19760000 0.41873344
0.19800000 0.43730798
0.19840000 0.45655741
0.19880000 0.47649888
0.19920000 0.49714945
0.19960000 0.51852601
0.20000000 0.54064521
0.20040000 0.56352341
0.20080000 0.58717659
0.20120000 0.61162034
0.20160000 0.63686977
0.20200000 0.66293947
0.20240000 0.68984349
0.20280000 0.71759527
0.20320000 0.74620767
0.20360000 0.77569293
0.20400000 0.80606264
0.20440000 0.83732780
0.20480000 0.86949880
0.20520000 0.90258544
0.20560000 0.93659695
0.20600000 0.97154208
0.20640000 1.00742906
0.20680000 1.04426566
0.20720000 1.08205929
0.20760000 1.12081692
0.20800000 1.16054522
0.20840000 1.20125049
0.20880000 1.24293875
0.20920000 1.28561565
0.20960000 1.32928652
0.21000000 1.37395632
0.21040000 1.41962954
0.21080000 1.46631016
0.21120000 1.51400157
0.21160000 1.56270640
0.21200000 1.61242639
0.21240000 1.66316224
0.21280000 1.71491341
0.21320000 1.76767792
0.21360000 1.82145210
0.21400000 1.87623040
0.21440000 1.93200508
0.21480000 1.98876600
0.21520000 2.04650032
0.21560000 2.10519228
0.21600000 2.16482291
0.21640000 2.22536980
0.21680000 2.28680686
0.21720000 2.34910413
0.21760000 2.41222758
0.21800000 2.47613894
0.21840000 2.54079563
0.21880000 2.60615060
0.21920000 2.67215235
0.21960000 2.73874487
0.22000000 2.80586773
0.22040000 2.87345612
0.22080000 2.94144099
0.22120000 3.00974923
0.22160000 3.07830387
0.22200000 3.14702435
0.22240000 3.21582678
0.22280000 3.28462428
0.22320000 3.35332734
0.22360000 3.42184419
0.22400000 3.49008119
0.22440000 3.55794326
0.22480000 3.62533430
0.22520000 3.69215762
0.22560000 3.75831639
0.22600000 3.82371405
0.22640000 3.88825477
0.22680000 3.95184382
0.22720000 4.01438805
0.22760000 4.07579624
0.22800000 4.13597947
0.22840000 4.19485154
0.22880000 4.25232932
0.22920000 4.30833307
0.22960000 4.36278679
0.23000000 4.41561859
0.23040000 4.46676098
0.23080000 4.51615123
0.23120000 4.56373169
0.23160000 4.60945013
0.23200000 4.65326012
0.23240000 4.69512138
0.23280000 4.73500016
0.23320000 4.77286961
0.23360000 4.80871024
0.23400000 4.84251031
0.23440000 4.87426628
0.23480000 4.90398324
0.23520000 4.93167536
0.23560000 4.95736632
0.23600000 4.98108973
0.23640000 5.00288955
0.23680000 5.02282043
0.23720000 5.04094803
0.23760000 5.05734927
0.23800000 5.07211252
0.23840000 5.08533768
0.23880000 5.09713617
0.23920000 5.10763078
0.23960000 5.11695544
0.24000000 5.12525482
0.24040000 5.13268373
0.24080000 5.13940645
0.24120000 5.14559585
0.24160000 5.15143230
0.24200000 5.15710250
0.24240000 5.16279805
0.24280000 5.16871393
0.24320000 5.17504680
0.24360000 5.18199312
0.24400000 5.18974725
0.24440000 5.19849933
0.24480000 5.20843317
0.24520000 5.21972404
0.24560000 5.23253645
0.24600000 5.24702197
0.24640000 5.26331698
0.24680000 5.28154064
0.24720000 5.30179289
0.24760000 5.32415255
0.24800000 5.34867572
0.24840000 5.37539424
0.24880000 5.40431453
0.24920000 5.43541659
0.24960000 5.46865337
0.25000000 5.50395034
0.25040000 5.54120557
0.25080000 5.58028994
0.25120000 5.62104784
0.25160000 5.66329818
0.25200000 5.70683569
0.25240000 5.75143259
0.25280000 5.79684061
0.25320000 5.84279319
0.25360000 5.88900804
0.25400000 5.93518989
0.25440000 5.98103343
0.25480000 6.02622641
0.25520000 6.07045283
0.25560000 6.11339623
0.25600000 6.15474293
0.25640000 6.19418532
0.25680000 6.23142501
0.25720000 6.26617585
0.25760000 6.29816680
0.25800000 6.32714460
0.25840000 6.35287613
0.25880000 6.37515057
0.25920000 6.39378115
0.25960000 6.40860659
0.26000000 6.41949225
0.26040000 6.42633083
0.26080000 6.42904271
0.26120000 6.42757593
0.26160000 6.42190585
0.26200000 6.41203437
0.26240000 6.39798886
0.26280000 6.37982085
0.26320000 6.35760434
0.26360000 6.33143392
0.26400000 6.30142273
0.26440000 6.26770017
0.26480000 6.23040958
0.26520000 6.18970580
0.26560000 6.14575273
0.26600000 6.09872086
0.26640000 6.04878494
0.26680000 5.99612164
0.26720000 5.94090747
0.26760000 5.88331676
0.26800000 5.82351986
0.26840000 5.76168165
0.26880000 5.69796013
0.26920000 5.63250542
0.26960000 5.56545888
0.27000000 5.49695261
0.27040000 5.42710910
0.27080000 5.35604119
0.27120000 5.28385225
0.27160000 5.21063658
0.27200000 5.13647994
0.27240000 5.06146033
0.27280000 4.98564885
0.27320000 4.90911069
0.27360000 4.83190616
0.27400000 4.75409180
0.27440000 4.67572146
0.27480000 4.59684742
0.27520000 4.51752136
0.27560000 4.43779534
0.27600000 4.35772264
0.27640000 4.27735847
0.27680000 4.19676058
0.27720000 4.11598963
0.27760000 4.03510955
0.27800000 3.95418756
0.27840000 3.87329416
0.27880000 3.79250292
0.27920000 3.71189007
0.27960000 3.63153404
0.28000000 3.55151484
0.28040000 3.47191327
0.28080000 3.39281021
0.28120000 3.31428565
0.28160000 3.23641787
0.28200000 3.15928248
0.28240000 3.08295154
0.28280000 3.00749267
0.28320000 2.93296830
0.28360000 2.85943491
0.28400000 2.78694240
0.28440000 2.71553362
0.28480000 2.64524397
0.28520000 2.57610115
0.28560000 2.50812511
0.28600000 2.44132802
0.28640000 2.37571456
0.28680000 2.31128217
0.28720000 2.24802158
0.28760000 2.18591740
0.28800000 2.12494878
0.28840000 2.06509025
0.28880000 2.00631258
0.28920000 1.94858368
0.28960000 1.89186960
0.29000000 1.83613551
0.29040000 1.78134661
0.29080000 1.72746914
0.29120000 1.67447124
0.29160000 1.62232376
0.29200000 1.57100101
0.29240000 1.52048144
0.29280000 1.47074810
0.29320000 1.42178911
0.29360000 1.37359789
0.29400000 1.32617336
0.29440000 1.27951988
0.29480000 1.23364723
0.29520000 1.18857025
0.29560000 1.14430856
0.29600000 1.10088606
0.29640000 1.05833032
0.29680000 1.01667197
0.29720000 0.97594393
0.29760000 0.93618065
0.29800000 0.89741729
0.29840000 0.85968886
0.29880000 0.82302943
0.29920000 0.78747125
0.29960000 0.75304404
0.30000000 0.71977420
0.30040000 0.68768417
0.30080000 0.65679183
0.30120000 0.62710997
0.30160000 0.59864596
0.30200000 0.57140135
0.30240000 0.54537174
0.30280000 0.52054666
0.30320000 0.49690960
0.30360000 0.47443814
0.30400000 0.45310418
0.30440000 0.43287424
0.30480000 0.41370991
0.30520000 0.39556830
0.30560000 0.37840263
0.30600000 0.36216280
0.30640000 0.34679606
0.30680000 0.33224769
0.30720000 0.31846169
0.30760000 0.30538148
0.30800000 0.29295056
0.30840000 0.28111321
0.30880000 0.26981509
0.30920000 0.25900384
0.30960000 0.24862959
0.31000000 0.23864547
0.31040000 0.22900797
0.31080000 0.21967731
0.31120000 0.21061767
0.31160000 0.20179738
0.31200000 0.19318907
0.31240000 0.18476964
0.31280000 0.17652026
0.31320000 0.16842626
0.31360000 0.16047696
0.31400000 0.15266544
0.31440000 0.14498829
0.31480000 0.13744527
0.31520000 0.13003899
0.31560000 0.12277451
0.31600000 0.11565895
0.31640000 0.10870110
0.31680000 0.10191104
0.31720000 0.09529969
0.31760000 0.08887845
0.31800000 0.08265884
0.31840000 0.07665215
0.31880000 0.07086915
0.31920000 0.06531974
0.31960000 0.06001281
0.32000000 0.05495593
0.32040000 0.05015525
0.32080000 0.04561535
0.32120000 0.04133917
0.32160000 0.03732791
0.32200000 0.03358108
0.32240000 0.03009650
0.32280000 0.02687033
0.32320000 0.02389717
0.32360000 0.02117019
0.32400000 0.01868121
0.32440000 0.01642087
0.32480000 0.01437881
0.32520000 0.01254377
0.32560000 0.01090384
0.32600000 0.00944657
0.32640000 0.00815917
0.32680000 0.00702869
0.32720000 0.00604212
0.32760000 0.00518661
0.32800000 0.00444956
0.32840000 0.00381875
0.32880000 0.00328243
0.32920000 0.00282947
0.32960000 0.00244936
0.33000000 0.00213230
0.33040000 0.00186928
0.33080000 0.00165203
0.33120000 0.00147308
0.33160000 0.00132578
0.33200000 0.00120423
0.33240000 0.00110329
0.33280000 0.00101855
0.33320000 0.00094626
0.33360000 0.00088332
0.33400000 0.00082719
0.33440000 0.00077588
0.33480000 0.00072785
0.33520000 0.00068195
0.33560000 0.00063740
0.33600000 0.00059373
0.33640000 0.00055067
0.33680000 0.00050817
0.33720000 0.00046632
0.33760000 0.00042531
0.33800000 0.00038540
0.33840000 0.00034689
0.33880000 0.00031007
0.33920000 0.00027525
0.33960000 0.00024267
0.34000000 0.00021256
0.34040000 0.00018508
0.34080000 0.00016035
0.34120000 0.00013840
0.34160000 0.00011922
0.34200000 0.00010276
0.34240000 0.00008890
0.34280000 0.00007748
0.34320000 0.00006831
0.34360000 0.00006116
0.34400000 0.00005580
0.34440000 0.00005197
0.34480000 0.00004941
0.34520000 0.00004788
0.34560000 0.00004713
0.34600000 0.00004694
0.34640000 0.00004709
0.34680000 0.00004741
0.34720000 0.00004774
0.34760000 0.00004794
0.34800000 0.00004791
0.34840000 0.00004758
0.34880000 0.00004690
0.34920000 0.00004585
0.34960000 0.00004441
0.35000000 0.00004261
