0.15000000 0.00026803
0.15040000 0.00027879
0.15080000 0.00029009
0.15120000 0.00030223
0.15160000 0.00031555
0.15200000 0.00033048
0.15240000 0.00034744
0.15280000 0.00036691
0.15320000 0.00038943
0.15360000 0.00041551
0.15400000 0.00044573
0.15440000 0.00048064
0.15480000 0.00052083
0.15520000 0.00056684
0.15560000 0.00061922
0.15600000 0.00067847
0.15640000 0.00074507
0.15680000 0.00081945
0.15720000 0.00090196
0.15760000 0.00099292
0.15800000 0.00109256
0.15840000 0.00120108
0.15880000 0.00131857
0.15920000 0.00144508
0.15960000 0.00158060
0.16000000 0.00172507
0.16040000 0.00187837
0.16080000 0.00204039
0.16120000 0.00221100
0.16160000 0.00239006
0.16200000 0.00257750
0.16240000 0.00277328
0.16280000 0.00297745
0.16320000 0.00319019
0.16360000 0.00341178
0.16400000 0.00364269
0.16440000 0.00388356
0.16480000 0.00413525
0.16520000 0.00439885
0.16560000 0.00467567
0.16600000 0.00496733
0.16640000 0.00527566
0.16680000 0.00560281
0.16720000 0.00595117
0.16760000 0.00632339
0.16800000 0.00672239
0.16840000 0.00715127
0.16880000 0.00761336
0.16920000 0.00811212
0.16960000 0.00865117
0.17000000 0.00923418
0.17040000 0.00986483
0.17080000 0.01054683
0.17120000 0.01128377
0.17160000 0.01207913
0.17200000 0.01293620
0.17240000 0.01385806
0.17280000 0.01484749
0.17320000 0.01590698
0.17360000 0.01703864
0.17400000 0.01824425
0.17440000 0.01952517
0.17480000 0.02088241
0.17520000 0.02231658
0.17560000 0.02382794
0.17600000 0.02541646
0.17640000 0.02708182
0.17680000 0.02882351
0.17720000 0.03064092
0.17760000 0.03253339
0.17800000 0.03450032
0.17840000 0.03654130
0.17880000 0.03865622
0.17920000 0.04084537
0.17960000 0.04310956
0.18000000 0.04545029
0.18040000 0.04786980
0.18080000 0.05037123
0.18120000 0.05295870
0.18160000 0.05563739
0.18200000 0.05841363
0.18240000 0.06129495
0.18280000 0.06429011
0.18320000 0.06740910
0.18360000 0.07066315
0.18400000 0.07406469
0.18440000 0.07762727
0.18480000 0.08136552
0.18520000 0.08529500
0.18560000 0.08943208
0.18600000 0.09379385
0.18640000 0.09839788
0.18680000 0.10326211
0.18720000 0.10840467
0.18760000 0.11384365
0.18800000 0.11959699
0.18840000 0.12568227
0.18880000 0.13211657
0.18920000 0.13891633
0.18960000 0.14609720
0.19000000 0.15367403
0.19040000 0.16166072
0.19080000 0.17007025
0.19120000 0.17891465
0.19160000 0.18820511
0.19200000 0.19795196
0.19240000 0.20816488
0.19280000 0.21885299
0.19320000 0.23002506
0.19360000 0.24168967
0.19400000 0.25385548
0.19440000 0.26653142
0.19480000 0.27972694
0.19520000 0.29345224
0.19560000 0.30771848
0.19600000 0.32253795
0.19640000 0.33792425
0.19680000 0.35389240
0.19720000 0.37045887
0.19760000 0.38764158
0.19800000 0.40545987
0.19840000 0.42393429
0.19880000 0.44308642
0.19920000 0.46293854
0.19960000 0.48351325
0.20000000 0.50483299
0.20040000 0.52691954
0.20080000 0.54979334
0.20120000 0.57347290
0.20160000 0.59797403
0.20200000 0.62330913
0.20240000 0.64948641
0.20280000 0.67650917
0.20320000 0.70437502
0.20360000 0.73307524
0.20400000 0.76259415
0.20440000 0.79290858
0.20480000 0.82398743
0.20520000 0.85579144
0.20560000 0.88827301
0.20600000 0.92137626
0.20640000 0.95503725
0.20680000 0.98918440
0.20720000 1.02373910
0.20760000 1.05861656
0.20800000 1.09372683
0.20840000 1.12897606
0.20880000 1.16426790
0.20920000 1.19950514
0.20960000 1.23459143
0.21000000 1.26943319
0.21040000 1.30394160
0.21080000 1.33803462
0.21120000 1.37163905
0.21160000 1.40469262
0.21200000 1.43714592
0.21240000 1.46896429
0.21280000 1.50012953
0.21320000 1.53064139
0.21360000 1.56051884
0.21400000 1.58980101
0.21440000 1.61854781
0.21480000 1.64684018
0.21520000 1.67477995
0.21560000 1.70248924
0.21600000 1.73010946
0.21640000 1.75779985
0.21680000 1.78573555
0.21720000 1.81410523
0.21760000 1.84310837
0.21800000 1.87295203
0.21840000 1.90384738
0.21880000 1.93600584
0.21920000 1.96963499
0.21960000 2.00493432
0.22000000 2.04209081
0.22040000 2.08127448
0.22080000 2.12263396
0.22120000 2.16629222
0.22160000 2.21234239
0.22200000 2.26084402
0.22240000 2.31181950
0.22280000 2.36525110
0.22320000 2.42107842
0.22360000 2.47919645
0.22400000 2.53945421
0.22440000 2.60165421
0.22480000 2.66555246
0.22520000 2.73085935
0.22560000 2.79724125
0.22600000 2.86432289
0.22640000 2.93169041
0.22680000 2.99889525
0.22720000 3.06545863
0.22760000 3.13087668
0.22800000 3.19462614
0.22840000 3.25617050
0.22880000 3.31496656
0.22920000 3.37047129
0.22960000 3.42214884
0.23000000 3.46947767
0.23040000 3.51195760
0.23080000 3.54911675
0.23120000 3.58051818
0.23160000 3.60576618
0.23200000 3.62451209
0.23240000 3.63645949
0.23280000 3.64136875
0.23320000 3.63906088
0.23360000 3.62942045
0.23400000 3.61239775
0.23440000 3.58800999
0.23480000 3.55634157
0.23520000 3.51754344
0.23560000 3.47183145
0.23600000 3.41948392
0.23640000 3.36083821
0.23680000 3.29628660
0.23720000 3.22627132
0.23760000 3.15127897
0.23800000 3.07183438
0.23840000 2.98849397
0.23880000 2.90183875
0.23920000 2.81246709
0.23960000 2.72098735
0.24000000 2.62801047
0.24040000 2.53414268
0.24080000 2.43997844
0.24120000 2.34609370
0.24160000 2.25303951
0.24200000 2.16133624
0.24240000 2.07146833
0.24280000 1.98387973
0.24320000 1.89897004
0.24360000 1.81709141
0.24400000 1.73854624
0.24440000 1.66358567
0.24480000 1.59240883
0.24520000 1.52516297
0.24560000 1.46194425
0.24600000 1.40279928
0.24640000 1.34772734
0.24680000 1.29668314
0.24720000 1.24958019
0.24760000 1.20629456
0.24800000 1.16666902
0.24840000 1.13051747
0.24880000 1.09762957
0.24920000 1.06777547
0.24960000 1.04071050
0.25000000 1.01617992
0.25040000 0.99392341
0.25080000 0.97367942
0.25120000 0.95518918
0.25160000 0.93820047
0.25200000 0.92247088
0.25240000 0.90777078
0.25280000 0.89388577
0.25320000 0.88061871
0.25360000 0.86779123
0.25400000 0.85524485
0.25440000 0.84284158
0.25480000 0.83046414
0.25520000 0.81801572
0.25560000 0.80541944
0.25600000 0.79261744
0.25640000 0.77956964
0.25680000 0.76625238
0.25720000 0.75265675
0.25760000 0.73878686
0.25800000 0.72465797
0.25840000 0.71029460
0.25880000 0.69572867
0.25920000 0.68099762
0.25960000 0.66614268
0.26000000 0.65120721
0.26040000 0.63623520
0.26080000 0.62126995
0.26120000 0.60635291
0.26160000 0.59152271
0.26200000 0.57681443
0.26240000 0.56225901
0.26280000 0.54788292
0.26320000 0.53370793
0.26360000 0.51975116
0.26400000 0.50602515
0.26440000 0.49253819
0.26480000 0.47929467
0.26520000 0.46629559
0.26560000 0.45353906
0.26600000 0.44102090
0.26640000 0.42873524
0.26680000 0.41667511
0.26720000 0.40483302
0.26760000 0.39320148
0.26800000 0.38177350
0.26840000 0.37054297
0.26880000 0.35950503
0.26920000 0.34865628
0.26960000 0.33799501
0.27000000 0.32752121
0.27040000 0.31723663
0.27080000 0.30714465
0.27120000 0.29725017
0.27160000 0.28755940
0.27200000 0.27807957
0.27240000 0.26881865
0.27280000 0.25978503
0.27320000 0.25098717
0.27360000 0.24243325
0.27400000 0.23413086
0.27440000 0.22608668
0.27480000 0.21830617
0.27520000 0.21079339
0.27560000 0.20355075
0.27600000 0.19657888
0.27640000 0.18987654
0.27680000 0.18344062
0.27720000 0.17726609
0.27760000 0.17134613
0.27800000 0.16567225
0.27840000 0.16023441
0.27880000 0.15502131
0.27920000 0.15002053
0.27960000 0.14521890
0.28000000 0.14060267
0.28040000 0.13615790
0.28080000 0.13187066
0.28120000 0.12772736
0.28160000 0.12371499
0.28200000 0.11982137
0.28240000 0.11603532
0.28280000 0.11234690
0.28320000 0.10874747
0.28360000 0.10522986
0.28400000 0.10178836
0.28440000 0.09841877
0.28480000 0.09511838
0.28520000 0.09188588
0.28560000 0.08872128
0.28600000 0.08562574
0.28640000 0.08260147
0.28680000 0.07965154
0.28720000 0.07677963
0.28760000 0.07398991
0.28800000 0.07128676
0.28840000 0.06867463
0.28880000 0.06615781
0.28920000 0.06374024
0.28960000 0.06142538
0.29000000 0.05921604
0.29040000 0.05711426
0.29080000 0.05512124
0.29120000 0.05323727
0.29160000 0.05146166
0.29200000 0.04979279
0.29240000 0.04822811
0.29280000 0.04676417
0.29320000 0.04539671
0.29360000 0.04412076
0.29400000 0.04293074
0.29440000 0.04182060
0.29480000 0.04078391
0.29520000 0.03981408
0.29560000 0.03890443
0.29600000 0.03804837
0.29640000 0.03723954
0.29680000 0.03647191
0.29720000 0.03573993
0.29760000 0.03503859
0.29800000 0.03436355
0.29840000 0.03371116
0.29880000 0.03307856
0.29920000 0.03246364
0.29960000 0.03186510
0.30000000 0.03128242
0.30040000 0.03071582
0.30080000 0.03016622
0.30120000 0.02963517
0.30160000 0.02912477
0.30200000 0.02863759
0.30240000 0.02817658
0.30280000 0.02774494
0.30320000 0.02734603
0.30360000 0.02698328
0.30400000 0.02666003
0.30440000 0.02637950
0.30480000 0.02614464
0.30520000 0.02595806
0.30560000 0.02582195
0.30600000 0.02573801
0.30640000 0.02570740
0.30680000 0.02573070
0.30720000 0.02580784
0.30760000 0.02593816
0.30800000 0.02612031
0.30840000 0.02635233
0.30880000 0.02663162
0.30920000 0.02695501
0.30960000 0.02731875
0.31000000 0.02771861
0.31040000 0.02814987
0.31080000 0.02860743
0.31120000 0.02908586
0.31160000 0.02957946
0.31200000 0.03008231
0.31240000 0.03058839
0.31280000 0.03109159
0.31320000 0.03158582
0.31360000 0.03206505
0.31400000 0.03252340
0.31440000 0.03295516
0.31480000 0.03335488
0.31520000 0.03371738
0.31560000 0.03403786
0.31600000 0.03431185
0.31640000 0.03453533
0.31680000 0.03470470
0.31720000 0.03481684
0.31760000 0.03486912
0.31800000 0.03485938
0.31840000 0.03478600
0.31880000 0.03464785
0.31920000 0.03444433
0.31960000 0.03417535
0.32000000 0.03384131
0.32040000 0.03344310
0.32080000 0.03298209
0.32120000 0.03246012
0.32160000 0.03187944
0.32200000 0.03124273
0.32240000 0.03055302
0.32280000 0.02981374
0.32320000 0.02902859
0.32360000 0.02820158
0.32400000 0.02733697
0.32440000 0.02643922
0.32480000 0.02551294
0.32520000 0.02456288
0.32560000 0.02359389
0.32600000 0.02261083
0.32640000 0.02161857
0.32680000 0.02062195
0.32720000 0.01962570
0.32760000 0.01863442
0.32800000 0.01765258
0.32840000 0.01668440
0.32880000 0.01573389
0.32920000 0.01480480
0.32960000 0.01390055
0.33000000 0.01302427
0.33040000 0.01217873
0.33080000 0.01136636
0.33120000 0.01058919
0.33160000 0.00984892
0.33200000 0.00914682
0.33240000 0.00848381
0.33280000 0.00786044
0.33320000 0.00727689
0.33360000 0.00673300
0.33400000 0.00622828
0.33440000 0.00576192
0.33480000 0.00533286
0.33520000 0.00493977
0.33560000 0.00458108
0.33600000 0.00425507
0.33640000 0.00395981
0.33680000 0.00369330
0.33720000 0.00345340
0.33760000 0.00323794
0.33800000 0.00304471
0.33840000 0.00287150
0.33880000 0.00271615
0.33920000 0.00257652
0.33960000 0.00245060
0.34000000 0.00233645
0.34040000 0.00223226
0.34080000 0.00213635
0.34120000 0.00204721
0.34160000 0.00196345
0.34200000 0.00188388
0.34240000 0.00180744
0.34280000 0.00173325
0.34320000 0.00166060
0.34360000 0.00158891
0.34400000 0.00151776
0.34440000 0.00144687
0.34480000 0.00137607
0.34520000 0.00130530
0.34560000 0.00123462
0.34600000 0.00116415
0.34640000 0.00109408
0.34680000 0.00102466
0.34720000 0.00095619
0.34760000 0.00088897
0.34800000 0.00082332
0.34840000 0.00075958
0.34880000 0.00069805
0.34920000 0.00063903
0.34960000 0.00058278
0.35000000 0.00052954
