0.15000000 0.00026406
0.15040000 0.00028125
0.15080000 0.00029893
0.15120000 0.00031731
0.15160000 0.00033670
0.15200000 0.00035745
0.15240000 0.00037997
0.15280000 0.00040474
0.15320000 0.00043227
0.15360000 0.00046309
0.15400000 0.00049775
0.15440000 0.00053678
0.15480000 0.00058070
0.15520000 0.00062998
0.15560000 0.00068501
0.15600000 0.00074615
0.15640000 0.00081363
0.15680000 0.00088762
0.15720000 0.00096821
0.15760000 0.00105537
0.15800000 0.00114902
0.15840000 0.00124904
0.15880000 0.00135526
0.15920000 0.00146750
0.15960000 0.00158562
0.16000000 0.00170954
0.16040000 0.00183929
0.16080000 0.00197502
0.16120000 0.00211706
0.16160000 0.00226594
0.16200000 0.00242241
0.16240000 0.00258746
0.16280000 0.00276233
0.16320000 0.00294851
0.16360000 0.00314772
0.16400000 0.00336189
0.16440000 0.00359314
0.16480000 0.00384370
0.16520000 0.00411590
0.16560000 0.00441210
0.16600000 0.00473461
0.16640000 0.00508565
0.16680000 0.00546730
0.16720000 0.00588142
0.16760000 0.00632964
0.16800000 0.00681328
0.16840000 0.00733340
0.16880000 0.00789075
0.16920000 0.00848579
0.16960000 0.00911875
0.17000000 0.00978968
0.17040000 0.01049850
0.17080000 0.01124510
0.17120000 0.01202944
0.17160000 0.01285165
0.17200000 0.01371212
0.17240000 0.01461162
0.17280000 0.01555140
0.17320000 0.01653326
0.17360000 0.01755959
0.17400000 0.01863346
0.17440000 0.01975859
0.17480000 0.02093934
0.17520000 0.02218069
0.17560000 0.02348813
0.17600000 0.02486757
0.17640000 0.02632521
0.17680000 0.02786738
0.17720000 0.02950040
0.17760000 0.03123041
0.17800000 0.03306319
0.17840000 0.03500400
0.17880000 0.03705750
0.17920000 0.03922760
0.17960000 0.04151744
0.18000000 0.04392934
0.18040000 0.04646486
0.18080000 0.04912486
0.18120000 0.05190966
0.18160000 0.05481922
0.18200000 0.05785337
0.18240000 0.06101206
0.18280000 0.06429571
0.18320000 0.06770546
0.18360000 0.07124351
0.18400000 0.07491342
0.18440000 0.07872036
0.18480000 0.08267140
0.18520000 0.08677558
0.18560000 0.09104413
0.18600000 0.09549039
0.18640000 0.10012987
0.18680000 0.10498001
0.18720000 0.11006005
0.18760000 0.11539070
0.18800000 0.12099379
0.18840000 0.12689190
0.18880000 0.13310787
0.18920000 0.13966441
0.18960000 0.14658367
0.19000000 0.15388678
0.19040000 0.16159356
0.19080000 0.16972226
0.19120000 0.17828935
0.19160000 0.18730945
0.19200000 0.19679543
0.19240000 0.20675854
0.19280000 0.21720870
0.19320000 0.22815490
0.19360000 0.23960568
0.19400000 0.25156968
0.19440000 0.26405622
0.19480000 0.27707590
0.19520000 0.29064118
0.19560000 0.30476684
0.19600000 0.31947043
0.19640000 0.33477248
0.19680000 0.35069661
0.19720000 0.36726943
0.19760000 0.38452025
0.19800000 0.40248052
0.19840000 0.42118309
0.19880000 0.44066130
0.19920000 0.46094784
0.19960000 0.48207350
0.20000000 0.50406578
0.20040000 0.52694753
0.20080000 0.55073553
0.20120000 0.57543917
0.20160000 0.60105927
0.20200000 0.62758713
0.20240000 0.65500377
0.20280000 0.68327955
0.20320000 0.71237406
0.20360000 0.74223648
0.20400000 0.77280625
0.20440000 0.80401412
0.20480000 0.83578363
0.20520000 0.86803282
0.20560000 0.90067630
0.20600000 0.93362740
0.20640000 0.96680059
0.20680000 1.00011378
0.20720000 1.03349067
0.20760000 1.06686286
0.20800000 1.10017178
0.20840000 1.13337020
0.20880000 1.16642342
0.20920000 1.19930994
0.20960000 1.23202167
0.21000000 1.26456355
0.21040000 1.29695280
0.21080000 1.32921759
0.21120000 1.36139529
0.21160000 1.39353050
0.21200000 1.42567272
0.21240000 1.45787395
0.21280000 1.49018633
0.21320000 1.52265980
0.21360000 1.55534015
0.21400000 1.58826731
0.21440000 1.62147425
0.21480000 1.65498633
0.21520000 1.68882135
0.21560000 1.72299020
0.21600000 1.75749820
0.21640000 1.79234700
0.21680000 1.82753705
0.21720000 1.86307047
0.21760000 1.89895423
0.21800000 1.93520341
0.21840000 1.97184440
0.21880000 2.00891784
0.21920000 2.04648109
0.21960000 2.08461004
0.22000000 2.12339999
0.22040000 2.16296565
0.22080000 2.20343988
0.22120000 2.24497127
0.22160000 2.28772045
0.22200000 2.33185515
0.22240000 2.37754408
0.22280000 2.42494981
0.22320000 2.47422069
0.22360000 2.52548223
0.22400000 2.57882811
0.22440000 2.63431110
0.22480000 2.69193427
0.22520000 2.75164293
0.22560000 2.81331746
0.22600000 2.87676749
0.22640000 2.94172776
0.22680000 3.00785581
0.22720000 3.07473185
0.22760000 3.14186084
0.22800000 3.20867695
0.22840000 3.27455036
0.22880000 3.33879630
0.22920000 3.40068627
0.22960000 3.45946102
0.23000000 3.51434518
0.23040000 3.56456301
0.23080000 3.60935501
0.23120000 3.64799466
0.23160000 3.67980514
0.23200000 3.70417526
0.23240000 3.72057427
0.23280000 3.72856507
0.23320000 3.72781532
0.23360000 3.71810630
0.23400000 3.69933903
0.23440000 3.67153754
0.23480000 3.63484926
0.23520000 3.58954239
0.23560000 3.53600036
0.23600000 3.47471366
0.23640000 3.40626911
0.23680000 3.33133708
0.23720000 3.25065691
0.23760000 3.16502108
0.23800000 3.07525851
0.23840000 2.98221761
0.23880000 2.88674942
0.23920000 2.78969141
0.23960000 2.69185238
0.24000000 2.59399882
0.24040000 2.49684301
0.24080000 2.40103325
0.24120000 2.30714630
0.24160000 2.21568211
0.24200000 2.12706097
0.24240000 2.04162288
0.24280000 1.95962911
0.24320000 1.88126565
0.24360000 1.80664840
0.24400000 1.73582972
0.24440000 1.66880595
0.24480000 1.60552575
0.24520000 1.54589867
0.24560000 1.48980377
0.24600000 1.43709793
0.24640000 1.38762357
0.24680000 1.34121553
0.24720000 1.29770700
0.24760000 1.25693423
0.24800000 1.21874021
0.24840000 1.18297697
0.24880000 1.14950690
0.24920000 1.11820289
0.24960000 1.08894766
0.25000000 1.06163226
0.25040000 1.03615406
0.25080000 1.01241440
0.25120000 0.99031609
0.25160000 0.96976094
0.25200000 0.95064756
0.25240000 0.93286958
0.25280000 0.91631432
0.25320000 0.90086211
0.25360000 0.88638629
0.25400000 0.87275381
0.25440000 0.85982654
0.25480000 0.84746313
0.25520000 0.83552130
0.25560000 0.82386059
0.25600000 0.81234526
0.25640000 0.80084726
0.25680000 0.78924923
0.25720000 0.77744715
0.25760000 0.76535275
0.25800000 0.75289540
0.25840000 0.74002343
0.25880000 0.72670493
0.25920000 0.71292777
0.25960000 0.69869910
0.26000000 0.68404408
0.26040000 0.66900414
0.26080000 0.65363476
0.26120000 0.63800275
0.26160000 0.62218334
0.26200000 0.60625708
0.26240000 0.59030676
0.26280000 0.57441430
0.26320000 0.55865802
0.26360000 0.54311008
0.26400000 0.52783441
0.26440000 0.51288507
0.26480000 0.49830512
0.26520000 0.48412600
0.26560000 0.47036748
0.26600000 0.45703804
0.26640000 0.44413572
0.26680000 0.43164938
0.26720000 0.41956017
0.26760000 0.40784332
0.26800000 0.39646993
0.26840000 0.38540892
0.26880000 0.37462878
0.26920000 0.36409926
0.26960000 0.35379285
0.27000000 0.34368593
0.27040000 0.33375968
0.27080000 0.32400063
0.27120000 0.31440086
0.27160000 0.30495797
0.27200000 0.29567462
0.27240000 0.28655793
0.27280000 0.27761862
0.27320000 0.26887003
0.27360000 0.26032706
0.27400000 0.25200502
0.27440000 0.24391861
0.27480000 0.23608093
0.27520000 0.22850265
0.27560000 0.22119130
0.27600000 0.21415086
0.27640000 0.20738143
0.27680000 0.20087925
0.27720000 0.19463681
0.27760000 0.18864322
0.27800000 0.18288470
0.27840000 0.17734521
0.27880000 0.17200717
0.27920000 0.16685223
0.27960000 0.16186199
0.28000000 0.15701876
0.28040000 0.15230622
0.28080000 0.14770993
0.28120000 0.14321780
0.28160000 0.13882034
0.28200000 0.13451082
0.28240000 0.13028527
0.28280000 0.12614233
0.28320000 0.12208295
0.28360000 0.11811006
0.28400000 0.11422813
0.28440000 0.11044264
0.28480000 0.10675960
0.28520000 0.10318500
0.28560000 0.09972440
0.28600000 0.09638249
0.28640000 0.09316272
0.28680000 0.09006714
0.28720000 0.08709617
0.28760000 0.08424861
0.28800000 0.08152168
0.28840000 0.07891118
0.28880000 0.07641170
0.28920000 0.07401689
0.28960000 0.07171984
0.29000000 0.06951334
0.29040000 0.06739033
0.29080000 0.06534416
0.29120000 0.06336888
0.29160000 0.06145955
0.29200000 0.05961232
0.29240000 0.05782461
0.29280000 0.05609512
0.29320000 0.05442378
0.29360000 0.05281165
0.29400000 0.05126072
0.29440000 0.04977376
0.29480000 0.04835397
0.29520000 0.04700479
0.29560000 0.04572956
0.29600000 0.04453128
0.29640000 0.04341237
0.29680000 0.04237443
0.29720000 0.04141810
0.29760000 0.04054296
0.29800000 0.03974747
0.29840000 0.03902900
0.29880000 0.03838388
0.29920000 0.03780754
0.29960000 0.03729467
0.30000000 0.03683944
0.30040000 0.03643571
0.30080000 0.03607728
0.30120000 0.03575814
0.30160000 0.03547267
0.30200000 0.03521590
0.30240000 0.03498361
0.30280000 0.03477253
0.30320000 0.03458039
0.30360000 0.03440596
0.30400000 0.03424905
0.30440000 0.03411045
0.30480000 0.03399180
0.30520000 0.03389547
0.30560000 0.03382439
0.30600000 0.03378184
0.30640000 0.03377123
0.30680000 0.03379593
0.30720000 0.03385899
0.30760000 0.03396300
0.30800000 0.03410990
0.30840000 0.03430082
0.30880000 0.03453597
0.30920000 0.03481455
0.30960000 0.03513474
0.31000000 0.03549364
0.31040000 0.03588733
0.31080000 0.03631093
0.31120000 0.03675868
0.31160000 0.03722405
0.31200000 0.03769988
0.31240000 0.03817852
0.31280000 0.03865196
0.31320000 0.03911204
0.31360000 0.03955053
0.31400000 0.03995934
0.31440000 0.04033059
0.31480000 0.04065681
0.31520000 0.04093096
0.31560000 0.04114661
0.31600000 0.04129796
0.31640000 0.04137990
0.31680000 0.04138811
0.31720000 0.04131905
0.31760000 0.04116998
0.31800000 0.04093901
0.31840000 0.04062508
0.31880000 0.04022795
0.31920000 0.03974823
0.31960000 0.03918730
0.32000000 0.03854734
0.32040000 0.03783130
0.32080000 0.03704283
0.32120000 0.03618627
0.32160000 0.03526663
0.32200000 0.03428945
0.32240000 0.03326083
0.32280000 0.03218732
0.32320000 0.03107583
0.32360000 0.02993358
0.32400000 0.02876798
0.32440000 0.02758653
0.32480000 0.02639673
0.32520000 0.02520599
0.32560000 0.02402149
0.32600000 0.02285011
0.32640000 0.02169828
0.32680000 0.02057197
0.32720000 0.01947652
0.32760000 0.01841666
0.32800000 0.01739636
0.32840000 0.01641888
0.32880000 0.01548668
0.32920000 0.01460146
0.32960000 0.01376416
0.33000000 0.01297498
0.33040000 0.01223343
0.33080000 0.01153842
0.33120000 0.01088829
0.33160000 0.01028093
0.33200000 0.00971383
0.33240000 0.00918424
0.33280000 0.00868920
0.33320000 0.00822565
0.33360000 0.00779057
0.33400000 0.00738096
0.33440000 0.00699403
0.33480000 0.00662716
0.33520000 0.00627801
0.33560000 0.00594453
0.33600000 0.00562497
0.33640000 0.00531793
0.33680000 0.00502229
0.33720000 0.00473727
0.33760000 0.00446234
0.33800000 0.00419721
0.33840000 0.00394179
0.33880000 0.00369616
0.33920000 0.00346050
0.33960000 0.00323507
0.34000000 0.00302013
0.34040000 0.00281594
0.34080000 0.00262272
0.34120000 0.00244060
0.34160000 0.00226960
0.34200000 0.00210967
0.34240000 0.00196059
0.34280000 0.00182206
0.34320000 0.00169366
0.34360000 0.00157487
0.34400000 0.00146508
0.34440000 0.00136363
0.34480000 0.00126981
0.34520000 0.00118289
0.34560000 0.00110215
0.34600000 0.00102689
0.34640000 0.00095645
0.34680000 0.00089023
0.34720000 0.00082771
0.34760000 0.00076844
0.34800000 0.00071205
0.34840000 0.00065826
0.34880000 0.00060687
0.34920000 0.00055777
0.34960000 0.00051088
0.35000000 0.00046621
