0.15000000 0.00024771
0.15040000 0.00026749
0.15080000 0.00028894
0.15120000 0.00031223
0.15160000 0.00033751
0.15200000 0.00036498
0.15240000 0.00039482
0.15280000 0.00042724
0.15320000 0.00046244
0.15360000 0.00050064
0.15400000 0.00054208
0.15440000 0.00058698
0.15480000 0.00063561
0.15520000 0.00068820
0.15560000 0.00074502
0.15600000 0.00080634
0.15640000 0.00087243
0.15680000 0.00094360
0.15720000 0.00102013
0.15760000 0.00110235
0.15800000 0.00119056
0.15840000 0.00128512
0.15880000 0.00138638
0.15920000 0.00149473
0.15960000 0.00161057
0.16000000 0.00173433
0.16040000 0.00186646
0.16080000 0.00200748
0.16120000 0.00215791
0.16160000 0.00231833
0.16200000 0.00248937
0.16240000 0.00267170
0.16280000 0.00286606
0.16320000 0.00307323
0.16360000 0.00329407
0.16400000 0.00352949
0.16440000 0.00378050
0.16480000 0.00404813
0.16520000 0.00433354
0.16560000 0.00463794
0.16600000 0.00496260
0.16640000 0.00530891
0.16680000 0.00567830
0.16720000 0.00607230
0.16760000 0.00649252
0.16800000 0.00694062
0.16840000 0.00741837
0.16880000 0.00792759
0.16920000 0.00847019
0.16960000 0.00904814
0.17000000 0.00966349
0.17040000 0.01031835
0.17080000 0.01101490
0.17120000 0.01175541
0.17160000 0.01254219
0.17200000 0.01337765
0.17240000 0.01426426
0.17280000 0.01520457
0.17320000 0.01620125
0.17360000 0.01725701
0.17400000 0.01837470
0.17440000 0.01955727
0.17480000 0.02080779
0.17520000 0.02212947
0.17560000 0.02352565
0.17600000 0.02499984
0.17640000 0.02655574
0.17680000 0.02819721
0.17720000 0.02992834
0.17760000 0.03175343
0.17800000 0.03367702
0.17840000 0.03570388
0.17880000 0.03783908
0.17920000 0.04008794
0.17960000 0.04245608
0.18000000 0.04494942
0.18040000 0.04757418
0.18080000 0.05033689
0.18120000 0.05324440
0.18160000 0.05630389
0.18200000 0.05952284
0.18240000 0.06290906
0.18280000 0.06647064
0.18320000 0.07021600
0.18360000 0.07415385
0.18400000 0.07829318
0.18440000 0.08264323
0.18480000 0.08721353
0.18520000 0.09201384
0.18560000 0.09705413
0.18600000 0.10234463
0.18640000 0.10789573
0.18680000 0.11371805
0.18720000 0.11982237
0.18760000 0.12621965
0.18800000 0.13292102
0.18840000 0.13993780
0.18880000 0.14728144
0.18920000 0.15496358
0.18960000 0.16299603
0.19000000 0.17139078
0.19040000 0.18016002
0.19080000 0.18931615
0.19120000 0.19887176
0.19160000 0.20883971
0.19200000 0.21923309
0.19240000 0.23006528
0.19280000 0.24134991
0.19320000 0.25310094
0.19360000 0.26533262
0.19400000 0.27805954
0.19440000 0.29129659
0.19480000 0.30505901
0.19520000 0.31936234
0.19560000 0.33422243
0.19600000 0.34965545
0.19640000 0.36567782
0.19680000 0.38230620
0.19720000 0.39955746
0.19760000 0.41744863
0.19800000 0.43599685
0.19840000 0.45521933
0.19880000 0.47513327
0.19920000 0.49575579
0.19960000 0.51710390
0.20000000 0.53919439
0.20040000 0.56204379
0.20080000 0.58566829
0.20120000 0.61008367
0.20160000 0.63530522
0.20200000 0.66134773
0.20240000 0.68822539
0.20280000 0.71595177
0.20320000 0.74453976
0.20360000 0.77400158
0.20400000 0.80434872
0.20440000 0.83559195
0.20480000 0.86774130
0.20520000 0.90080611
0.20560000 0.93479501
0.20600000 0.96971596
0.20640000 1.00557628
0.20680000 1.04238269
0.20720000 1.08014133
0.20760000 1.11885783
0.20800000 1.15853734
0.20840000 1.19918454
0.20880000 1.24080370
0.20920000 1.28339869
0.20960000 1.32697298
0.21000000 1.37152963
0.21040000 1.41707129
0.21080000 1.46360013
0.21120000 1.51111782
0.21160000 1.55962540
0.21200000 1.60912320
0.21240000 1.65961074
0.21280000 1.71108653
0.21320000 1.76354793
0.21360000 1.81699096
0.21400000 1.87141008
0.21440000 1.92679798
0.21480000 1.98314531
0.21520000 2.04044049
0.21560000 2.09866936
0.21600000 2.15781504
0.21640000 2.21785757
0.21680000 2.27877370
0.21720000 2.34053668
0.21760000 2.40311600
0.21800000 2.46647719
0.21840000 2.53058165
0.21880000 2.59538653
0.21920000 2.66084455
0.21960000 2.72690398
0.22000000 2.79350857
0.22040000 2.86059754
0.22080000 2.92810566
0.22120000 2.99596329
0.22160000 3.06409653
0.22200000 3.13242738
0.22240000 3.20087395
0.22280000 3.26935071
0.22320000 3.33776878
0.22360000 3.40603624
0.22400000 3.47405850
0.22440000 3.54173863
0.22480000 3.60897780
0.22520000 3.67567571
0.22560000 3.74173096
0.22600000 3.80704157
0.22640000 3.87150538
0.22680000 3.93502054
0.22720000 3.99748595
0.22760000 4.05880172
0.22800000 4.11886968
0.22840000 4.17759374
0.22880000 4.23488047
0.22920000 4.29063941
0.22960000 4.34478366
0.23000000 4.39723021
0.23040000 4.44790046
0.23080000 4.49672064
0.23120000 4.54362225
0.23160000 4.58854253
0.23200000 4.63142494
0.23240000 4.67221956
0.23280000 4.71088361
0.23320000 4.74738194
0.23360000 4.78168746
0.23400000 4.81378166
0.23440000 4.84365508
0.23480000 4.87130779
0.23520000 4.89674984
0.23560000 4.92000175
0.23600000 4.94109487
0.23640000 4.96007182
0.23680000 4.97698680
0.23720000 4.99190588
0.23760000 5.00490720
0.23800000 5.01608115
0.23840000 5.02553035
0.23880000 5.03336961
0.23920000 5.03972575
0.23960000 5.04473730
0.24000000 5.04855399
0.24040000 5.05133622
0.24080000 5.05325426
0.24120000 5.05448734
0.24160000 5.05522257
0.24200000 5.05565374
0.24240000 5.05597985
0.24280000 5.05640363
0.24320000 5.05712982
0.24360000 5.05836332
0.24400000 5.06030731
0.24440000 5.06316121
0.24480000 5.06711852
0.24520000 5.07236477
0.24560000 5.07907527
0.24600000 5.08741299
0.24640000 5.09752646
0.24680000 5.10954768
0.24720000 5.12359022
0.24760000 5.13974741
0.24800000 5.15809068
0.24840000 5.17866818
0.24880000 5.20150352
0.24920000 5.22659488
0.24960000 5.25391426
0.25000000 5.28340718
0.25040000 5.31499258
0.25080000 5.34856303
0.25120000 5.38398541
0.25160000 5.42110172
0.25200000 5.45973037
0.25240000 5.49966769
0.25280000 5.54068976
0.25320000 5.58255454
0.25360000 5.62500421
0.25400000 5.66776775
0.25440000 5.71056368
0.25480000 5.75310294
0.25520000 5.79509194
0.25560000 5.83623558
0.25600000 5.87624032
0.25640000 5.91481725
0.25680000 5.95168502
0.25720000 5.98657270
0.25760000 6.01922249
0.25800000 6.04939216
0.25840000 6.07685730
0.25880000 6.10141332
0.25920000 6.12287711
0.25960000 6.14108839
0.26000000 6.15591075
0.26040000 6.16723233
0.26080000 6.17496612
0.26120000 6.17904998
0.26160000 6.17944624
0.26200000 6.17614107
0.26240000 6.16914341
0.26280000 6.15848380
0.26320000 6.14421276
0.26360000 6.12639912
0.26400000 6.10512805
0.26440000 6.08049903
0.26480000 6.05262369
0.26520000 6.02162354
0.26560000 5.98762782
0.26600000 5.95077119
0.26640000 5.91119164
0.26680000 5.86902847
0.26720000 5.82442033
0.26760000 5.77750350
0.26800000 5.72841036
0.26840000 5.67726806
0.26880000 5.62419740
0.26920000 5.56931199
0.26960000 5.51271766
0.27000000 5.45451205
0.27040000 5.39478454
0.27080000 5.33361635
0.27120000 5.27108085
0.27160000 5.20724410
0.27200000 5.14216555
0.27240000 5.07589890
0.27280000 5.00849301
0.27320000 4.93999303
0.27360000 4.87044142
0.27400000 4.79987916
0.27440000 4.72834680
0.27480000 4.65588559
0.27520000 4.58253846
0.27560000 4.50835097
0.27600000 4.43337208
0.27640000 4.35765485
0.27680000 4.28125694
0.27720000 4.20424098
0.27760000 4.12667472
0.27800000 4.04863105
0.27840000 3.97018789
0.27880000 3.89142780
0.27920000 3.81243751
0.27960000 3.73330733
0.28000000 3.65413038
0.28040000 3.57500175
0.28080000 3.49601754
0.28120000 3.41727389
0.28160000 3.33886596
0.28200000 3.26088685
0.28240000 3.18342664
0.28280000 3.10657135
0.28320000 3.03040209
0.28360000 2.95499415
0.28400000 2.88041635
0.28440000 2.80673040
0.28480000 2.73399042
0.28520000 2.66224266
0.28560000 2.59152526
0.28600000 2.52186829
0.28640000 2.45329382
0.28680000 2.38581627
0.28720000 2.31944276
0.28760000 2.25417371
0.28800000 2.19000346
0.28840000 2.12692107
0.28880000 2.06491115
0.28920000 2.00395476
0.28960000 1.94403035
0.29000000 1.88511475
0.29040000 1.82718411
0.29080000 1.77021484
0.29120000 1.71418450
0.29160000 1.65907263
0.29200000 1.60486150
0.29240000 1.55153675
0.29280000 1.49908794
0.29320000 1.44750897
0.29360000 1.39679834
0.29400000 1.34695936
0.29440000 1.29800017
0.29480000 1.24993360
0.29520000 1.20277698
0.29560000 1.15655178
0.29600000 1.11128314
0.29640000 1.06699932
0.29680000 1.02373108
0.29720000 0.98151093
0.29760000 0.94037242
0.29800000 0.90034928
0.29840000 0.86147469
0.29880000 0.82378037
0.29920000 0.78729587
0.29960000 0.75204778
0.30000000 0.71805902
0.30040000 0.68534822
0.30080000 0.65392912
0.30120000 0.62381014
0.30160000 0.59499397
0.30200000 0.56747732
0.30240000 0.54125076
0.30280000 0.51629863
0.30320000 0.49259913
0.30360000 0.47012446
0.30400000 0.44884112
0.30440000 0.42871022
0.30480000 0.40968794
0.30520000 0.39172608
0.30560000 0.37477260
0.30600000 0.35877231
0.30640000 0.34366750
0.30680000 0.32939868
0.30720000 0.31590530
0.30760000 0.30312644
0.30800000 0.29100155
0.30840000 0.27947111
0.30880000 0.26847727
0.30920000 0.25796449
0.30960000 0.24788002
0.31000000 0.23817441
0.31040000 0.22880192
0.31080000 0.21972086
0.31120000 0.21089381
0.31160000 0.20228785
0.31200000 0.19387461
0.31240000 0.18563033
0.31280000 0.17753579
0.31320000 0.16957619
0.31360000 0.16174098
0.31400000 0.15402358
0.31440000 0.14642115
0.31480000 0.13893418
0.31520000 0.13156619
0.31560000 0.12432327
0.31600000 0.11721372
0.31640000 0.11024756
0.31680000 0.10343619
0.31720000 0.09679189
0.31760000 0.09032746
0.31800000 0.08405580
0.31840000 0.07798959
0.31880000 0.07214094
0.31920000 0.06652108
0.31960000 0.06114011
0.32000000 0.05600680
0.32040000 0.05112839
0.32080000 0.04651047
0.32120000 0.04215689
0.32160000 0.03806967
0.32200000 0.03424903
0.32240000 0.03069341
0.32280000 0.02739948
0.32320000 0.02436227
0.32360000 0.02157525
0.32400000 0.01903050
0.32440000 0.01671880
0.32480000 0.01462985
0.32520000 0.01275241
0.32560000 0.01107450
0.32600000 0.00958356
0.32640000 0.00826664
0.32680000 0.00711057
0.32720000 0.00610213
0.32760000 0.00522819
0.32800000 0.00447587
0.32840000 0.00383266
0.32880000 0.00328655
0.32920000 0.00282607
0.32960000 0.00244045
0.33000000 0.00211962
0.33040000 0.00185427
0.33080000 0.00163590
0.33120000 0.00145682
0.33160000 0.00131015
0.33200000 0.00118981
0.33240000 0.00109049
0.33280000 0.00100762
0.33320000 0.00093734
0.33360000 0.00087645
0.33400000 0.00082231
0.33440000 0.00077287
0.33480000 0.00072654
0.33520000 0.00068213
0.33560000 0.00063886
0.33600000 0.00059621
0.33640000 0.00055395
0.33680000 0.00051202
0.33720000 0.00047053
0.33760000 0.00042969
0.33800000 0.00038978
0.33840000 0.00035112
0.33880000 0.00031405
0.33920000 0.00027888
0.33960000 0.00024589
0.34000000 0.00021533
0.34040000 0.00018739
0.34080000 0.00016218
0.34120000 0.00013978
0.34160000 0.00012018
0.34200000 0.00010334
0.34240000 0.00008915
0.34280000 0.00007745
0.34320000 0.00006806
0.34360000 0.00006074
0.34400000 0.00005527
0.34440000 0.00005137
0.34480000 0.00004880
0.34520000 0.00004730
0.34560000 0.00004660
0.34600000 0.00004650
0.34640000 0.00004676
0.34680000 0.00004719
0.34720000 0.00004765
0.34760000 0.00004798
0.34800000 0.00004808
0.34840000 0.00004787
0.34880000 0.00004729
0.34920000 0.00004633
0.34960000 0.00004497
0.35000000 0.00004322
