0.15000000 0.00025915
0.15040000 0.00027805
0.15080000 0.00029823
0.15120000 0.00031984
0.15160000 0.00034307
0.15200000 0.00036810
0.15240000 0.00039516
0.15280000 0.00042447
0.15320000 0.00045631
0.15360000 0.00049095
0.15400000 0.00052868
0.15440000 0.00056983
0.15480000 0.00061472
0.15520000 0.00066371
0.15560000 0.00071714
0.15600000 0.00077539
0.15640000 0.00083883
0.15680000 0.00090786
0.15720000 0.00098286
0.15760000 0.00106421
0.15800000 0.00115232
0.15840000 0.00124758
0.15880000 0.00135039
0.15920000 0.00146114
0.15960000 0.00158024
0.16000000 0.00170810
0.16040000 0.00184512
0.16080000 0.00199173
0.16120000 0.00214837
0.16160000 0.00231549
0.16200000 0.00249359
0.16240000 0.00268316
0.16280000 0.00288477
0.16320000 0.00309901
0.16360000 0.00332654
0.16400000 0.00356807
0.16440000 0.00382438
0.16480000 0.00409634
0.16520000 0.00438490
0.16560000 0.00469110
0.16600000 0.00501609
0.16640000 0.00536112
0.16680000 0.00572755
0.16720000 0.00611686
0.16760000 0.00653066
0.16800000 0.00697066
0.16840000 0.00743871
0.16880000 0.00793676
0.16920000 0.00846691
0.16960000 0.00903135
0.17000000 0.00963236
0.17040000 0.01027237
0.17080000 0.01095386
0.17120000 0.01167942
0.17160000 0.01245171
0.17200000 0.01327346
0.17240000 0.01414746
0.17280000 0.01507655
0.17320000 0.01606362
0.17360000 0.01711159
0.17400000 0.01822342
0.17440000 0.01940209
0.17480000 0.02065063
0.17520000 0.02197209
0.17560000 0.02336955
0.17600000 0.02484614
0.17640000 0.02640507
0.17680000 0.02804958
0.17720000 0.02978302
0.17760000 0.03160885
0.17800000 0.03353065
0.17840000 0.03555217
0.17880000 0.03767732
0.17920000 0.03991026
0.17960000 0.04225537
0.18000000 0.04471732
0.18040000 0.04730108
0.18080000 0.05001198
0.18120000 0.05285571
0.18160000 0.05583837
0.18200000 0.05896648
0.18240000 0.06224703
0.18280000 0.06568745
0.18320000 0.06929571
0.18360000 0.07308022
0.18400000 0.07704994
0.18440000 0.08121432
0.18480000 0.08558329
0.18520000 0.09016729
0.18560000 0.09497724
0.18600000 0.10002448
0.18640000 0.10532081
0.18680000 0.11087838
0.18720000 0.11670975
0.18760000 0.12282776
0.18800000 0.12924555
0.18840000 0.13597651
0.18880000 0.14303423
0.18920000 0.15043245
0.18960000 0.15818506
0.19000000 0.16630600
0.19040000 0.17480932
0.19080000 0.18370907
0.19120000 0.19301932
0.19160000 0.20275414
0.19200000 0.21292757
0.19240000 0.22355366
0.19280000 0.23464643
0.19320000 0.24621989
0.19360000 0.25828807
0.19400000 0.27086504
0.19440000 0.28396489
0.19480000 0.29760184
0.19520000 0.31179018
0.19560000 0.32654436
0.19600000 0.34187898
0.19640000 0.35780885
0.19680000 0.37434900
0.19720000 0.39151466
0.19760000 0.40932133
0.19800000 0.42778472
0.19840000 0.44692077
0.19880000 0.46674564
0.19920000 0.48727562
0.19960000 0.50852714
0.20000000 0.53051666
0.20040000 0.55326064
0.20080000 0.57677540
0.20120000 0.60107707
0.20160000 0.62618144
0.20200000 0.65210384
0.20240000 0.67885905
0.20280000 0.70646111
0.20320000 0.73492322
0.20360000 0.76425759
0.20400000 0.79447532
0.20440000 0.82558623
0.20480000 0.85759880
0.20520000 0.89052002
0.20560000 0.92435529
0.20600000 0.95910839
0.20640000 0.99478140
0.20680000 1.03137467
0.20720000 1.06888680
0.20760000 1.10731469
0.20800000 1.14665356
0.20840000 1.18689705
0.20880000 1.22803727
0.20920000 1.27006498
0.20960000 1.31296970
0.21000000 1.35673986
0.21040000 1.40136304
0.21080000 1.44682609
0.21120000 1.49311538
0.21160000 1.54021700
0.21200000 1.58811696
0.21240000 1.63680135
0.21280000 1.68625658
0.21320000 1.73646951
0.21360000 1.78742757
0.21400000 1.83911890
0.21440000 1.89153239
0.21480000 1.94465773
0.21520000 1.99848537
0.21560000 2.05300645
0.21600000 2.10821270
0.21640000 2.16409626
0.21680000 2.22064944
0.21720000 2.27786442
0.21760000 2.33573296
0.21800000 2.39424599
0.21840000 2.45339314
0.21880000 2.51316233
0.21920000 2.57353919
0.21960000 2.63450657
0.22000000 2.69604394
0.22040000 2.75812684
0.22080000 2.82072627
0.22120000 2.88380813
0.22160000 2.94733267
0.22200000 3.01125395
0.22240000 3.07551936
0.22280000 3.14006914
0.22320000 3.20483604
0.22360000 3.26974499
0.22400000 3.33471287
0.22440000 3.39964833
0.22480000 3.46445178
0.22520000 3.52901543
0.22560000 3.59322342
0.22600000 3.65695211
0.22640000 3.72007047
0.22680000 3.78244054
0.22720000 3.84391810
0.22760000 3.90435333
0.22800000 3.96359170
0.22840000 4.02147490
0.22880000 4.07784187
0.22920000 4.13252991
0.22960000 4.18537598
0.23000000 4.23621787
0.23040000 4.28489566
0.23080000 4.33125304
0.23120000 4.37513877
0.23160000 4.41640812
0.23200000 4.45492434
0.23240000 4.49056008
0.23280000 4.52319884
0.23320000 4.55273629
0.23360000 4.57908166
0.23400000 4.60215889
0.23440000 4.62190785
0.23480000 4.63828537
0.23520000 4.65126613
0.23560000 4.66084345
0.23600000 4.66702998
0.23640000 4.66985814
0.23680000 4.66938041
0.23720000 4.66566954
0.23760000 4.65881839
0.23800000 4.64893981
0.23840000 4.63616608
0.23880000 4.62064837
0.23920000 4.60255584
0.23960000 4.58207463
0.24000000 4.55940667
0.24040000 4.53476822
0.24080000 4.50838833
0.24120000 4.48050708
0.24160000 4.45137369
0.24200000 4.42124446
0.24240000 4.39038065
0.24280000 4.35904624
0.24320000 4.32750557
0.24360000 4.29602098
0.24400000 4.26485040
0.24440000 4.23424494
0.24480000 4.20444650
0.24520000 4.17568547
0.24560000 4.14817840
0.24600000 4.12212595
0.24640000 4.09771078
0.24680000 4.07509581
0.24720000 4.05442245
0.24760000 4.03580923
0.24800000 4.01935056
0.24840000 4.00511575
0.24880000 3.99314835
0.24920000 3.98346571
0.24960000 3.97605886
0.25000000 3.97089274
0.25040000 3.96790663
0.25080000 3.96701497
0.25120000 3.96810840
0.25160000 3.97105518
0.25200000 3.97570276
0.25240000 3.98187971
0.25280000 3.98939782
0.25320000 3.99805438
0.25360000 4.00763470
0.25400000 4.01791475
0.25440000 4.02866383
0.25480000 4.03964743
0.25520000 4.05063002
0.25560000 4.06137788
0.25600000 4.07166184
0.25640000 4.08126000
0.25680000 4.08996025
0.25720000 4.09756263
0.25760000 4.10388159
0.25800000 4.10874787
0.25840000 4.11201023
0.25880000 4.11353690
0.25920000 4.11321665
0.25960000 4.11095964
0.26000000 4.10669790
0.26040000 4.10038548
0.26080000 4.09199832
0.26120000 4.08153374
0.26160000 4.06900968
0.26200000 4.05446366
0.26240000 4.03795140
0.26280000 4.01954529
0.26320000 3.99933264
0.26360000 3.97741367
0.26400000 3.95389950
0.26440000 3.92890992
0.26480000 3.90257118
0.26520000 3.87501373
0.26560000 3.84636997
0.26600000 3.81677209
0.26640000 3.78634996
0.26680000 3.75522922
0.26720000 3.72352946
0.26760000 3.69136262
0.26800000 3.65883161
0.26840000 3.62602915
0.26880000 3.59303688
0.26920000 3.55992466
0.26960000 3.52675020
0.27000000 3.49355892
0.27040000 3.46038403
0.27080000 3.42724692
0.27120000 3.39415769
0.27160000 3.36111593
0.27200000 3.32811171
0.27240000 3.29512663
0.27280000 3.26213506
0.27320000 3.22910549
0.27360000 3.19600189
0.27400000 3.16278512
0.27440000 3.12941432
0.27480000 3.09584830
0.27520000 3.06204685
0.27560000 3.02797193
0.27600000 2.99358878
0.27640000 2.95886688
0.27680000 2.92378076
0.27720000 2.88831065
0.27760000 2.85244290
0.27800000 2.81617032
0.27840000 2.77949224
0.27880000 2.74241446
0.27920000 2.70494896
0.27960000 2.66711357
0.28000000 2.62893136
0.28040000 2.59042999
0.28080000 2.55164094
0.28120000 2.51259868
0.28160000 2.47333972
0.28200000 2.43390168
0.28240000 2.39432238
0.28280000 2.35463888
0.28320000 2.31488661
0.28360000 2.27509856
0.28400000 2.23530453
0.28440000 2.19553055
0.28480000 2.15579835
0.28520000 2.11612497
0.28560000 2.07652258
0.28600000 2.03699836
0.28640000 1.99755457
0.28680000 1.95818875
0.28720000 1.91889410
0.28760000 1.87965991
0.28800000 1.84047222
0.28840000 1.80131442
0.28880000 1.76216813
0.28920000 1.72301402
0.28960000 1.68383265
0.29000000 1.64460547
0.29040000 1.60531571
0.29080000 1.56594925
0.29120000 1.52649552
0.29160000 1.48694830
0.29200000 1.44730637
0.29240000 1.40757423
0.29280000 1.36776251
0.29320000 1.32788839
0.29360000 1.28797586
0.29400000 1.24805576
0.29440000 1.20816582
0.29480000 1.16835040
0.29520000 1.12866022
0.29560000 1.08915183
0.29600000 1.04988709
0.29640000 1.01093240
0.29680000 0.97235793
0.29720000 0.93423673
0.29760000 0.89664372
0.29800000 0.85965471
0.29840000 0.82334539
0.29880000 0.78779019
0.29920000 0.75306130
0.29960000 0.71922765
0.30000000 0.68635391
0.30040000 0.65449961
0.30080000 0.62371830
0.30120000 0.59405685
0.30160000 0.56555479
0.30200000 0.53824385
0.30240000 0.51214753
0.30280000 0.48728089
0.30320000 0.46365044
0.30360000 0.44125410
0.30400000 0.42008138
0.30440000 0.40011365
0.30480000 0.38132452
0.30520000 0.36368030
0.30560000 0.34714062
0.30600000 0.33165912
0.30640000 0.31718411
0.30680000 0.30365947
0.30720000 0.29102543
0.30760000 0.27921944
0.30800000 0.26817707
0.30840000 0.25783286
0.30880000 0.24812120
0.30920000 0.23897712
0.30960000 0.23033707
0.31000000 0.22213969
0.31040000 0.21432639
0.31080000 0.20684199
0.31120000 0.19963519
0.31160000 0.19265902
0.31200000 0.18587111
0.31240000 0.17923399
0.31280000 0.17271522
0.31320000 0.16628744
0.31360000 0.15992833
0.31400000 0.15362059
0.31440000 0.14735169
0.31480000 0.14111364
0.31520000 0.13490274
0.31560000 0.12871920
0.31600000 0.12256674
0.31640000 0.11645220
0.31680000 0.11038510
0.31720000 0.10437716
0.31760000 0.09844183
0.31800000 0.09259388
0.31840000 0.08684893
0.31880000 0.08122301
0.31920000 0.07573218
0.31960000 0.07039213
0.32000000 0.06521787
0.32040000 0.06022343
0.32080000 0.05542156
0.32120000 0.05082359
0.32160000 0.04643918
0.32200000 0.04227624
0.32240000 0.03834081
0.32280000 0.03463706
0.32320000 0.03116723
0.32360000 0.02793171
0.32400000 0.02492906
0.32440000 0.02215611
0.32480000 0.01960812
0.32520000 0.01727884
0.32560000 0.01516072
0.32600000 0.01324505
0.32640000 0.01152216
0.32680000 0.00998157
0.32720000 0.00861217
0.32760000 0.00740242
0.32800000 0.00634050
0.32840000 0.00541447
0.32880000 0.00461246
0.32920000 0.00392275
0.32960000 0.00333392
0.33000000 0.00283499
0.33040000 0.00241547
0.33080000 0.00206544
0.33120000 0.00177565
0.33160000 0.00153752
0.33200000 0.00134320
0.33240000 0.00118557
0.33280000 0.00105824
0.33320000 0.00095555
0.33360000 0.00087256
0.33400000 0.00080498
0.33440000 0.00074920
0.33480000 0.00070216
0.33520000 0.00066139
0.33560000 0.00062490
0.33600000 0.00059113
0.33640000 0.00055893
0.33680000 0.00052750
0.33720000 0.00049630
0.33760000 0.00046504
0.33800000 0.00043361
0.33840000 0.00040208
0.33880000 0.00037058
0.33920000 0.00033936
0.33960000 0.00030868
0.34000000 0.00027885
0.34040000 0.00025014
0.34080000 0.00022285
0.34120000 0.00019719
0.34160000 0.00017338
0.34200000 0.00015155
0.34240000 0.00013182
0.34280000 0.00011424
0.34320000 0.00009879
0.34360000 0.00008544
0.34400000 0.00007410
0.34440000 0.00006465
0.34480000 0.00005695
0.34520000 0.00005081
0.34560000 0.00004607
0.34600000 0.00004252
0.34640000 0.00003998
0.34680000 0.00003824
0.34720000 0.00003714
0.34760000 0.00003649
0.34800000 0.00003615
0.34840000 0.00003598
0.34880000 0.00003586
0.34920000 0.00003569
0.34960000 0.00003540
0.35000000 0.00003494
