0.15000000 0.00026033
0.15040000 0.00027814
0.15080000 0.00029705
0.15120000 0.00031722
0.15160000 0.00033883
0.15200000 0.00036209
0.15240000 0.00038723
0.15280000 0.00041450
0.15320000 0.00044420
0.15360000 0.00047663
0.15400000 0.00051212
0.15440000 0.00055103
0.15480000 0.00059371
0.15520000 0.00064056
0.15560000 0.00069197
0.15600000 0.00074835
0.15640000 0.00081011
0.15680000 0.00087767
0.15720000 0.00095145
0.15760000 0.00103187
0.15800000 0.00111933
0.15840000 0.00121424
0.15880000 0.00131701
0.15920000 0.00142802
0.15960000 0.00154766
0.16000000 0.00167631
0.16040000 0.00181436
0.16080000 0.00196217
0.16120000 0.00212015
0.16160000 0.00228869
0.16200000 0.00246821
0.16240000 0.00265916
0.16280000 0.00286202
0.16320000 0.00307732
0.16360000 0.00330566
0.16400000 0.00354770
0.16440000 0.00380416
0.16480000 0.00407587
0.16520000 0.00436376
0.16560000 0.00466887
0.16600000 0.00499235
0.16640000 0.00533548
0.16680000 0.00569969
0.16720000 0.00608653
0.16760000 0.00649770
0.16800000 0.00693502
0.16840000 0.00740050
0.16880000 0.00789623
0.16920000 0.00842446
0.16960000 0.00898755
0.17000000 0.00958798
0.17040000 0.01022831
0.17080000 0.01091118
0.17120000 0.01163932
0.17160000 0.01241547
0.17200000 0.01324241
0.17240000 0.01412293
0.17280000 0.01505980
0.17320000 0.01605578
0.17360000 0.01711356
0.17400000 0.01823580
0.17440000 0.01942505
0.17480000 0.02068383
0.17520000 0.02201455
0.17560000 0.02341954
0.17600000 0.02490109
0.17640000 0.02646139
0.17680000 0.02810262
0.17720000 0.02982693
0.17760000 0.03163648
0.17800000 0.03353348
0.17840000 0.03552023
0.17880000 0.03759915
0.17920000 0.03977287
0.17960000 0.04204421
0.18000000 0.04441633
0.18040000 0.04689270
0.18080000 0.04947721
0.18120000 0.05217422
0.18160000 0.05498860
0.18200000 0.05792578
0.18240000 0.06099183
0.18280000 0.06419347
0.18320000 0.06753811
0.18360000 0.07103389
0.18400000 0.07468970
0.18440000 0.07851517
0.18480000 0.08252070
0.18520000 0.08671743
0.18560000 0.09111722
0.18600000 0.09573264
0.18640000 0.10057689
0.18680000 0.10566381
0.18720000 0.11100778
0.18760000 0.11662369
0.18800000 0.12252683
0.18840000 0.12873286
0.18880000 0.13525774
0.18920000 0.14211762
0.18960000 0.14932880
0.19000000 0.15690766
0.19040000 0.16487060
0.19080000 0.17323395
0.19120000 0.18201400
0.19160000 0.19122689
0.19200000 0.20088863
0.19240000 0.21101505
0.19280000 0.22162185
0.19320000 0.23272454
0.19360000 0.24433853
0.19400000 0.25647909
0.19440000 0.26916143
0.19480000 0.28240074
0.19520000 0.29621220
0.19560000 0.31061105
0.19600000 0.32561261
0.19640000 0.34123234
0.19680000 0.35748583
0.19720000 0.37438884
0.19760000 0.39195724
0.19800000 0.41020706
0.19840000 0.42915434
0.19880000 0.44881513
0.19920000 0.46920534
0.19960000 0.49034062
0.20000000 0.51223617
0.20040000 0.53490655
0.20080000 0.55836546
0.20120000 0.58262550
0.20160000 0.60769783
0.20200000 0.63359196
0.20240000 0.66031536
0.20280000 0.68787319
0.20320000 0.71626797
0.20360000 0.74549926
0.20400000 0.77556337
0.20440000 0.80645310
0.20480000 0.83815748
0.20520000 0.87066164
0.20560000 0.90394660
0.20600000 0.93798925
0.20640000 0.97276234
0.20680000 1.00823456
0.20720000 1.04437069
0.20760000 1.08113187
0.20800000 1.11847598
0.20840000 1.15635800
0.20880000 1.19473067
0.20920000 1.23354499
0.20960000 1.27275104
0.21000000 1.31229874
0.21040000 1.35213867
0.21080000 1.39222307
0.21120000 1.43250672
0.21160000 1.47294796
0.21200000 1.51350968
0.21240000 1.55416027
0.21280000 1.59487455
0.21320000 1.63563466
0.21360000 1.67643082
0.21400000 1.71726203
0.21440000 1.75813660
0.21480000 1.79907254
0.21520000 1.84009782
0.21560000 1.88125033
0.21600000 1.92257778
0.21640000 1.96413724
0.21680000 2.00599455
0.21720000 2.04822345
0.21760000 2.09090449
0.21800000 2.13412370
0.21840000 2.17797103
0.21880000 2.22253862
0.21920000 2.26791883
0.21960000 2.31420210
0.22000000 2.36147474
0.22040000 2.40981652
0.22080000 2.45929827
0.22120000 2.50997933
0.22160000 2.56190518
0.22200000 2.61510494
0.22240000 2.66958911
0.22280000 2.72534735
0.22320000 2.78234657
0.22360000 2.84052909
0.22400000 2.89981126
0.22440000 2.96008230
0.22480000 3.02120345
0.22520000 3.08300766
0.22560000 3.14529955
0.22600000 3.20785587
0.22640000 3.27042641
0.22680000 3.33273536
0.22720000 3.39448311
0.22760000 3.45534852
0.22800000 3.51499159
0.22840000 3.57305657
0.22880000 3.62917542
0.22920000 3.68297161
0.22960000 3.73406417
0.23000000 3.78207205
0.23040000 3.82661858
0.23080000 3.86733605
0.23120000 3.90387040
0.23160000 3.93588578
0.23200000 3.96306911
0.23240000 3.98513441
0.23280000 4.00182690
0.23320000 4.01292685
0.23360000 4.01825295
0.23400000 4.01766539
0.23440000 4.01106834
0.23480000 3.99841199
0.23520000 3.97969393
0.23560000 3.95496002
0.23600000 3.92430462
0.23640000 3.88787015
0.23680000 3.84584605
0.23720000 3.79846712
0.23760000 3.74601128
0.23800000 3.68879669
0.23840000 3.62717839
0.23880000 3.56154442
0.23920000 3.49231157
0.23960000 3.41992065
0.24000000 3.34483155
0.24040000 3.26751801
0.24080000 3.18846231
0.24120000 3.10814979
0.24160000 3.02706344
0.24200000 2.94567857
0.24240000 2.86445764
0.24280000 2.78384528
0.24320000 2.70426371
0.24360000 2.62610847
0.24400000 2.54974459
0.24440000 2.47550325
0.24480000 2.40367898
0.24520000 2.33452738
0.24560000 2.26826347
0.24600000 2.20506062
0.24640000 2.14505002
0.24680000 2.08832085
0.24720000 2.03492094
0.24760000 1.98485804
0.24800000 1.93810156
0.24840000 1.89458481
0.24880000 1.85420771
0.24920000 1.81683981
0.24960000 1.78232366
0.25000000 1.75047841
0.25040000 1.72110365
0.25080000 1.69398332
0.25120000 1.66888969
0.25160000 1.64558734
0.25200000 1.62383704
0.25240000 1.60339951
0.25280000 1.58403901
0.25320000 1.56552664
0.25360000 1.54764342
0.25400000 1.53018296
0.25440000 1.51295386
0.25480000 1.49578167
0.25520000 1.47851051
0.25560000 1.46100423
0.25600000 1.44314725
0.25640000 1.42484488
0.25680000 1.40602340
0.25720000 1.38662970
0.25760000 1.36663056
0.25800000 1.34601171
0.25840000 1.32477656
0.25880000 1.30294471
0.25920000 1.28055029
0.25960000 1.25764010
0.26000000 1.23427175
0.26040000 1.21051161
0.26080000 1.18643284
0.26120000 1.16211339
0.26160000 1.13763409
0.26200000 1.11307678
0.26240000 1.08852265
0.26280000 1.06405063
0.26320000 1.03973600
0.26360000 1.01564921
0.26400000 0.99185485
0.26440000 0.96841085
0.26480000 0.94536791
0.26520000 0.92276905
0.26560000 0.90064951
0.26600000 0.87903666
0.26640000 0.85795024
0.26680000 0.83740266
0.26720000 0.81739948
0.26760000 0.79793999
0.26800000 0.77901789
0.26840000 0.76062206
0.26880000 0.74273732
0.26920000 0.72534531
0.26960000 0.70842523
0.27000000 0.69195475
0.27040000 0.67591067
0.27080000 0.66026972
0.27120000 0.64500915
0.27160000 0.63010731
0.27200000 0.61554412
0.27240000 0.60130145
0.27280000 0.58736340
0.27320000 0.57371647
0.27360000 0.56034966
0.27400000 0.54725442
0.27440000 0.53442462
0.27480000 0.52185632
0.27520000 0.50954756
0.27560000 0.49749807
0.27600000 0.48570893
0.27640000 0.47418222
0.27680000 0.46292064
0.27720000 0.45192713
0.27760000 0.44120449
0.27800000 0.43075508
0.27840000 0.42058046
0.27880000 0.41068114
0.27920000 0.40105636
0.27960000 0.39170392
0.28000000 0.38262006
0.28040000 0.37379945
0.28080000 0.36523515
0.28120000 0.35691873
0.28160000 0.34884039
0.28200000 0.34098910
0.28240000 0.33335291
0.28280000 0.32591914
0.28320000 0.31867471
0.28360000 0.31160647
0.28400000 0.30470149
0.28440000 0.29794744
0.28480000 0.29133287
0.28520000 0.28484756
0.28560000 0.27848276
0.28600000 0.27223146
0.28640000 0.26608862
0.28680000 0.26005126
0.28720000 0.25411866
0.28760000 0.24829234
0.28800000 0.24257611
0.28840000 0.23697598
0.28880000 0.23150004
0.28920000 0.22615832
0.28960000 0.22096255
0.29000000 0.21592589
0.29040000 0.21106262
0.29080000 0.20638781
0.29120000 0.20191697
0.29160000 0.19766562
0.29200000 0.19364893
0.29240000 0.18988132
0.29280000 0.18637606
0.29320000 0.18314491
0.29360000 0.18019779
0.29400000 0.17754242
0.29440000 0.17518407
0.29480000 0.17312533
0.29520000 0.17136593
0.29560000 0.16990258
0.29600000 0.16872892
0.29640000 0.16783548
0.29680000 0.16720973
0.29720000 0.16683618
0.29760000 0.16669649
0.29800000 0.16676972
0.29840000 0.16703255
0.29880000 0.16745953
0.29920000 0.16802348
0.29960000 0.16869579
0.30000000 0.16944681
0.30040000 0.17024622
0.30080000 0.17106351
0.30120000 0.17186828
0.30160000 0.17263073
0.30200000 0.17332196
0.30240000 0.17391443
0.30280000 0.17438223
0.30320000 0.17470141
0.30360000 0.17485029
0.30400000 0.17480964
0.30440000 0.17456292
0.30480000 0.17409641
0.30520000 0.17339932
0.30560000 0.17246383
0.30600000 0.17128512
0.30640000 0.16986136
0.30680000 0.16819354
0.30720000 0.16628548
0.30760000 0.16414356
0.30800000 0.16177662
0.30840000 0.15919567
0.30880000 0.15641370
0.30920000 0.15344541
0.30960000 0.15030693
0.31000000 0.14701551
0.31040000 0.14358930
0.31080000 0.14004698
0.31120000 0.13640757
0.31160000 0.13269009
0.31200000 0.12891332
0.31240000 0.12509561
0.31280000 0.12125458
0.31320000 0.11740702
0.31360000 0.11356865
0.31400000 0.10975402
0.31440000 0.10597640
0.31480000 0.10224765
0.31520000 0.09857824
0.31560000 0.09497715
0.31600000 0.09145191
0.31640000 0.08800862
0.31680000 0.08465197
0.31720000 0.08138534
0.31760000 0.07821085
0.31800000 0.07512948
0.31840000 0.07214119
0.31880000 0.06924500
0.31920000 0.06643916
0.31960000 0.06372125
0.32000000 0.06108832
0.32040000 0.05853704
0.32080000 0.05606378
0.32120000 0.05366478
0.32160000 0.05133622
0.32200000 0.04907434
0.32240000 0.04687553
0.32280000 0.04473640
0.32320000 0.04265386
0.32360000 0.04062515
0.32400000 0.03864789
0.32440000 0.03672012
0.32480000 0.03484029
0.32520000 0.03300727
0.32560000 0.03122035
0.32600000 0.02947919
0.32640000 0.02778385
0.32680000 0.02613467
0.32720000 0.02453230
0.32760000 0.02297764
0.32800000 0.02147173
0.32840000 0.02001579
0.32880000 0.01861108
0.32920000 0.01725891
0.32960000 0.01596055
0.33000000 0.01471720
0.33040000 0.01352994
0.33080000 0.01239968
0.33120000 0.01132714
0.33160000 0.01031283
0.33200000 0.00935697
0.33240000 0.00845955
0.33280000 0.00762026
0.33320000 0.00683851
0.33360000 0.00611342
0.33400000 0.00544385
0.33440000 0.00482836
0.33480000 0.00426529
0.33520000 0.00375273
0.33560000 0.00328857
0.33600000 0.00287050
0.33640000 0.00249607
0.33680000 0.00216272
0.33720000 0.00186777
0.33760000 0.00160850
0.33800000 0.00138213
0.33840000 0.00118591
0.33880000 0.00101709
0.33920000 0.00087300
0.33960000 0.00075103
0.34000000 0.00064866
0.34040000 0.00056350
0.34080000 0.00049331
0.34120000 0.00043596
0.34160000 0.00038951
0.34200000 0.00035216
0.34240000 0.00032230
0.34280000 0.00029847
0.34320000 0.00027938
0.34360000 0.00026393
0.34400000 0.00025114
0.34440000 0.00024021
0.34480000 0.00023047
0.34520000 0.00022139
0.34560000 0.00021255
0.34600000 0.00020364
0.34640000 0.00019446
0.34680000 0.00018488
0.34720000 0.00017484
0.34760000 0.00016434
0.34800000 0.00015344
0.34840000 0.00014222
0.34880000 0.00013079
0.34920000 0.00011928
0.34960000 0.00010784
0.35000000 0.00009660
