0.15000000 0.00026905
0.15040000 0.00028787
0.15080000 0.00030770
0.15120000 0.00032865
0.15160000 0.00035091
0.15200000 0.00037466
0.15240000 0.00040011
0.15280000 0.00042751
0.15320000 0.00045715
0.15360000 0.00048933
0.15400000 0.00052439
0.15440000 0.00056269
0.15480000 0.00060462
0.15520000 0.00065058
0.15560000 0.00070101
0.15600000 0.00075634
0.15640000 0.00081704
0.15680000 0.00088357
0.15720000 0.00095639
0.15760000 0.00103598
0.15800000 0.00112281
0.15840000 0.00121733
0.15880000 0.00132001
0.15920000 0.00143129
0.15960000 0.00155160
0.16000000 0.00168137
0.16040000 0.00182101
0.16080000 0.00197093
0.16120000 0.00213152
0.16160000 0.00230320
0.16200000 0.00248636
0.16240000 0.00268142
0.16280000 0.00288882
0.16320000 0.00310903
0.16360000 0.00334256
0.16400000 0.00358997
0.16440000 0.00385187
0.16480000 0.00412896
0.16520000 0.00442203
0.16560000 0.00473194
0.16600000 0.00505970
0.16640000 0.00540641
0.16680000 0.00577332
0.16720000 0.00616180
0.16760000 0.00657339
0.16800000 0.00700977
0.16840000 0.00747277
0.16880000 0.00796439
0.16920000 0.00848677
0.16960000 0.00904222
0.17000000 0.00963319
0.17040000 0.01026225
0.17080000 0.01093213
0.17120000 0.01164564
0.17160000 0.01240573
0.17200000 0.01321540
0.17240000 0.01407774
0.17280000 0.01499588
0.17320000 0.01597299
0.17360000 0.01701227
0.17400000 0.01811690
0.17440000 0.01929008
0.17480000 0.02053497
0.17520000 0.02185470
0.17560000 0.02325239
0.17600000 0.02473109
0.17640000 0.02629385
0.17680000 0.02794370
0.17720000 0.02968366
0.17760000 0.03151674
0.17800000 0.03344601
0.17840000 0.03547461
0.17880000 0.03760577
0.17920000 0.03984286
0.17960000 0.04218944
0.18000000 0.04464927
0.18040000 0.04722643
0.18080000 0.04992528
0.18120000 0.05275059
0.18160000 0.05570753
0.18200000 0.05880175
0.18240000 0.06203944
0.18280000 0.06542733
0.18320000 0.06897274
0.18360000 0.07268364
0.18400000 0.07656864
0.18440000 0.08063704
0.18480000 0.08489878
0.18520000 0.08936451
0.18560000 0.09404553
0.18600000 0.09895380
0.18640000 0.10410188
0.18680000 0.10950292
0.18720000 0.11517062
0.18760000 0.12111914
0.18800000 0.12736307
0.18840000 0.13391736
0.18880000 0.14079726
0.18920000 0.14801822
0.18960000 0.15559584
0.19000000 0.16354582
0.19040000 0.17188383
0.19080000 0.18062552
0.19120000 0.18978641
0.19160000 0.19938187
0.19200000 0.20942705
0.19240000 0.21993687
0.19280000 0.23092603
0.19320000 0.24240891
0.19360000 0.25439968
0.19400000 0.26691223
0.19440000 0.27996024
0.19480000 0.29355721
0.19520000 0.30771648
0.19560000 0.32245131
0.19600000 0.33777491
0.19640000 0.35370050
0.19680000 0.37024140
0.19720000 0.38741105
0.19760000 0.40522307
0.19800000 0.42369131
0.19840000 0.44282988
0.19880000 0.46265317
0.19920000 0.48317584
0.19960000 0.50441283
0.20000000 0.52637932
0.20040000 0.54909064
0.20080000 0.57256225
0.20120000 0.59680961
0.20160000 0.62184804
0.20200000 0.64769263
0.20240000 0.67435803
0.20280000 0.70185830
0.20320000 0.73020672
0.20360000 0.75941559
0.20400000 0.78949599
0.20440000 0.82045762
0.20480000 0.85230858
0.20520000 0.88505515
0.20560000 0.91870166
0.20600000 0.95325026
0.20640000 0.98870085
0.20680000 1.02505095
0.20720000 1.06229561
0.20760000 1.10042743
0.20800000 1.13943650
0.20840000 1.17931055
0.20880000 1.22003495
0.20920000 1.26159297
0.20960000 1.30396587
0.21000000 1.34713326
0.21040000 1.39107328
0.21080000 1.43576300
0.21120000 1.48117876
0.21160000 1.52729652
0.21200000 1.57409231
0.21240000 1.62154261
0.21280000 1.66962479
0.21320000 1.71831747
0.21360000 1.76760095
0.21400000 1.81745753
0.21440000 1.86787179
0.21480000 1.91883091
0.21520000 1.97032481
0.21560000 2.02234624
0.21600000 2.07489089
0.21640000 2.12795726
0.21680000 2.18154652
0.21720000 2.23566230
0.21760000 2.29031026
0.21800000 2.34549770
0.21840000 2.40123296
0.21880000 2.45752476
0.21920000 2.51438149
0.21960000 2.57181032
0.22000000 2.62981635
0.22040000 2.68840160
0.22080000 2.74756406
0.22120000 2.80729658
0.22160000 2.86758586
0.22200000 2.92841144
0.22240000 2.98974460
0.22280000 3.05154746
0.22320000 3.11377209
0.22360000 3.17635963
0.22400000 3.23923965
0.22440000 3.30232955
0.22480000 3.36553414
0.22520000 3.42874534
0.22560000 3.49184214
0.22600000 3.55469065
0.22640000 3.61714438
0.22680000 3.67904475
0.22720000 3.74022179
0.22760000 3.80049500
0.22800000 3.85967449
0.22840000 3.91756221
0.22880000 3.97395351
0.22920000 4.02863870
0.22960000 4.08140489
0.23000000 4.13203793
0.23040000 4.18032444
0.23080000 4.22605395
0.23120000 4.26902109
0.23160000 4.30902786
0.23200000 4.34588582
0.23240000 4.37941834
0.23280000 4.40946274
0.23320000 4.43587238
0.23360000 4.45851862
0.23400000 4.47729265
0.23440000 4.49210712
0.23480000 4.50289760
0.23520000 4.50962386
0.23560000 4.51227081
0.23600000 4.51084928
0.23640000 4.50539652
0.23680000 4.49597635
0.23720000 4.48267909
0.23760000 4.46562118
0.23800000 4.44494452
0.23840000 4.42081550
0.23880000 4.39342376
0.23920000 4.36298068
0.23960000 4.32971766
0.24000000 4.29388408
0.24040000 4.25574516
0.24080000 4.21557950
0.24120000 4.17367659
0.24160000 4.13033408
0.24200000 4.08585504
0.24240000 4.04054505
0.24280000 3.99470934
0.24320000 3.94864992
0.24360000 3.90266262
0.24400000 3.85703440
0.24440000 3.81204054
0.24480000 3.76794213
0.24520000 3.72498361
0.24560000 3.68339054
0.24600000 3.64336757
0.24640000 3.60509664
0.24680000 3.56873546
0.24720000 3.53441625
0.24760000 3.50224472
0.24800000 3.47229946
0.24840000 3.44463151
0.24880000 3.41926433
0.24920000 3.39619402
0.24960000 3.37538993
0.25000000 3.35679542
0.25040000 3.34032909
0.25080000 3.32588612
0.25120000 3.31333998
0.25160000 3.30254430
0.25200000 3.29333495
0.25240000 3.28553240
0.25280000 3.27894406
0.25320000 3.27336692
0.25360000 3.26859014
0.25400000 3.26439779
0.25440000 3.26057154
0.25480000 3.25689339
0.25520000 3.25314831
0.25560000 3.24912683
0.25600000 3.24462750
0.25640000 3.23945919
0.25680000 3.23344324
0.25720000 3.22641541
0.25760000 3.21822755
0.25800000 3.20874912
0.25840000 3.19786835
0.25880000 3.18549318
0.25920000 3.17155192
0.25960000 3.15599356
0.26000000 3.13878786
0.26040000 3.11992512
0.26080000 3.09941565
0.26120000 3.07728903
0.26160000 3.05359302
0.26200000 3.02839237
0.26240000 3.00176729
0.26280000 2.97381182
0.26320000 2.94463200
0.26360000 2.91434397
0.26400000 2.88307190
0.26440000 2.85094592
0.26480000 2.81810003
0.26520000 2.78466995
0.26560000 2.75079113
0.26600000 2.71659672
0.26640000 2.68221570
0.26680000 2.64777118
0.26720000 2.61337880
0.26760000 2.57914533
0.26800000 2.54516751
0.26840000 2.51153106
0.26880000 2.47830997
0.26920000 2.44556595
0.26960000 2.41334822
0.27000000 2.38169345
0.27040000 2.35062597
0.27080000 2.32015821
0.27120000 2.29029131
0.27160000 2.26101595
0.27200000 2.23231332
0.27240000 2.20415627
0.27280000 2.17651051
0.27320000 2.14933600
0.27360000 2.12258825
0.27400000 2.09621983
0.27440000 2.07018170
0.27480000 2.04442464
0.27520000 2.01890054
0.27560000 1.99356369
0.27600000 1.96837181
0.27640000 1.94328716
0.27680000 1.91827728
0.27720000 1.89331575
0.27760000 1.86838264
0.27800000 1.84346487
0.27840000 1.81855633
0.27880000 1.79365783
0.27920000 1.76877689
0.27960000 1.74392732
0.28000000 1.71912869
0.28040000 1.69440561
0.28080000 1.66978691
0.28120000 1.64530475
0.28160000 1.62099353
0.28200000 1.59688893
0.28240000 1.57302673
0.28280000 1.54944177
0.28320000 1.52616685
0.28360000 1.50323168
0.28400000 1.48066197
0.28440000 1.45847852
0.28480000 1.43669646
0.28520000 1.41532466
0.28560000 1.39436519
0.28600000 1.37381302
0.28640000 1.35365584
0.28680000 1.33387406
0.28720000 1.31444095
0.28760000 1.29532297
0.28800000 1.27648025
0.28840000 1.25786721
0.28880000 1.23943331
0.28920000 1.22112391
0.28960000 1.20288128
0.29000000 1.18464562
0.29040000 1.16635615
0.29080000 1.14795232
0.29120000 1.12937488
0.29160000 1.11056708
0.29200000 1.09147579
0.29240000 1.07205249
0.29280000 1.05225431
0.29320000 1.03204488
0.29360000 1.01139512
0.29400000 0.99028384
0.29440000 0.96869829
0.29480000 0.94663450
0.29520000 0.92409747
0.29560000 0.90110124
0.29600000 0.87766874
0.29640000 0.85383157
0.29680000 0.82962956
0.29720000 0.80511025
0.29760000 0.78032817
0.29800000 0.75534411
0.29840000 0.73022417
0.29880000 0.70503886
0.29920000 0.67986203
0.29960000 0.65476979
0.30000000 0.62983945
0.30040000 0.60514842
0.30080000 0.58077307
0.30120000 0.55678776
0.30160000 0.53326377
0.30200000 0.51026843
0.30240000 0.48786421
0.30280000 0.46610801
0.30320000 0.44505048
0.30360000 0.42473550
0.30400000 0.40519975
0.30440000 0.38647243
0.30480000 0.36857504
0.30520000 0.35152141
0.30560000 0.33531769
0.30600000 0.31996258
0.30640000 0.30544764
0.30680000 0.29175762
0.30720000 0.27887102
0.30760000 0.26676058
0.30800000 0.25539395
0.30840000 0.24473434
0.30880000 0.23474127
0.30920000 0.22537126
0.30960000 0.21657862
0.31000000 0.20831618
0.31040000 0.20053603
0.31080000 0.19319024
0.31120000 0.18623152
0.31160000 0.17961383
0.31200000 0.17329300
0.31240000 0.16722717
0.31280000 0.16137730
0.31320000 0.15570750
0.31360000 0.15018532
0.31400000 0.14478203
0.31440000 0.13947269
0.31480000 0.13423629
0.31520000 0.12905572
0.31560000 0.12391772
0.31600000 0.11881278
0.31640000 0.11373491
0.31680000 0.10868149
0.31720000 0.10365293
0.31760000 0.09865244
0.31800000 0.09368564
0.31840000 0.08876025
0.31880000 0.08388574
0.31920000 0.07907293
0.31960000 0.07433367
0.32000000 0.06968045
0.32040000 0.06512608
0.32080000 0.06068339
0.32120000 0.05636490
0.32160000 0.05218258
0.32200000 0.04814757
0.32240000 0.04427004
0.32280000 0.04055897
0.32320000 0.03702202
0.32360000 0.03366543
0.32400000 0.03049397
0.32440000 0.02751088
0.32480000 0.02471786
0.32520000 0.02211514
0.32560000 0.01970147
0.32600000 0.01747421
0.32640000 0.01542945
0.32680000 0.01356209
0.32720000 0.01186597
0.32760000 0.01033399
0.32800000 0.00895829
0.32840000 0.00773034
0.32880000 0.00664111
0.32920000 0.00568121
0.32960000 0.00484104
0.33000000 0.00411088
0.33040000 0.00348104
0.33080000 0.00294200
0.33120000 0.00248445
0.33160000 0.00209942
0.33200000 0.00177833
0.33240000 0.00151311
0.33280000 0.00129616
0.33320000 0.00112047
0.33360000 0.00097959
0.33400000 0.00086770
0.33440000 0.00077953
0.33480000 0.00071046
0.33520000 0.00065640
0.33560000 0.00061385
0.33600000 0.00057983
0.33640000 0.00055184
0.33680000 0.00052784
0.33720000 0.00050623
0.33760000 0.00048574
0.33800000 0.00046547
0.33840000 0.00044479
0.33880000 0.00042329
0.33920000 0.00040080
0.33960000 0.00037730
0.34000000 0.00035288
0.34040000 0.00032776
0.34080000 0.00030219
0.34120000 0.00027649
0.34160000 0.00025098
0.34200000 0.00022598
0.34240000 0.00020181
0.34280000 0.00017874
0.34320000 0.00015701
0.34360000 0.00013683
0.34400000 0.00011833
0.34440000 0.00010164
0.34480000 0.00008680
0.34520000 0.00007383
0.34560000 0.00006269
0.34600000 0.00005332
0.34640000 0.00004563
0.34680000 0.00003948
0.34720000 0.00003473
0.34760000 0.00003122
0.34800000 0.00002880
0.34840000 0.00002728
0.34880000 0.00002650
0.34920000 0.00002630
0.34960000 0.00002652
0.35000000 0.00002702
