0.15000000 0.00026503
0.15040000 0.00028209
0.15080000 0.00029958
0.15120000 0.00031773
0.15160000 0.00033683
0.15200000 0.00035725
0.15240000 0.00037943
0.15280000 0.00040383
0.15320000 0.00043100
0.15360000 0.00046148
0.15400000 0.00049584
0.15440000 0.00053462
0.15480000 0.00057836
0.15520000 0.00062753
0.15560000 0.00068255
0.15600000 0.00074377
0.15640000 0.00081143
0.15680000 0.00088569
0.15720000 0.00096662
0.15760000 0.00105419
0.15800000 0.00114830
0.15840000 0.00124879
0.15880000 0.00135546
0.15920000 0.00146812
0.15960000 0.00158659
0.16000000 0.00171077
0.16040000 0.00184063
0.16080000 0.00197633
0.16120000 0.00211816
0.16160000 0.00226664
0.16200000 0.00242252
0.16240000 0.00258679
0.16280000 0.00276072
0.16320000 0.00294582
0.16360000 0.00314383
0.16400000 0.00335675
0.16440000 0.00358671
0.16480000 0.00383602
0.16520000 0.00410707
0.16560000 0.00440227
0.16600000 0.00472398
0.16640000 0.00507449
0.16680000 0.00545590
0.16720000 0.00587011
0.16760000 0.00631876
0.16800000 0.00680319
0.16840000 0.00732444
0.16880000 0.00788323
0.16920000 0.00847997
0.16960000 0.00911485
0.17000000 0.00978783
0.17040000 0.01049876
0.17080000 0.01124744
0.17120000 0.01203374
0.17160000 0.01285770
0.17200000 0.01371964
0.17240000 0.01462026
0.17280000 0.01556075
0.17320000 0.01654288
0.17360000 0.01756904
0.17400000 0.01864232
0.17440000 0.01976647
0.17480000 0.02094594
0.17520000 0.02218579
0.17560000 0.02349163
0.17600000 0.02486950
0.17640000 0.02632575
0.17680000 0.02786686
0.17720000 0.02949930
0.17760000 0.03122933
0.17800000 0.03306285
0.17840000 0.03500523
0.17880000 0.03706117
0.17920000 0.03923462
0.17960000 0.04152868
0.18000000 0.04394561
0.18040000 0.04648684
0.18080000 0.04915311
0.18120000 0.05194452
0.18160000 0.05486080
0.18200000 0.05790154
0.18240000 0.06106642
0.18280000 0.06435558
0.18320000 0.06776991
0.18360000 0.07131137
0.18400000 0.07498331
0.18440000 0.07879076
0.18480000 0.08274066
0.18520000 0.08684205
0.18560000 0.09110616
0.18600000 0.09554646
0.18640000 0.10017862
0.18680000 0.10502034
0.18720000 0.11009116
0.18760000 0.11541212
0.18800000 0.12100544
0.18840000 0.12689409
0.18880000 0.13310131
0.18920000 0.13965018
0.18960000 0.14656316
0.19000000 0.15386166
0.19040000 0.16156571
0.19080000 0.16969363
0.19120000 0.17826191
0.19160000 0.18728507
0.19200000 0.19677578
0.19240000 0.20674498
0.19280000 0.21720221
0.19320000 0.22815598
0.19360000 0.23961434
0.19400000 0.25158537
0.19440000 0.26407785
0.19480000 0.27710186
0.19520000 0.29066939
0.19560000 0.30479484
0.19600000 0.31949546
0.19640000 0.33479163
0.19680000 0.35070694
0.19720000 0.36726814
0.19760000 0.38450476
0.19800000 0.40244867
0.19840000 0.42113322
0.19880000 0.44059235
0.19920000 0.46085941
0.19960000 0.48196583
0.20000000 0.50393978
0.20040000 0.52680466
0.20080000 0.55057769
0.20120000 0.57526853
0.20160000 0.60087804
0.20200000 0.62739732
0.20240000 0.65480690
0.20280000 0.68307632
0.20320000 0.71216408
0.20360000 0.74201793
0.20400000 0.77257560
0.20440000 0.80376588
0.20480000 0.83551011
0.20520000 0.86772401
0.20560000 0.90031974
0.20600000 0.93320822
0.20640000 0.96630153
0.20680000 0.99951537
0.20720000 1.03277144
0.20760000 1.06599965
0.20800000 1.09914011
0.20840000 1.13214469
0.20880000 1.16497826
0.20920000 1.19761938
0.20960000 1.23006047
0.21000000 1.26230751
0.21040000 1.29437916
0.21080000 1.32630541
0.21120000 1.35812579
0.21160000 1.38988725
0.21200000 1.42164182
0.21240000 1.45344402
0.21280000 1.48534844
0.21320000 1.51740732
0.21360000 1.54966847
0.21400000 1.58217351
0.21440000 1.61495668
0.21480000 1.64804415
0.21520000 1.68145408
0.21560000 1.71519726
0.21600000 1.74927847
0.21640000 1.78369849
0.21680000 1.81845659
0.21720000 1.85355357
0.21760000 1.88899501
0.21800000 1.92479471
0.21840000 1.96097801
0.21880000 1.99758491
0.21920000 2.03467265
0.21960000 2.07231764
0.22000000 2.11061649
0.22040000 2.14968602
0.22080000 2.18966214
0.22120000 2.23069736
0.22160000 2.27295712
0.22200000 2.31661475
0.22240000 2.36184531
0.22280000 2.40881821
0.22320000 2.45768907
0.22360000 2.50859081
0.22400000 2.56162447
0.22440000 2.61684982
0.22480000 2.67427642
0.22520000 2.73385521
0.22560000 2.79547113
0.22600000 2.85893712
0.22640000 2.92398972
0.22680000 2.99028669
0.22720000 3.05740672
0.22760000 3.12485151
0.22800000 3.19205018
0.22840000 3.25836620
0.22880000 3.32310648
0.22920000 3.38553280
0.22960000 3.44487502
0.23000000 3.50034595
0.23040000 3.55115746
0.23080000 3.59653728
0.23120000 3.63574624
0.23160000 3.66809525
0.23200000 3.69296155
0.23240000 3.70980389
0.23280000 3.71817599
0.23320000 3.71773791
0.23360000 3.70826510
0.23400000 3.68965468
0.23440000 3.66192880
0.23480000 3.62523501
0.23520000 3.57984366
0.23560000 3.52614222
0.23600000 3.46462696
0.23640000 3.39589207
0.23680000 3.32061654
0.23720000 3.23954939
0.23760000 3.15349349
0.23800000 3.06328858
0.23840000 2.96979396
0.23880000 2.87387134
0.23920000 2.77636837
0.23960000 2.67810324
0.24000000 2.57985082
0.24040000 2.48233058
0.24080000 2.38619668
0.24120000 2.29203028
0.24160000 2.20033429
0.24200000 2.11153046
0.24240000 2.02595883
0.24280000 1.94387938
0.24320000 1.86547563
0.24360000 1.79085996
0.24400000 1.72008036
0.24440000 1.65312815
0.24480000 1.58994655
0.24520000 1.53043940
0.24560000 1.47448006
0.24600000 1.42191987
0.24640000 1.37259602
0.24680000 1.32633861
0.24720000 1.28297670
0.24760000 1.24234309
0.24800000 1.20427806
0.24840000 1.16863172
0.24880000 1.13526530
0.24920000 1.10405131
0.24960000 1.07487275
0.25000000 1.04762160
0.25040000 1.02219671
0.25080000 0.99850134
0.25120000 0.97644057
0.25160000 0.95591869
0.25200000 0.93683698
0.25240000 0.91909170
0.25280000 0.90257278
0.25320000 0.88716301
0.25360000 0.87273799
0.25400000 0.85916664
0.25440000 0.84631251
0.25480000 0.83403555
0.25520000 0.82219445
0.25560000 0.81064936
0.25600000 0.79926476
0.25640000 0.78791254
0.25680000 0.77647488
0.25720000 0.76484709
0.25760000 0.75293991
0.25800000 0.74068154
0.25840000 0.72801897
0.25880000 0.71491878
0.25920000 0.70136725
0.25960000 0.68736985
0.26000000 0.67295006
0.26040000 0.65814765
0.26080000 0.64301641
0.26120000 0.62762157
0.26160000 0.61203688
0.26200000 0.59634150
0.26240000 0.58061694
0.26280000 0.56494402
0.26320000 0.54940009
0.26360000 0.53405652
0.26400000 0.51897662
0.26440000 0.50421399
0.26480000 0.48981142
0.26520000 0.47580024
0.26560000 0.46220026
0.26600000 0.44902015
0.26640000 0.43625827
0.26680000 0.42390391
0.26720000 0.41193875
0.26760000 0.40033857
0.26800000 0.38907514
0.26840000 0.37811800
0.26880000 0.36743628
0.26920000 0.35700035
0.26960000 0.34678326
0.27000000 0.33676188
0.27040000 0.32691783
0.27080000 0.31723796
0.27120000 0.30771463
0.27160000 0.29834556
0.27200000 0.28913353
0.27240000 0.28008565
0.27280000 0.27121263
0.27320000 0.26252773
0.27360000 0.25404574
0.27400000 0.24578192
0.27440000 0.23775091
0.27480000 0.22996582
0.27520000 0.22243738
0.27560000 0.21517328
0.27600000 0.20817775
0.27640000 0.20145125
0.27680000 0.19499046
0.27720000 0.18878843
0.27760000 0.18283489
0.27800000 0.17711676
0.27840000 0.17161875
0.27880000 0.16632405
0.27920000 0.16121507
0.27960000 0.15627414
0.28000000 0.15148426
0.28040000 0.14682965
0.28080000 0.14229637
0.28120000 0.13787266
0.28160000 0.13354921
0.28200000 0.12931934
0.28240000 0.12517894
0.28280000 0.12112636
0.28320000 0.11716213
0.28360000 0.11328861
0.28400000 0.10950960
0.28440000 0.10582981
0.28480000 0.10225443
0.28520000 0.09878862
0.28560000 0.09543709
0.28600000 0.09220371
0.28640000 0.08909120
0.28680000 0.08610091
0.28720000 0.08323269
0.28760000 0.08048490
0.28800000 0.07785441
0.28840000 0.07533680
0.28880000 0.07292656
0.28920000 0.07061733
0.28960000 0.06840230
0.29000000 0.06627445
0.29040000 0.06422690
0.29080000 0.06225325
0.29120000 0.06034782
0.29160000 0.05850585
0.29200000 0.05672371
0.29240000 0.05499894
0.29280000 0.05333030
0.29320000 0.05171771
0.29360000 0.05016214
0.29400000 0.04866542
0.29440000 0.04723009
0.29480000 0.04585908
0.29520000 0.04455550
0.29560000 0.04332238
0.29600000 0.04216239
0.29640000 0.04107765
0.29680000 0.04006949
0.29720000 0.03913839
0.29760000 0.03828380
0.29800000 0.03750417
0.29840000 0.03679694
0.29880000 0.03615860
0.29920000 0.03558484
0.29960000 0.03507070
0.30000000 0.03461073
0.30040000 0.03419924
0.30080000 0.03383050
0.30120000 0.03349895
0.30160000 0.03319943
0.30200000 0.03292733
0.30240000 0.03267878
0.30280000 0.03245072
0.30320000 0.03224103
0.30360000 0.03204849
0.30400000 0.03187283
0.30440000 0.03171466
0.30480000 0.03157535
0.30520000 0.03145694
0.30560000 0.03136197
0.30600000 0.03129330
0.30640000 0.03125399
0.30680000 0.03124705
0.30720000 0.03127528
0.30760000 0.03134115
0.30800000 0.03144660
0.30840000 0.03159294
0.30880000 0.03178077
0.30920000 0.03200986
0.30960000 0.03227915
0.31000000 0.03258674
0.31040000 0.03292987
0.31080000 0.03330497
0.31120000 0.03370774
0.31160000 0.03413318
0.31200000 0.03457573
0.31240000 0.03502931
0.31280000 0.03548745
0.31320000 0.03594340
0.31360000 0.03639020
0.31400000 0.03682081
0.31440000 0.03722818
0.31480000 0.03760535
0.31520000 0.03794551
0.31560000 0.03824212
0.31600000 0.03848893
0.31640000 0.03868007
0.31680000 0.03881011
0.31720000 0.03887413
0.31760000 0.03886776
0.31800000 0.03878722
0.31840000 0.03862942
0.31880000 0.03839197
0.31920000 0.03807324
0.31960000 0.03767242
0.32000000 0.03718951
0.32040000 0.03662540
0.32080000 0.03598187
0.32120000 0.03526155
0.32160000 0.03446801
0.32200000 0.03360563
0.32240000 0.03267963
0.32280000 0.03169598
0.32320000 0.03066135
0.32360000 0.02958297
0.32400000 0.02846857
0.32440000 0.02732623
0.32480000 0.02616428
0.32520000 0.02499111
0.32560000 0.02381505
0.32600000 0.02264425
0.32640000 0.02148648
0.32680000 0.02034905
0.32720000 0.01923867
0.32760000 0.01816134
0.32800000 0.01712226
0.32840000 0.01612577
0.32880000 0.01517532
0.32920000 0.01427342
0.32960000 0.01342166
0.33000000 0.01262074
0.33040000 0.01187052
0.33080000 0.01117007
0.33120000 0.01051781
0.33160000 0.00991152
0.33200000 0.00934853
0.33240000 0.00882580
0.33280000 0.00834004
0.33320000 0.00788782
0.33360000 0.00746571
0.33400000 0.00707032
0.33440000 0.00669845
0.33480000 0.00634714
0.33520000 0.00601371
0.33560000 0.00569585
0.33600000 0.00539159
0.33640000 0.00509935
0.33680000 0.00481793
0.33720000 0.00454646
0.33760000 0.00428442
0.33800000 0.00403154
0.33840000 0.00378781
0.33880000 0.00355339
0.33920000 0.00332854
0.33960000 0.00311363
0.34000000 0.00290903
0.34040000 0.00271509
0.34080000 0.00253208
0.34120000 0.00236020
0.34160000 0.00219951
0.34200000 0.00204993
0.34240000 0.00191125
0.34280000 0.00178310
0.34320000 0.00166500
0.34360000 0.00155634
0.34400000 0.00145643
0.34440000 0.00136447
0.34480000 0.00127967
0.34520000 0.00120117
0.34560000 0.00112817
0.34600000 0.00105986
0.34640000 0.00099552
0.34680000 0.00093449
0.34720000 0.00087621
0.34760000 0.00082022
0.34800000 0.00076616
0.34840000 0.00071377
0.34880000 0.00066291
0.34920000 0.00061351
0.34960000 0.00056560
0.35000000 0.00051927
