0.15000000 0.00024608
0.15040000 0.00026672
0.15080000 0.00028915
0.15120000 0.00031351
0.15160000 0.00033995
0.15200000 0.00036862
0.15240000 0.00039971
0.15280000 0.00043337
0.15320000 0.00046980
0.15360000 0.00050916
0.15400000 0.00055167
0.15440000 0.00059751
0.15480000 0.00064691
0.15520000 0.00070009
0.15560000 0.00075727
0.15600000 0.00081871
0.15640000 0.00088465
0.15680000 0.00095537
0.15720000 0.00103117
0.15760000 0.00111235
0.15800000 0.00119924
0.15840000 0.00129219
0.15880000 0.00139160
0.15920000 0.00149787
0.15960000 0.00161145
0.16000000 0.00173281
0.16040000 0.00186247
0.16080000 0.00200099
0.16120000 0.00214898
0.16160000 0.00230708
0.16200000 0.00247600
0.16240000 0.00265647
0.16280000 0.00284931
0.16320000 0.00305537
0.16360000 0.00327557
0.16400000 0.00351089
0.16440000 0.00376236
0.16480000 0.00403106
0.16520000 0.00431817
0.16560000 0.00462489
0.16600000 0.00495250
0.16640000 0.00530234
0.16680000 0.00567582
0.16720000 0.00607439
0.16760000 0.00649957
0.16800000 0.00695296
0.16840000 0.00743621
0.16880000 0.00795102
0.16920000 0.00849917
0.16960000 0.00908252
0.17000000 0.00970296
0.17040000 0.01036251
0.17080000 0.01106321
0.17120000 0.01180724
0.17160000 0.01259681
0.17200000 0.01343428
0.17240000 0.01432209
0.17280000 0.01526279
0.17320000 0.01625905
0.17360000 0.01731368
0.17400000 0.01842965
0.17440000 0.01961005
0.17480000 0.02085816
0.17520000 0.02217743
0.17560000 0.02357149
0.17600000 0.02504420
0.17640000 0.02659960
0.17680000 0.02824196
0.17720000 0.02997578
0.17760000 0.03180583
0.17800000 0.03373707
0.17840000 0.03577477
0.17880000 0.03792441
0.17920000 0.04019177
0.17960000 0.04258286
0.18000000 0.04510398
0.18040000 0.04776167
0.18080000 0.05056273
0.18120000 0.05351421
0.18160000 0.05662343
0.18200000 0.05989791
0.18240000 0.06334544
0.18280000 0.06697400
0.18320000 0.07079181
0.18360000 0.07480729
0.18400000 0.07902906
0.18440000 0.08346594
0.18480000 0.08812691
0.18520000 0.09302116
0.18560000 0.09815806
0.18600000 0.10354715
0.18640000 0.10919815
0.18680000 0.11512097
0.18720000 0.12132570
0.18760000 0.12782264
0.18800000 0.13462230
0.18840000 0.14173540
0.18880000 0.14917291
0.18920000 0.15694603
0.18960000 0.16506624
0.19000000 0.17354531
0.19040000 0.18239530
0.19080000 0.19162858
0.19120000 0.20125786
0.19160000 0.21129619
0.19200000 0.22175698
0.19240000 0.23265398
0.19280000 0.24400132
0.19320000 0.25581349
0.19360000 0.26810533
0.19400000 0.28089201
0.19440000 0.29418905
0.19480000 0.30801225
0.19520000 0.32237770
0.19560000 0.33730172
0.19600000 0.35280084
0.19640000 0.36889174
0.19680000 0.38559122
0.19720000 0.40291613
0.19760000 0.42088334
0.19800000 0.43950967
0.19840000 0.45881184
0.19880000 0.47880640
0.19920000 0.49950971
0.19960000 0.52093789
0.20000000 0.54310672
0.20040000 0.56603169
0.20080000 0.58972789
0.20120000 0.61421003
0.20160000 0.63949241
0.20200000 0.66558891
0.20240000 0.69251298
0.20280000 0.72027766
0.20320000 0.74889562
0.20360000 0.77837912
0.20400000 0.80874008
0.20440000 0.83999012
0.20480000 0.87214058
0.20520000 0.90520255
0.20560000 0.93918693
0.20600000 0.97410443
0.20640000 1.00996564
0.20680000 1.04678102
0.20720000 1.08456092
0.20760000 1.12331559
0.20800000 1.16305513
0.20840000 1.20378950
0.20880000 1.24552842
0.20920000 1.28828135
0.20960000 1.33205732
0.21000000 1.37686489
0.21040000 1.42271195
0.21080000 1.46960560
0.21120000 1.51755192
0.21160000 1.56655580
0.21200000 1.61662070
0.21240000 1.66774842
0.21280000 1.71993881
0.21320000 1.77318957
0.21360000 1.82749593
0.21400000 1.88285041
0.21440000 1.93924252
0.21480000 1.99665857
0.21520000 2.05508138
0.21560000 2.11449003
0.21600000 2.17485976
0.21640000 2.23616170
0.21680000 2.29836277
0.21720000 2.36142559
0.21760000 2.42530843
0.21800000 2.48996514
0.21840000 2.55534521
0.21880000 2.62139386
0.21920000 2.68805211
0.21960000 2.75525698
0.22000000 2.82294166
0.22040000 2.89103581
0.22080000 2.95946578
0.22120000 3.02815496
0.22160000 3.09702415
0.22200000 3.16599188
0.22240000 3.23497483
0.22280000 3.30388827
0.22320000 3.37264639
0.22360000 3.44116279
0.22400000 3.50935084
0.22440000 3.57712413
0.22480000 3.64439679
0.22520000 3.71108393
0.22560000 3.77710193
0.22600000 3.84236879
0.22640000 3.90680442
0.22680000 3.97033090
0.22720000 4.03287277
0.22760000 4.09435717
0.22800000 4.15471411
0.22840000 4.21387664
0.22880000 4.27178097
0.22920000 4.32836671
0.22960000 4.38357694
0.23000000 4.43735845
0.23040000 4.48966185
0.23080000 4.54044181
0.23120000 4.58965723
0.23160000 4.63727150
0.23200000 4.68325274
0.23240000 4.72757414
0.23280000 4.77021428
0.23320000 4.81115748
0.23360000 4.85039427
0.23400000 4.88792178
0.23440000 4.92374423
0.23480000 4.95787343
0.23520000 4.99032928
0.23560000 5.02114026
0.23600000 5.05034395
0.23640000 5.07798745
0.23680000 5.10412788
0.23720000 5.12883266
0.23760000 5.15217989
0.23800000 5.17425847
0.23840000 5.19516826
0.23880000 5.21501999
0.23920000 5.23393511
0.23960000 5.25204546
0.24000000 5.26949272
0.24040000 5.28642776
0.24080000 5.30300976
0.24120000 5.31940511
0.24160000 5.33578619
0.24200000 5.35232987
0.24240000 5.36921591
0.24280000 5.38662512
0.24320000 5.40473740
0.24360000 5.42372964
0.24400000 5.44377349
0.24440000 5.46503302
0.24480000 5.48766238
0.24520000 5.51180342
0.24560000 5.53758325
0.24600000 5.56511191
0.24640000 5.59448019
0.24680000 5.62575740
0.24720000 5.65898950
0.24760000 5.69419730
0.24800000 5.73137496
0.24840000 5.77048876
0.24880000 5.81147618
0.24920000 5.85424530
0.24960000 5.89867456
0.25000000 5.94461292
0.25040000 5.99188039
0.25080000 6.04026893
0.25120000 6.08954378
0.25160000 6.13944519
0.25200000 6.18969042
0.25240000 6.23997625
0.25280000 6.28998166
0.25320000 6.33937093
0.25360000 6.38779687
0.25400000 6.43490438
0.25440000 6.48033411
0.25480000 6.52372621
0.25520000 6.56472421
0.25560000 6.60297883
0.25600000 6.63815178
0.25640000 6.66991946
0.25680000 6.69797645
0.25720000 6.72203882
0.25760000 6.74184717
0.25800000 6.75716937
0.25840000 6.76780288
0.25880000 6.77357681
0.25920000 6.77435346
0.25960000 6.77002945
0.26000000 6.76053644
0.26040000 6.74584139
0.26080000 6.72594630
0.26120000 6.70088757
0.26160000 6.67073495
0.26200000 6.63559000
0.26240000 6.59558427
0.26280000 6.55087707
0.26320000 6.50165297
0.26360000 6.44811905
0.26400000 6.39050196
0.26440000 6.32904477
0.26480000 6.26400380
0.26520000 6.19564533
0.26560000 6.12424237
0.26600000 6.05007146
0.26640000 5.97340962
0.26680000 5.89453139
0.26720000 5.81370610
0.26760000 5.73119543
0.26800000 5.64725109
0.26840000 5.56211299
0.26880000 5.47600753
0.26920000 5.38914633
0.26960000 5.30172527
0.27000000 5.21392383
0.27040000 5.12590478
0.27080000 5.03781416
0.27120000 4.94978156
0.27160000 4.86192071
0.27200000 4.77433021
0.27240000 4.68709458
0.27280000 4.60028541
0.27320000 4.51396269
0.27360000 4.42817619
0.27400000 4.34296698
0.27440000 4.25836887
0.27480000 4.17440995
0.27520000 4.09111401
0.27560000 4.00850187
0.27600000 3.92659265
0.27640000 3.84540491
0.27680000 3.76495759
0.27720000 3.68527080
0.27760000 3.60636646
0.27800000 3.52826872
0.27840000 3.45100422
0.27880000 3.37460214
0.27920000 3.29909408
0.27960000 3.22451380
0.28000000 3.15089683
0.28040000 3.07827986
0.28080000 3.00670013
0.28120000 2.93619469
0.28160000 2.86679958
0.28200000 2.79854906
0.28240000 2.73147474
0.28280000 2.66560479
0.28320000 2.60096318
0.28360000 2.53756898
0.28400000 2.47543579
0.28440000 2.41457121
0.28480000 2.35497646
0.28520000 2.29664618
0.28560000 2.23956828
0.28600000 2.18372402
0.28640000 2.12908816
0.28680000 2.07562935
0.28720000 2.02331050
0.28760000 1.97208947
0.28800000 1.92191970
0.28840000 1.87275103
0.28880000 1.82453059
0.28920000 1.77720370
0.28960000 1.73071489
0.29000000 1.68500887
0.29040000 1.64003149
0.29080000 1.59573076
0.29120000 1.55205773
0.29160000 1.50896736
0.29200000 1.46641926
0.29240000 1.42437840
0.29280000 1.38281566
0.29320000 1.34170823
0.29360000 1.30103999
0.29400000 1.26080162
0.29440000 1.22099067
0.29480000 1.18161143
0.29520000 1.14267474
0.29560000 1.10419759
0.29600000 1.06620269
0.29640000 1.02871785
0.29680000 0.99177531
0.29720000 0.95541104
0.29760000 0.91966385
0.29800000 0.88457463
0.29840000 0.85018538
0.29880000 0.81653840
0.29920000 0.78367534
0.29960000 0.75163642
0.30000000 0.72045957
0.30040000 0.69017969
0.30080000 0.66082798
0.30120000 0.63243132
0.30160000 0.60501178
0.30200000 0.57858619
0.30240000 0.55316585
0.30280000 0.52875632
0.30320000 0.50535733
0.30360000 0.48296279
0.30400000 0.46156089
0.30440000 0.44113436
0.30480000 0.42166069
0.30520000 0.40311261
0.30560000 0.38545847
0.30600000 0.36866279
0.30640000 0.35268680
0.30680000 0.33748907
0.30720000 0.32302610
0.30760000 0.30925301
0.30800000 0.29612408
0.30840000 0.28359348
0.30880000 0.27161578
0.30920000 0.26014657
0.30960000 0.24914296
0.31000000 0.23856405
0.31040000 0.22837134
0.31080000 0.21852911
0.31120000 0.20900469
0.31160000 0.19976866
0.31200000 0.19079506
0.31240000 0.18206140
0.31280000 0.17354874
0.31320000 0.16524163
0.31360000 0.15712800
0.31400000 0.14919902
0.31440000 0.14144886
0.31480000 0.13387451
0.31520000 0.12647546
0.31560000 0.11925340
0.31600000 0.11221189
0.31640000 0.10535606
0.31680000 0.09869224
0.31720000 0.09222761
0.31760000 0.08596990
0.31800000 0.07992705
0.31840000 0.07410690
0.31880000 0.06851696
0.31920000 0.06316411
0.31960000 0.05805441
0.32000000 0.05319289
0.32040000 0.04858344
0.32080000 0.04422864
0.32120000 0.04012972
0.32160000 0.03628648
0.32200000 0.03269729
0.32240000 0.02935908
0.32280000 0.02626741
0.32320000 0.02341653
0.32360000 0.02079943
0.32400000 0.01840801
0.32440000 0.01623315
0.32480000 0.01426486
0.32520000 0.01249244
0.32560000 0.01090460
0.32600000 0.00948963
0.32640000 0.00823553
0.32680000 0.00713020
0.32720000 0.00616150
0.32760000 0.00531746
0.32800000 0.00458633
0.32840000 0.00395674
0.32880000 0.00341776
0.32920000 0.00295901
0.32960000 0.00257070
0.33000000 0.00224369
0.33040000 0.00196951
0.33080000 0.00174045
0.33120000 0.00154947
0.33160000 0.00139028
0.33200000 0.00125732
0.33240000 0.00114567
0.33280000 0.00105112
0.33320000 0.00097004
0.33360000 0.00089942
0.33400000 0.00083677
0.33440000 0.00078006
0.33480000 0.00072773
0.33520000 0.00067858
0.33560000 0.00063174
0.33600000 0.00058662
0.33640000 0.00054287
0.33680000 0.00050031
0.33720000 0.00045892
0.33760000 0.00041877
0.33800000 0.00038001
0.33840000 0.00034284
0.33880000 0.00030746
0.33920000 0.00027410
0.33960000 0.00024293
0.34000000 0.00021413
0.34040000 0.00018780
0.34080000 0.00016403
0.34120000 0.00014285
0.34160000 0.00012422
0.34200000 0.00010810
0.34240000 0.00009437
0.34280000 0.00008288
0.34320000 0.00007347
0.34360000 0.00006594
0.34400000 0.00006006
0.34440000 0.00005562
0.34480000 0.00005239
0.34520000 0.00005015
0.34560000 0.00004867
0.34600000 0.00004775
0.34640000 0.00004722
0.34680000 0.00004690
0.34720000 0.00004666
0.34760000 0.00004636
0.34800000 0.00004592
0.34840000 0.00004527
0.34880000 0.00004435
0.34920000 0.00004314
0.34960000 0.00004164
0.35000000 0.00003984
