0.15000000 0.00024627
0.15040000 0.00026657
0.15080000 0.00028862
0.15120000 0.00031257
0.15160000 0.00033860
0.15200000 0.00036685
0.15240000 0.00039752
0.15280000 0.00043078
0.15320000 0.00046683
0.15360000 0.00050586
0.15400000 0.00054808
0.15440000 0.00059371
0.15480000 0.00064297
0.15520000 0.00069609
0.15560000 0.00075330
0.15600000 0.00081487
0.15640000 0.00088106
0.15680000 0.00095213
0.15720000 0.00102838
0.15760000 0.00111011
0.15800000 0.00119765
0.15840000 0.00129135
0.15880000 0.00139157
0.15920000 0.00149871
0.15960000 0.00161320
0.16000000 0.00173549
0.16040000 0.00186607
0.16080000 0.00200549
0.16120000 0.00215432
0.16160000 0.00231318
0.16200000 0.00248274
0.16240000 0.00266374
0.16280000 0.00285694
0.16320000 0.00306318
0.16360000 0.00328337
0.16400000 0.00351847
0.16440000 0.00376950
0.16480000 0.00403755
0.16520000 0.00432377
0.16560000 0.00462940
0.16600000 0.00495572
0.16640000 0.00530409
0.16680000 0.00567594
0.16720000 0.00607277
0.16760000 0.00649614
0.16800000 0.00694767
0.16840000 0.00742907
0.16880000 0.00794209
0.16920000 0.00848855
0.16960000 0.00907037
0.17000000 0.00968949
0.17040000 0.01034796
0.17080000 0.01104787
0.17120000 0.01179142
0.17160000 0.01258087
0.17200000 0.01341857
0.17240000 0.01430695
0.17280000 0.01524857
0.17320000 0.01624607
0.17360000 0.01730223
0.17400000 0.01841993
0.17440000 0.01960220
0.17480000 0.02085225
0.17520000 0.02217340
0.17560000 0.02356918
0.17600000 0.02504331
0.17640000 0.02659969
0.17680000 0.02824245
0.17720000 0.02997595
0.17760000 0.03180475
0.17800000 0.03373372
0.17840000 0.03576793
0.17880000 0.03791275
0.17920000 0.04017380
0.17960000 0.04255700
0.18000000 0.04506853
0.18040000 0.04771486
0.18080000 0.05050274
0.18120000 0.05343920
0.18160000 0.05653155
0.18200000 0.05978735
0.18240000 0.06321445
0.18280000 0.06682093
0.18320000 0.07061514
0.18360000 0.07460563
0.18400000 0.07880121
0.18440000 0.08321089
0.18480000 0.08784388
0.18520000 0.09270961
0.18560000 0.09781767
0.18600000 0.10317785
0.18640000 0.10880011
0.18680000 0.11469461
0.18720000 0.12087165
0.18760000 0.12734174
0.18800000 0.13411556
0.18840000 0.14120398
0.18880000 0.14861806
0.18920000 0.15636910
0.18960000 0.16446860
0.19000000 0.17292832
0.19040000 0.18176026
0.19080000 0.19097671
0.19120000 0.20059023
0.19160000 0.21061370
0.19200000 0.22106033
0.19240000 0.23194364
0.19280000 0.24327752
0.19320000 0.25507618
0.19360000 0.26735421
0.19400000 0.28012653
0.19440000 0.29340841
0.19480000 0.30721544
0.19520000 0.32156353
0.19560000 0.33646887
0.19600000 0.35194791
0.19640000 0.36801730
0.19680000 0.38469389
0.19720000 0.40199462
0.19760000 0.41993656
0.19800000 0.43853675
0.19840000 0.45781222
0.19880000 0.47777992
0.19920000 0.49845661
0.19960000 0.51985886
0.20000000 0.54200299
0.20040000 0.56490496
0.20080000 0.58858039
0.20120000 0.61304448
0.20160000 0.63831198
0.20200000 0.66439716
0.20240000 0.69131381
0.20280000 0.71907520
0.20320000 0.74769406
0.20360000 0.77718266
0.20400000 0.80755273
0.20440000 0.83881555
0.20480000 0.87098194
0.20520000 0.90406229
0.20560000 0.93806662
0.20600000 0.97300460
0.20640000 1.00888557
0.20680000 1.04571860
0.20720000 1.08351250
0.20760000 1.12227585
0.20800000 1.16201700
0.20840000 1.20274405
0.20880000 1.24446488
0.20920000 1.28718706
0.20960000 1.33091782
0.21000000 1.37566399
0.21040000 1.42143185
0.21080000 1.46822708
0.21120000 1.51605456
0.21160000 1.56491823
0.21200000 1.61482091
0.21240000 1.66576406
0.21280000 1.71774761
0.21320000 1.77076966
0.21360000 1.82482630
0.21400000 1.87991128
0.21440000 1.93601577
0.21480000 1.99312814
0.21520000 2.05123363
0.21560000 2.11031415
0.21600000 2.17034804
0.21640000 2.23130981
0.21680000 2.29317002
0.21720000 2.35589506
0.21760000 2.41944706
0.21800000 2.48378377
0.21840000 2.54885849
0.21880000 2.61462013
0.21920000 2.68101316
0.21960000 2.74797775
0.22000000 2.81544985
0.22040000 2.88336137
0.22080000 2.95164040
0.22120000 3.02021146
0.22160000 3.08899576
0.22200000 3.15791155
0.22240000 3.22687448
0.22280000 3.29579791
0.22320000 3.36459341
0.22360000 3.43317107
0.22400000 3.50143997
0.22440000 3.56930861
0.22480000 3.63668529
0.22520000 3.70347858
0.22560000 3.76959766
0.22600000 3.83495278
0.22640000 3.89945557
0.22680000 3.96301944
0.22720000 4.02555990
0.22760000 4.08699488
0.22800000 4.14724500
0.22840000 4.20623390
0.22880000 4.26388846
0.22920000 4.32013906
0.22960000 4.37491983
0.23000000 4.42816888
0.23040000 4.47982855
0.23080000 4.52984567
0.23120000 4.57817176
0.23160000 4.62476337
0.23200000 4.66958233
0.23240000 4.71259608
0.23280000 4.75377800
0.23320000 4.79310777
0.23360000 4.83057179
0.23400000 4.86616354
0.23440000 4.89988407
0.23480000 4.93174241
0.23520000 4.96175606
0.23560000 4.98995143
0.23600000 5.01636430
0.23640000 5.04104024
0.23680000 5.06403500
0.23720000 5.08541489
0.23760000 5.10525702
0.23800000 5.12364951
0.23840000 5.14069164
0.23880000 5.15649378
0.23920000 5.17117733
0.23960000 5.18487437
0.24000000 5.19772733
0.24040000 5.20988833
0.24080000 5.22151844
0.24120000 5.23278678
0.24160000 5.24386934
0.24200000 5.25494773
0.24240000 5.26620769
0.24280000 5.27783743
0.24320000 5.29002584
0.24360000 5.30296055
0.24400000 5.31682585
0.24440000 5.33180052
0.24480000 5.34805559
0.24520000 5.36575205
0.24560000 5.38503855
0.24600000 5.40604909
0.24640000 5.42890083
0.24680000 5.45369196
0.24720000 5.48049962
0.24760000 5.50937817
0.24800000 5.54035745
0.24840000 5.57344147
0.24880000 5.60860720
0.24920000 5.64580377
0.24960000 5.68495196
0.25000000 5.72594398
0.25040000 5.76864369
0.25080000 5.81288712
0.25120000 5.85848336
0.25160000 5.90521587
0.25200000 5.95284406
0.25240000 6.00110532
0.25280000 6.04971727
0.25320000 6.09838037
0.25360000 6.14678077
0.25400000 6.19459338
0.25440000 6.24148518
0.25480000 6.28711857
0.25520000 6.33115491
0.25560000 6.37325806
0.25600000 6.41309788
0.25640000 6.45035379
0.25680000 6.48471803
0.25720000 6.51589893
0.25760000 6.54362391
0.25800000 6.56764217
0.25840000 6.58772719
0.25880000 6.60367883
0.25920000 6.61532510
0.25960000 6.62252355
0.26000000 6.62516226
0.26040000 6.62316042
0.26080000 6.61646850
0.26120000 6.60506801
0.26160000 6.58897090
0.26200000 6.56821852
0.26240000 6.54288027
0.26280000 6.51305190
0.26320000 6.47885356
0.26360000 6.44042754
0.26400000 6.39793585
0.26440000 6.35155760
0.26480000 6.30148629
0.26520000 6.24792703
0.26560000 6.19109370
0.26600000 6.13120623
0.26640000 6.06848782
0.26680000 6.00316240
0.26720000 5.93545220
0.26760000 5.86557544
0.26800000 5.79374438
0.26840000 5.72016350
0.26880000 5.64502799
0.26920000 5.56852251
0.26960000 5.49082028
0.27000000 5.41208234
0.27040000 5.33245726
0.27080000 5.25208096
0.27120000 5.17107690
0.27160000 5.08955648
0.27200000 5.00761960
0.27240000 4.92535547
0.27280000 4.84284359
0.27320000 4.76015473
0.27360000 4.67735219
0.27400000 4.59449291
0.27440000 4.51162875
0.27480000 4.42880773
0.27520000 4.34607512
0.27560000 4.26347462
0.27600000 4.18104931
0.27640000 4.09884254
0.27680000 4.01689867
0.27720000 3.93526366
0.27760000 3.85398548
0.27800000 3.77311439
0.27840000 3.69270298
0.27880000 3.61280613
0.27920000 3.53348078
0.27960000 3.45478553
0.28000000 3.37678011
0.28040000 3.29952482
0.28080000 3.22307979
0.28120000 3.14750418
0.28160000 3.07285543
0.28200000 2.99918835
0.28240000 2.92655434
0.28280000 2.85500057
0.28320000 2.78456925
0.28360000 2.71529693
0.28400000 2.64721397
0.28440000 2.58034405
0.28480000 2.51470379
0.28520000 2.45030263
0.28560000 2.38714267
0.28600000 2.32521880
0.28640000 2.26451890
0.28680000 2.20502421
0.28720000 2.14670979
0.28760000 2.08954516
0.28800000 2.03349500
0.28840000 1.97851997
0.28880000 1.92457758
0.28920000 1.87162316
0.28960000 1.81961079
0.29000000 1.76849433
0.29040000 1.71822836
0.29080000 1.66876916
0.29120000 1.62007560
0.29160000 1.57210998
0.29200000 1.52483877
0.29240000 1.47823327
0.29280000 1.43227011
0.29320000 1.38693174
0.29360000 1.34220662
0.29400000 1.29808946
0.29440000 1.25458116
0.29480000 1.21168874
0.29520000 1.16942507
0.29560000 1.12780849
0.29600000 1.08686236
0.29640000 1.04661442
0.29680000 1.00709617
0.29720000 0.96834208
0.29760000 0.93038883
0.29800000 0.89327442
0.29840000 0.85703735
0.29880000 0.82171574
0.29920000 0.78734646
0.29960000 0.75396436
0.30000000 0.72160143
0.30040000 0.69028615
0.30080000 0.66004284
0.30120000 0.63089107
0.30160000 0.60284525
0.30200000 0.57591427
0.30240000 0.55010122
0.30280000 0.52540326
0.30320000 0.50181163
0.30360000 0.47931164
0.30400000 0.45788295
0.30440000 0.43749973
0.30480000 0.41813112
0.30520000 0.39974160
0.30560000 0.38229152
0.30600000 0.36573770
0.30640000 0.35003397
0.30680000 0.33513187
0.30720000 0.32098129
0.30760000 0.30753115
0.30800000 0.29473002
0.30840000 0.28252681
0.30880000 0.27087139
0.30920000 0.25971510
0.30960000 0.24901136
0.31000000 0.23871607
0.31040000 0.22878807
0.31080000 0.21918947
0.31120000 0.20988589
0.31160000 0.20084671
0.31200000 0.19204517
0.31240000 0.18345844
0.31280000 0.17506758
0.31320000 0.16685753
0.31360000 0.15881689
0.31400000 0.15093780
0.31440000 0.14321565
0.31480000 0.13564884
0.31520000 0.12823845
0.31560000 0.12098787
0.31600000 0.11390250
0.31640000 0.10698931
0.31680000 0.10025655
0.31720000 0.09371328
0.31760000 0.08736911
0.31800000 0.08123377
0.31840000 0.07531686
0.31880000 0.06962751
0.31920000 0.06417413
0.31960000 0.05896416
0.32000000 0.05400391
0.32040000 0.04929838
0.32080000 0.04485112
0.32120000 0.04066419
0.32160000 0.03673805
0.32200000 0.03307160
0.32240000 0.02966218
0.32280000 0.02650559
0.32320000 0.02359622
0.32360000 0.02092710
0.32400000 0.01849003
0.32440000 0.01627573
0.32480000 0.01427397
0.32520000 0.01247373
0.32560000 0.01086336
0.32600000 0.00943074
0.32640000 0.00816345
0.32680000 0.00704890
0.32720000 0.00607451
0.32760000 0.00522783
0.32800000 0.00449667
0.32840000 0.00386922
0.32880000 0.00333412
0.32920000 0.00288061
0.32960000 0.00249852
0.33000000 0.00217840
0.33040000 0.00191150
0.33080000 0.00168983
0.33120000 0.00150616
0.33160000 0.00135401
0.33200000 0.00122767
0.33240000 0.00112213
0.33280000 0.00103309
0.33320000 0.00095687
0.33360000 0.00089043
0.33400000 0.00083128
0.33440000 0.00077743
0.33480000 0.00072732
0.33520000 0.00067982
0.33560000 0.00063410
0.33600000 0.00058964
0.33640000 0.00054616
0.33680000 0.00050353
0.33720000 0.00046181
0.33760000 0.00042114
0.33800000 0.00038172
0.33840000 0.00034381
0.33880000 0.00030766
0.33920000 0.00027353
0.33960000 0.00024165
0.34000000 0.00021219
0.34040000 0.00018532
0.34080000 0.00016111
0.34120000 0.00013960
0.34160000 0.00012078
0.34200000 0.00010458
0.34240000 0.00009088
0.34280000 0.00007953
0.34320000 0.00007034
0.34360000 0.00006310
0.34400000 0.00005759
0.34440000 0.00005355
0.34480000 0.00005075
0.34520000 0.00004895
0.34560000 0.00004791
0.34600000 0.00004742
0.34640000 0.00004729
0.34680000 0.00004734
0.34720000 0.00004741
0.34760000 0.00004739
0.34800000 0.00004717
0.34840000 0.00004668
0.34880000 0.00004588
0.34920000 0.00004474
0.34960000 0.00004325
0.35000000 0.00004143
