0.15000000 0.00026570
0.15040000 0.00027664
0.15080000 0.00028819
0.15120000 0.00030064
0.15160000 0.00031434
0.15200000 0.00032970
0.15240000 0.00034715
0.15280000 0.00036717
0.15320000 0.00039026
0.15360000 0.00041695
0.15400000 0.00044779
0.15440000 0.00048333
0.15480000 0.00052413
0.15520000 0.00057073
0.15560000 0.00062365
0.15600000 0.00068339
0.15640000 0.00075041
0.15680000 0.00082510
0.15720000 0.00090784
0.15760000 0.00099890
0.15800000 0.00109854
0.15840000 0.00120692
0.15880000 0.00132414
0.15920000 0.00145025
0.15960000 0.00158524
0.16000000 0.00172906
0.16040000 0.00188162
0.16080000 0.00204280
0.16120000 0.00221249
0.16160000 0.00239060
0.16200000 0.00257706
0.16240000 0.00277187
0.16280000 0.00297513
0.16320000 0.00318703
0.16360000 0.00340789
0.16400000 0.00363822
0.16440000 0.00387870
0.16480000 0.00413020
0.16520000 0.00439385
0.16560000 0.00467099
0.16600000 0.00496324
0.16640000 0.00527245
0.16680000 0.00560077
0.16720000 0.00595059
0.16760000 0.00632455
0.16800000 0.00672551
0.16840000 0.00715657
0.16880000 0.00762100
0.16920000 0.00812222
0.16960000 0.00866376
0.17000000 0.00924922
0.17040000 0.00988222
0.17080000 0.01056635
0.17120000 0.01130512
0.17160000 0.01210192
0.17200000 0.01295994
0.17240000 0.01388215
0.17280000 0.01487125
0.17320000 0.01592963
0.17360000 0.01705934
0.17400000 0.01826207
0.17440000 0.01953914
0.17480000 0.02089152
0.17520000 0.02231980
0.17560000 0.02382424
0.17600000 0.02540483
0.17640000 0.02706129
0.17680000 0.02879320
0.17720000 0.03060001
0.17760000 0.03248117
0.17800000 0.03443624
0.17840000 0.03646496
0.17880000 0.03856737
0.17920000 0.04074396
0.17960000 0.04299574
0.18000000 0.04532440
0.18040000 0.04773240
0.18080000 0.05022308
0.18120000 0.05280076
0.18160000 0.05547080
0.18200000 0.05823971
0.18240000 0.06111516
0.18280000 0.06410602
0.18320000 0.06722239
0.18360000 0.07047555
0.18400000 0.07387793
0.18440000 0.07744309
0.18480000 0.08118555
0.18520000 0.08512078
0.18560000 0.08926501
0.18600000 0.09363510
0.18640000 0.09824842
0.18680000 0.10312264
0.18720000 0.10827556
0.18760000 0.11372497
0.18800000 0.11948847
0.18840000 0.12558329
0.18880000 0.13202616
0.18920000 0.13883316
0.18960000 0.14601964
0.19000000 0.15360014
0.19040000 0.16158830
0.19080000 0.16999688
0.19120000 0.17883778
0.19160000 0.18812205
0.19200000 0.19786003
0.19240000 0.20806143
0.19280000 0.21873551
0.19320000 0.22989124
0.19360000 0.24153751
0.19400000 0.25368334
0.19440000 0.26633813
0.19480000 0.27951185
0.19520000 0.29321529
0.19560000 0.30746027
0.19600000 0.32225978
0.19640000 0.33762815
0.19680000 0.35358115
0.19720000 0.37013601
0.19760000 0.38731141
0.19800000 0.40512740
0.19840000 0.42360524
0.19880000 0.44276713
0.19920000 0.46263591
0.19960000 0.48323466
0.20000000 0.50458624
0.20040000 0.52671269
0.20080000 0.54963466
0.20120000 0.57337074
0.20160000 0.59793670
0.20200000 0.62334483
0.20240000 0.64960312
0.20280000 0.67671455
0.20320000 0.70467638
0.20360000 0.73347946
0.20400000 0.76310767
0.20440000 0.79353738
0.20480000 0.82473708
0.20520000 0.85666713
0.20560000 0.88927963
0.20600000 0.92251855
0.20640000 0.95631989
0.20680000 0.99061221
0.20720000 1.02531726
0.20760000 1.06035079
0.20800000 1.09562365
0.20840000 1.13104307
0.20880000 1.16651401
0.20920000 1.20194086
0.20960000 1.23722914
0.21000000 1.27228742
0.21040000 1.30702924
0.21080000 1.34137513
0.21120000 1.37525468
0.21160000 1.40860853
0.21200000 1.44139026
0.21240000 1.47356825
0.21280000 1.50512731
0.21320000 1.53607011
0.21360000 1.56641835
0.21400000 1.59621365
0.21440000 1.62551808
0.21480000 1.65441435
0.21520000 1.68300555
0.21560000 1.71141452
0.21600000 1.73978273
0.21640000 1.76826878
0.21680000 1.79704641
0.21720000 1.82630210
0.21760000 1.85623224
0.21800000 1.88703998
0.21840000 1.91893163
0.21880000 1.95211290
0.21920000 1.98678475
0.21960000 2.02313922
0.22000000 2.06135505
0.22040000 2.10159327
0.22080000 2.14399288
0.22120000 2.18866665
0.22160000 2.23569709
0.22200000 2.28513277
0.22240000 2.33698494
0.22280000 2.39122469
0.22320000 2.44778051
0.22360000 2.50653659
0.22400000 2.56733157
0.22440000 2.62995816
0.22480000 2.69416333
0.22520000 2.75964936
0.22560000 2.82607555
0.22600000 2.89306074
0.22640000 2.96018652
0.22680000 3.02700121
0.22720000 3.09302443
0.22760000 3.15775230
0.22800000 3.22066317
0.22840000 3.28122386
0.22880000 3.33889613
0.22920000 3.39314361
0.22960000 3.44343867
0.23000000 3.48926956
0.23040000 3.53014733
0.23080000 3.56561265
0.23120000 3.59524234
0.23160000 3.61865547
0.23200000 3.63551900
0.23240000 3.64555284
0.23280000 3.64853413
0.23320000 3.64430088
0.23360000 3.63275476
0.23400000 3.61386293
0.23440000 3.58765910
0.23480000 3.55424353
0.23520000 3.51378222
0.23560000 3.46650509
0.23600000 3.41270331
0.23640000 3.35272575
0.23680000 3.28697470
0.23720000 3.21590079
0.23760000 3.13999731
0.23800000 3.05979400
0.23840000 2.97585035
0.23880000 2.88874864
0.23920000 2.79908663
0.23960000 2.70747030
0.24000000 2.61450648
0.24040000 2.52079566
0.24080000 2.42692500
0.24120000 2.33346176
0.24160000 2.24094706
0.24200000 2.14989026
0.24240000 2.06076389
0.24280000 1.97399926
0.24320000 1.88998284
0.24360000 1.80905331
0.24400000 1.73149949
0.24440000 1.65755901
0.24480000 1.58741779
0.24520000 1.52121028
0.24560000 1.45902046
0.24600000 1.40088355
0.24640000 1.34678830
0.24680000 1.29667995
0.24720000 1.25046363
0.24760000 1.20800822
0.24800000 1.16915053
0.24840000 1.13369981
0.24880000 1.10144230
0.24920000 1.07214599
0.24960000 1.04556535
0.25000000 1.02144589
0.25040000 0.99952867
0.25080000 0.97955453
0.25120000 0.96126803
0.25160000 0.94442106
0.25200000 0.92877603
0.25240000 0.91410870
0.25280000 0.90021047
0.25320000 0.88689030
0.25360000 0.87397612
0.25400000 0.86131577
0.25440000 0.84877752
0.25480000 0.83625015
0.25520000 0.82364267
0.25560000 0.81088359
0.25600000 0.79792001
0.25640000 0.78471631
0.25680000 0.77125271
0.25720000 0.75752356
0.25760000 0.74353562
0.25800000 0.72930619
0.25840000 0.71486119
0.25880000 0.70023332
0.25920000 0.68546027
0.25960000 0.67058293
0.26000000 0.65564389
0.26040000 0.64068592
0.26080000 0.62575074
0.26120000 0.61087794
0.26160000 0.59610404
0.26200000 0.58146188
0.26240000 0.56698007
0.26280000 0.55268272
0.26320000 0.53858929
0.26360000 0.52471468
0.26400000 0.51106939
0.26440000 0.49765983
0.26480000 0.48448878
0.26520000 0.47155585
0.26560000 0.45885806
0.26600000 0.44639043
0.26640000 0.43414659
0.26680000 0.42211934
0.26720000 0.41030126
0.26760000 0.39868516
0.26800000 0.38726460
0.26840000 0.37603421
0.26880000 0.36499004
0.26920000 0.35412974
0.26960000 0.34345273
0.27000000 0.33296018
0.27040000 0.32265503
0.27080000 0.31254185
0.27120000 0.30262666
0.27160000 0.29291667
0.27200000 0.28342002
0.27240000 0.27414545
0.27280000 0.26510192
0.27320000 0.25629833
0.27360000 0.24774308
0.27400000 0.23944382
0.27440000 0.23140708
0.27480000 0.22363802
0.27520000 0.21614020
0.27560000 0.20891541
0.27600000 0.20196352
0.27640000 0.19528245
0.27680000 0.18886811
0.27720000 0.18271450
0.27760000 0.17681377
0.27800000 0.17115640
0.27840000 0.16573137
0.27880000 0.16052644
0.27920000 0.15552833
0.27960000 0.15072310
0.28000000 0.14609636
0.28040000 0.14163365
0.28080000 0.13732067
0.28120000 0.13314361
0.28160000 0.12908937
0.28200000 0.12514585
0.28240000 0.12130210
0.28280000 0.11754851
0.28320000 0.11387694
0.28360000 0.11028081
0.28400000 0.10675508
0.28440000 0.10329634
0.28480000 0.09990267
0.28520000 0.09657362
0.28560000 0.09331005
0.28600000 0.09011401
0.28640000 0.08698854
0.28680000 0.08393747
0.28720000 0.08096525
0.28760000 0.07807668
0.28800000 0.07527673
0.28840000 0.07257033
0.28880000 0.06996214
0.28920000 0.06745640
0.28960000 0.06505673
0.29000000 0.06276604
0.29040000 0.06058635
0.29080000 0.05851877
0.29120000 0.05656342
0.29160000 0.05471940
0.29200000 0.05298482
0.29240000 0.05135681
0.29280000 0.04983162
0.29320000 0.04840467
0.29360000 0.04707070
0.29400000 0.04582385
0.29440000 0.04465783
0.29480000 0.04356607
0.29520000 0.04254185
0.29560000 0.04157846
0.29600000 0.04066936
0.29640000 0.03980830
0.29680000 0.03898945
0.29720000 0.03820754
0.29760000 0.03745791
0.29800000 0.03673663
0.29840000 0.03604052
0.29880000 0.03536720
0.29920000 0.03471511
0.29960000 0.03408350
0.30000000 0.03347239
0.30040000 0.03288251
0.30080000 0.03231526
0.30120000 0.03177264
0.30160000 0.03125711
0.30200000 0.03077151
0.30240000 0.03031898
0.30280000 0.02990279
0.30320000 0.02952629
0.30360000 0.02919271
0.30400000 0.02890513
0.30440000 0.02866636
0.30480000 0.02847879
0.30520000 0.02834438
0.30560000 0.02826456
0.30600000 0.02824013
0.30640000 0.02827129
0.30680000 0.02835757
0.30720000 0.02849780
0.30760000 0.02869014
0.30800000 0.02893208
0.30840000 0.02922046
0.30880000 0.02955152
0.30920000 0.02992095
0.30960000 0.03032393
0.31000000 0.03075519
0.31040000 0.03120912
0.31080000 0.03167980
0.31120000 0.03216112
0.31160000 0.03264682
0.31200000 0.03313058
0.31240000 0.03360612
0.31280000 0.03406724
0.31320000 0.03450790
0.31360000 0.03492229
0.31400000 0.03530491
0.31440000 0.03565058
0.31480000 0.03595449
0.31520000 0.03621228
0.31560000 0.03642003
0.31600000 0.03657431
0.31640000 0.03667219
0.31680000 0.03671123
0.31720000 0.03668954
0.31760000 0.03660570
0.31800000 0.03645885
0.31840000 0.03624860
0.31880000 0.03597506
0.31920000 0.03563881
0.31960000 0.03524087
0.32000000 0.03478270
0.32040000 0.03426616
0.32080000 0.03369348
0.32120000 0.03306724
0.32160000 0.03239033
0.32200000 0.03166595
0.32240000 0.03089752
0.32280000 0.03008871
0.32320000 0.02924337
0.32360000 0.02836552
0.32400000 0.02745930
0.32440000 0.02652893
0.32480000 0.02557871
0.32520000 0.02461298
0.32560000 0.02363604
0.32600000 0.02265220
0.32640000 0.02166567
0.32680000 0.02068059
0.32720000 0.01970097
0.32760000 0.01873066
0.32800000 0.01777334
0.32840000 0.01683249
0.32880000 0.01591135
0.32920000 0.01501294
0.32960000 0.01414000
0.33000000 0.01329499
0.33040000 0.01248007
0.33080000 0.01169711
0.33120000 0.01094767
0.33160000 0.01023299
0.33200000 0.00955399
0.33240000 0.00891130
0.33280000 0.00830523
0.33320000 0.00773578
0.33360000 0.00720271
0.33400000 0.00670548
0.33440000 0.00624330
0.33480000 0.00581517
0.33520000 0.00541988
0.33560000 0.00505602
0.33600000 0.00472205
0.33640000 0.00441629
0.33680000 0.00413695
0.33720000 0.00388218
0.33760000 0.00365008
0.33800000 0.00343871
0.33840000 0.00324615
0.33880000 0.00307052
0.33920000 0.00290996
0.33960000 0.00276271
0.34000000 0.00262706
0.34040000 0.00250145
0.34080000 0.00238439
0.34120000 0.00227454
0.34160000 0.00217071
0.34200000 0.00207180
0.34240000 0.00197689
0.34280000 0.00188520
0.34320000 0.00179605
0.34360000 0.00170894
0.34400000 0.00162346
0.34440000 0.00153933
0.34480000 0.00145639
0.34520000 0.00137455
0.34560000 0.00129383
0.34600000 0.00121431
0.34640000 0.00113613
0.34680000 0.00105947
0.34720000 0.00098456
0.34760000 0.00091165
0.34800000 0.00084098
0.34840000 0.00077283
0.34880000 0.00070743
0.34920000 0.00064501
0.34960000 0.00058579
0.35000000 0.00052994
