0.15000000 0.00027349
0.15040000 0.00029331
0.15080000 0.00031406
0.15120000 0.00033586
0.15160000 0.00035881
0.15200000 0.00038309
0.15240000 0.00040888
0.15280000 0.00043639
0.15320000 0.00046589
0.15360000 0.00049765
0.15400000 0.00053199
0.15440000 0.00056927
0.15480000 0.00060988
0.15520000 0.00065422
0.15560000 0.00070274
0.15600000 0.00075590
0.15640000 0.00081419
0.15680000 0.00087812
0.15720000 0.00094821
0.15760000 0.00102498
0.15800000 0.00110896
0.15840000 0.00120069
0.15880000 0.00130071
0.15920000 0.00140952
0.15960000 0.00152765
0.16000000 0.00165559
0.16040000 0.00179384
0.16080000 0.00194288
0.16120000 0.00210316
0.16160000 0.00227514
0.16200000 0.00245926
0.16240000 0.00265597
0.16280000 0.00286572
0.16320000 0.00308897
0.16360000 0.00332620
0.16400000 0.00357793
0.16440000 0.00384471
0.16480000 0.00412715
0.16520000 0.00442594
0.16560000 0.00474183
0.16600000 0.00507569
0.16640000 0.00542848
0.16680000 0.00580128
0.16720000 0.00619533
0.16760000 0.00661198
0.16800000 0.00705275
0.16840000 0.00751933
0.16880000 0.00801356
0.16920000 0.00853747
0.16960000 0.00909324
0.17000000 0.00968325
0.17040000 0.01031000
0.17080000 0.01097620
0.17120000 0.01168468
0.17160000 0.01243839
0.17200000 0.01324043
0.17240000 0.01409399
0.17280000 0.01500234
0.17320000 0.01596884
0.17360000 0.01699687
0.17400000 0.01808984
0.17440000 0.01925117
0.17480000 0.02048428
0.17520000 0.02179256
0.17560000 0.02317934
0.17600000 0.02464793
0.17640000 0.02620156
0.17680000 0.02784342
0.17720000 0.02957665
0.17760000 0.03140436
0.17800000 0.03332961
0.17840000 0.03535547
0.17880000 0.03748505
0.17920000 0.03972152
0.17960000 0.04206812
0.18000000 0.04452829
0.18040000 0.04710561
0.18080000 0.04980395
0.18120000 0.05262748
0.18160000 0.05558072
0.18200000 0.05866863
0.18240000 0.06189664
0.18280000 0.06527074
0.18320000 0.06879748
0.18360000 0.07248410
0.18400000 0.07633847
0.18440000 0.08036923
0.18480000 0.08458574
0.18520000 0.08899814
0.18560000 0.09361735
0.18600000 0.09845505
0.18640000 0.10352369
0.18680000 0.10883647
0.18720000 0.11440727
0.18760000 0.12025063
0.18800000 0.12638170
0.18840000 0.13281616
0.18880000 0.13957013
0.18920000 0.14666014
0.18960000 0.15410298
0.19000000 0.16191568
0.19040000 0.17011537
0.19080000 0.17871920
0.19120000 0.18774429
0.19160000 0.19720758
0.19200000 0.20712584
0.19240000 0.21751554
0.19280000 0.22839282
0.19320000 0.23977346
0.19360000 0.25167280
0.19400000 0.26410578
0.19440000 0.27708692
0.19480000 0.29063031
0.19520000 0.30474963
0.19560000 0.31945823
0.19600000 0.33476911
0.19640000 0.35069505
0.19680000 0.36724858
0.19720000 0.38444211
0.19760000 0.40228800
0.19800000 0.42079855
0.19840000 0.43998614
0.19880000 0.45986323
0.19920000 0.48044241
0.19960000 0.50173641
0.20000000 0.52375813
0.20040000 0.54652060
0.20080000 0.57003692
0.20120000 0.59432026
0.20160000 0.61938372
0.20200000 0.64524022
0.20240000 0.67190239
0.20280000 0.69938238
0.20320000 0.72769171
0.20360000 0.75684105
0.20400000 0.78684001
0.20440000 0.81769692
0.20480000 0.84941861
0.20520000 0.88201018
0.20560000 0.91547479
0.20600000 0.94981345
0.20640000 0.98502485
0.20680000 1.02110520
0.20720000 1.05804808
0.20760000 1.09584444
0.20800000 1.13448248
0.20840000 1.17394772
0.20880000 1.21422305
0.20920000 1.25528886
0.20960000 1.29712323
0.21000000 1.33970219
0.21040000 1.38299998
0.21080000 1.42698945
0.21120000 1.47164245
0.21160000 1.51693025
0.21200000 1.56282409
0.21240000 1.60929562
0.21280000 1.65631745
0.21320000 1.70386372
0.21360000 1.75191055
0.21400000 1.80043659
0.21440000 1.84942344
0.21480000 1.89885609
0.21520000 1.94872325
0.21560000 1.99901761
0.21600000 2.04973599
0.21640000 2.10087944
0.21680000 2.15245317
0.21720000 2.20446637
0.21760000 2.25693189
0.21800000 2.30986585
0.21840000 2.36328701
0.21880000 2.41721607
0.21920000 2.47167485
0.21960000 2.52668530
0.22000000 2.58226842
0.22040000 2.63844311
0.22080000 2.69522487
0.22120000 2.75262450
0.22160000 2.81064670
0.22200000 2.86928873
0.22240000 2.92853897
0.22280000 2.98837562
0.22320000 3.04876538
0.22360000 3.10966225
0.22400000 3.17100649
0.22440000 3.23272362
0.22480000 3.29472371
0.22520000 3.35690075
0.22560000 3.41913238
0.22600000 3.48127969
0.22640000 3.54318741
0.22680000 3.60468428
0.22720000 3.66558374
0.22760000 3.72568490
0.22800000 3.78477371
0.22840000 3.84262452
0.22880000 3.89900178
0.22920000 3.95366207
0.22960000 4.00635629
0.23000000 4.05683212
0.23040000 4.10483655
0.23080000 4.15011863
0.23120000 4.19243230
0.23160000 4.23153926
0.23200000 4.26721185
0.23240000 4.29923596
0.23280000 4.32741382
0.23320000 4.35156673
0.23360000 4.37153758
0.23400000 4.38719323
0.23440000 4.39842666
0.23480000 4.40515878
0.23520000 4.40734002
0.23560000 4.40495160
0.23600000 4.39800634
0.23640000 4.38654924
0.23680000 4.37065758
0.23720000 4.35044063
0.23760000 4.32603907
0.23800000 4.29762388
0.23840000 4.26539493
0.23880000 4.22957925
0.23920000 4.19042883
0.23960000 4.14821825
0.24000000 4.10324192
0.24040000 4.05581114
0.24080000 4.00625092
0.24120000 3.95489664
0.24160000 3.90209061
0.24200000 3.84817852
0.24240000 3.79350590
0.24280000 3.73841461
0.24320000 3.68323933
0.24360000 3.62830423
0.24400000 3.57391980
0.24440000 3.52037980
0.24480000 3.46795857
0.24520000 3.41690848
0.24560000 3.36745776
0.24600000 3.31980864
0.24640000 3.27413578
0.24680000 3.23058516
0.24720000 3.18927321
0.24760000 3.15028641
0.24800000 3.11368122
0.24840000 3.07948436
0.24880000 3.04769345
0.24920000 3.01827802
0.24960000 2.99118075
0.25000000 2.96631908
0.25040000 2.94358707
0.25080000 2.92285744
0.25120000 2.90398386
0.25160000 2.88680338
0.25200000 2.87113901
0.25240000 2.85680235
0.25280000 2.84359634
0.25320000 2.83131794
0.25360000 2.81976089
0.25400000 2.80871836
0.25440000 2.79798549
0.25480000 2.78736191
0.25520000 2.77665402
0.25560000 2.76567716
0.25600000 2.75425758
0.25640000 2.74223419
0.25680000 2.72946007
0.25720000 2.71580385
0.25760000 2.70115066
0.25800000 2.68540302
0.25840000 2.66848135
0.25880000 2.65032431
0.25920000 2.63088883
0.25960000 2.61014998
0.26000000 2.58810052
0.26040000 2.56475035
0.26080000 2.54012565
0.26120000 2.51426792
0.26160000 2.48723281
0.26200000 2.45908885
0.26240000 2.42991605
0.26280000 2.39980434
0.26320000 2.36885207
0.26360000 2.33716432
0.26400000 2.30485126
0.26440000 2.27202652
0.26480000 2.23880550
0.26520000 2.20530382
0.26560000 2.17163575
0.26600000 2.13791275
0.26640000 2.10424215
0.26680000 2.07072583
0.26720000 2.03745918
0.26760000 2.00453006
0.26800000 1.97201797
0.26840000 1.93999344
0.26880000 1.90851743
0.26920000 1.87764102
0.26960000 1.84740525
0.27000000 1.81784106
0.27040000 1.78896944
0.27080000 1.76080171
0.27120000 1.73334000
0.27160000 1.70657773
0.27200000 1.68050036
0.27240000 1.65508618
0.27280000 1.63030715
0.27320000 1.60612987
0.27360000 1.58251660
0.27400000 1.55942630
0.27440000 1.53681568
0.27480000 1.51464028
0.27520000 1.49285548
0.27560000 1.47141756
0.27600000 1.45028458
0.27640000 1.42941731
0.27680000 1.40878001
0.27720000 1.38834111
0.27760000 1.36807379
0.27800000 1.34795649
0.27840000 1.32797317
0.27880000 1.30811360
0.27920000 1.28837337
0.27960000 1.26875386
0.28000000 1.24926208
0.28040000 1.22991029
0.28080000 1.21071564
0.28120000 1.19169957
0.28160000 1.17288726
0.28200000 1.15430682
0.28240000 1.13598859
0.28280000 1.11796426
0.28320000 1.10026603
0.28360000 1.08292571
0.28400000 1.06597385
0.28440000 1.04943888
0.28480000 1.03334627
0.28520000 1.01771779
0.28560000 1.00257077
0.28600000 0.98791753
0.28640000 0.97376483
0.28680000 0.96011344
0.28720000 0.94695790
0.28760000 0.93428629
0.28800000 0.92208020
0.28840000 0.91031482
0.28880000 0.89895913
0.28920000 0.88797621
0.28960000 0.87732374
0.29000000 0.86695450
0.29040000 0.85681705
0.29080000 0.84685646
0.29120000 0.83701513
0.29160000 0.82723366
0.29200000 0.81745177
0.29240000 0.80760923
0.29280000 0.79764681
0.29320000 0.78750723
0.29360000 0.77713606
0.29400000 0.76648262
0.29440000 0.75550074
0.29480000 0.74414956
0.29520000 0.73239414
0.29560000 0.72020602
0.29600000 0.70756373
0.29640000 0.69445305
0.29680000 0.68086727
0.29720000 0.66680730
0.29760000 0.65228162
0.29800000 0.63730615
0.29840000 0.62190399
0.29880000 0.60610504
0.29920000 0.58994554
0.29960000 0.57346747
0.30000000 0.55671792
0.30040000 0.53974840
0.30080000 0.52261398
0.30120000 0.50537254
0.30160000 0.48808388
0.30200000 0.47080886
0.30240000 0.45360858
0.30280000 0.43654344
0.30320000 0.41967242
0.30360000 0.40305224
0.30400000 0.38673667
0.30440000 0.37077586
0.30480000 0.35521575
0.30520000 0.34009760
0.30560000 0.32545755
0.30600000 0.31132630
0.30640000 0.29772889
0.30680000 0.28468459
0.30720000 0.27220682
0.30760000 0.26030324
0.30800000 0.24897587
0.30840000 0.23822134
0.30880000 0.22803114
0.30920000 0.21839206
0.30960000 0.20928653
0.31000000 0.20069315
0.31040000 0.19258720
0.31080000 0.18494114
0.31120000 0.17772520
0.31160000 0.17090796
0.31200000 0.16445685
0.31240000 0.15833878
0.31280000 0.15252062
0.31320000 0.14696970
0.31360000 0.14165432
0.31400000 0.13654412
0.31440000 0.13161051
0.31480000 0.12682695
0.31520000 0.12216924
0.31560000 0.11761574
0.31600000 0.11314750
0.31640000 0.10874842
0.31680000 0.10440523
0.31720000 0.10010750
0.31760000 0.09584764
0.31800000 0.09162069
0.31840000 0.08742429
0.31880000 0.08325842
0.31920000 0.07912523
0.31960000 0.07502878
0.32000000 0.07097481
0.32040000 0.06697043
0.32080000 0.06302391
0.32120000 0.05914433
0.32160000 0.05534136
0.32200000 0.05162495
0.32240000 0.04800511
0.32280000 0.04449164
0.32320000 0.04109396
0.32360000 0.03782084
0.32400000 0.03468030
0.32440000 0.03167942
0.32480000 0.02882423
0.32520000 0.02611964
0.32560000 0.02356934
0.32600000 0.02117580
0.32640000 0.01894023
0.32680000 0.01686262
0.32720000 0.01494173
0.32760000 0.01317522
0.32800000 0.01155962
0.32840000 0.01009052
0.32880000 0.00876259
0.32920000 0.00756974
0.32960000 0.00650521
0.33000000 0.00556169
0.33040000 0.00473144
0.33080000 0.00400645
0.33120000 0.00337848
0.33160000 0.00283924
0.33200000 0.00238046
0.33240000 0.00199401
0.33280000 0.00167198
0.33320000 0.00140673
0.33360000 0.00119101
0.33400000 0.00101797
0.33440000 0.00088122
0.33480000 0.00077490
0.33520000 0.00069362
0.33560000 0.00063256
0.33600000 0.00058742
0.33640000 0.00055443
0.33680000 0.00053034
0.33720000 0.00051237
0.33760000 0.00049826
0.33800000 0.00048612
0.33840000 0.00047451
0.33880000 0.00046234
0.33920000 0.00044882
0.33960000 0.00043347
0.34000000 0.00041604
0.34040000 0.00039648
0.34080000 0.00037490
0.34120000 0.00035154
0.34160000 0.00032675
0.34200000 0.00030092
0.34240000 0.00027448
0.34280000 0.00024788
0.34320000 0.00022157
0.34360000 0.00019594
0.34400000 0.00017138
0.34440000 0.00014823
0.34480000 0.00012673
0.34520000 0.00010712
0.34560000 0.00008954
0.34600000 0.00007409
0.34640000 0.00006079
0.34680000 0.00004964
0.34720000 0.00004055
0.34760000 0.00003342
0.34800000 0.00002811
0.34840000 0.00002444
0.34880000 0.00002223
0.34920000 0.00002126
0.34960000 0.00002133
0.35000000 0.00002222
