0.15000000 0.00028237
0.15040000 0.00029594
0.15080000 0.00030983
0.15120000 0.00032426
0.15160000 0.00033949
0.15200000 0.00035586
0.15240000 0.00037373
0.15280000 0.00039351
0.15320000 0.00041568
0.15360000 0.00044073
0.15400000 0.00046920
0.15440000 0.00050166
0.15480000 0.00053868
0.15520000 0.00058086
0.15560000 0.00062881
0.15600000 0.00068311
0.15640000 0.00074435
0.15680000 0.00081307
0.15720000 0.00088980
0.15760000 0.00097500
0.15800000 0.00106910
0.15840000 0.00117248
0.15880000 0.00128544
0.15920000 0.00140824
0.15960000 0.00154106
0.16000000 0.00168403
0.16040000 0.00183724
0.16080000 0.00200071
0.16120000 0.00217445
0.16160000 0.00235842
0.16200000 0.00255261
0.16240000 0.00275701
0.16280000 0.00297162
0.16320000 0.00319654
0.16360000 0.00343191
0.16400000 0.00367801
0.16440000 0.00393523
0.16480000 0.00420411
0.16520000 0.00448538
0.16560000 0.00477996
0.16600000 0.00508899
0.16640000 0.00541385
0.16680000 0.00575617
0.16720000 0.00611780
0.16760000 0.00650089
0.16800000 0.00690781
0.16840000 0.00734121
0.16880000 0.00780393
0.16920000 0.00829906
0.16960000 0.00882986
0.17000000 0.00939974
0.17040000 0.01001224
0.17080000 0.01067099
0.17120000 0.01137963
0.17160000 0.01214182
0.17200000 0.01296114
0.17240000 0.01384110
0.17280000 0.01478502
0.17320000 0.01579605
0.17360000 0.01687711
0.17400000 0.01803086
0.17440000 0.01925964
0.17480000 0.02056550
0.17520000 0.02195017
0.17560000 0.02341504
0.17600000 0.02496123
0.17640000 0.02658955
0.17680000 0.02830056
0.17720000 0.03009465
0.17760000 0.03197205
0.17800000 0.03393295
0.17840000 0.03597754
0.17880000 0.03810614
0.17920000 0.04031928
0.17960000 0.04261783
0.18000000 0.04500305
0.18040000 0.04747678
0.18080000 0.05004151
0.18120000 0.05270047
0.18160000 0.05545776
0.18200000 0.05831844
0.18240000 0.06128859
0.18280000 0.06437538
0.18320000 0.06758712
0.18360000 0.07093329
0.18400000 0.07442456
0.18440000 0.07807276
0.18480000 0.08189084
0.18520000 0.08589286
0.18560000 0.09009386
0.18600000 0.09450978
0.18640000 0.09915738
0.18680000 0.10405406
0.18720000 0.10921775
0.18760000 0.11466673
0.18800000 0.12041949
0.18840000 0.12649459
0.18880000 0.13291042
0.18920000 0.13968515
0.18960000 0.14683651
0.19000000 0.15438169
0.19040000 0.16233723
0.19080000 0.17071893
0.19120000 0.17954182
0.19160000 0.18882005
0.19200000 0.19856699
0.19240000 0.20879517
0.19280000 0.21951640
0.19320000 0.23074182
0.19360000 0.24248204
0.19400000 0.25474727
0.19440000 0.26754747
0.19480000 0.28089255
0.19520000 0.29479254
0.19560000 0.30925777
0.19600000 0.32429906
0.19640000 0.33992790
0.19680000 0.35615658
0.19720000 0.37299830
0.19760000 0.39046729
0.19800000 0.40857882
0.19840000 0.42734920
0.19880000 0.44679571
0.19920000 0.46693646
0.19960000 0.48779023
0.20000000 0.50937619
0.20040000 0.53171360
0.20080000 0.55482141
0.20120000 0.57871783
0.20160000 0.60341985
0.20200000 0.62894271
0.20240000 0.65529932
0.20280000 0.68249969
0.20320000 0.71055036
0.20360000 0.73945378
0.20400000 0.76920779
0.20440000 0.79980512
0.20480000 0.83123289
0.20520000 0.86347231
0.20560000 0.89649836
0.20600000 0.93027961
0.20640000 0.96477825
0.20680000 0.99995013
0.20720000 1.03574503
0.20760000 1.07210706
0.20800000 1.10897526
0.20840000 1.14628428
0.20880000 1.18396528
0.20920000 1.22194698
0.20960000 1.26015684
0.21000000 1.29852232
0.21040000 1.33697234
0.21080000 1.37543871
0.21120000 1.41385772
0.21160000 1.45217166
0.21200000 1.49033041
0.21240000 1.52829294
0.21280000 1.56602871
0.21320000 1.60351903
0.21360000 1.64075821
0.21400000 1.67775448
0.21440000 1.71453080
0.21480000 1.75112527
0.21520000 1.78759139
0.21560000 1.82399790
0.21600000 1.86042837
0.21640000 1.89698036
0.21680000 1.93376432
0.21720000 1.97090208
0.21760000 2.00852500
0.21800000 2.04677182
0.21840000 2.08578617
0.21880000 2.12571377
0.21920000 2.16669951
0.21960000 2.20888414
0.22000000 2.25240100
0.22040000 2.29737249
0.22080000 2.34390664
0.22120000 2.39209358
0.22160000 2.44200222
0.22200000 2.49367697
0.22240000 2.54713480
0.22280000 2.60236250
0.22320000 2.65931434
0.22360000 2.71791013
0.22400000 2.77803374
0.22440000 2.83953217
0.22480000 2.90221508
0.22520000 2.96585505
0.22560000 3.03018830
0.22600000 3.09491611
0.22640000 3.15970687
0.22680000 3.22419862
0.22720000 3.28800234
0.22760000 3.35070564
0.22800000 3.41187708
0.22840000 3.47107083
0.22880000 3.52783181
0.22920000 3.58170107
0.22960000 3.63222149
0.23000000 3.67894355
0.23040000 3.72143124
0.23080000 3.75926783
0.23120000 3.79206166
0.23160000 3.81945161
0.23200000 3.84111225
0.23240000 3.85675871
0.23280000 3.86615091
0.23320000 3.86909741
0.23360000 3.86545846
0.23400000 3.85514858
0.23440000 3.83813823
0.23480000 3.81445485
0.23520000 3.78418307
0.23560000 3.74746419
0.23600000 3.70449485
0.23640000 3.65552489
0.23680000 3.60085465
0.23720000 3.54083139
0.23760000 3.47584522
0.23800000 3.40632442
0.23840000 3.33273028
0.23880000 3.25555151
0.23920000 3.17529840
0.23960000 3.09249668
0.24000000 3.00768128
0.24040000 2.92139010
0.24080000 2.83415778
0.24120000 2.74650966
0.24160000 2.65895601
0.24200000 2.57198655
0.24240000 2.48606540
0.24280000 2.40162654
0.24320000 2.31906976
0.24360000 2.23875720
0.24400000 2.16101056
0.24440000 2.08610893
0.24480000 2.01428728
0.24520000 1.94573563
0.24560000 1.88059890
0.24600000 1.81897735
0.24640000 1.76092767
0.24680000 1.70646466
0.24720000 1.65556338
0.24760000 1.60816179
0.24800000 1.56416380
0.24840000 1.52344270
0.24880000 1.48584475
0.24920000 1.45119310
0.24960000 1.41929172
0.25000000 1.38992948
0.25040000 1.36288416
0.25080000 1.33792638
0.25120000 1.31482342
0.25160000 1.29334281
0.25200000 1.27325571
0.25240000 1.25433996
0.25280000 1.23638286
0.25320000 1.21918353
0.25360000 1.20255496
0.25400000 1.18632567
0.25440000 1.17034094
0.25480000 1.15446375
0.25520000 1.13857525
0.25560000 1.12257496
0.25600000 1.10638060
0.25640000 1.08992762
0.25680000 1.07316848
0.25720000 1.05607170
0.25760000 1.03862067
0.25800000 1.02081237
0.25840000 1.00265590
0.25880000 0.98417097
0.25920000 0.96538635
0.25960000 0.94633825
0.26000000 0.92706883
0.26040000 0.90762465
0.26080000 0.88805524
0.26120000 0.86841181
0.26160000 0.84874600
0.26200000 0.82910881
0.26240000 0.80954966
0.26280000 0.79011558
0.26320000 0.77085056
0.26360000 0.75179507
0.26400000 0.73298564
0.26440000 0.71445466
0.26480000 0.69623025
0.26520000 0.67833628
0.26560000 0.66079240
0.26600000 0.64361429
0.26640000 0.62681384
0.26680000 0.61039947
0.26720000 0.59437644
0.26760000 0.57874723
0.26800000 0.56351186
0.26840000 0.54866829
0.26880000 0.53421275
0.26920000 0.52014007
0.26960000 0.50644396
0.27000000 0.49311734
0.27040000 0.48015251
0.27080000 0.46754139
0.27120000 0.45527564
0.27160000 0.44334685
0.27200000 0.43174656
0.27240000 0.42046634
0.27280000 0.40949785
0.27320000 0.39883281
0.27360000 0.38846304
0.27400000 0.37838039
0.27440000 0.36857673
0.27480000 0.35904395
0.27520000 0.34977388
0.27560000 0.34075831
0.27600000 0.33198895
0.27640000 0.32345741
0.27680000 0.31515527
0.27720000 0.30707399
0.27760000 0.29920505
0.27800000 0.29153992
0.27840000 0.28407014
0.27880000 0.27678736
0.27920000 0.26968343
0.27960000 0.26275048
0.28000000 0.25598095
0.28040000 0.24936769
0.28080000 0.24290404
0.28120000 0.23658383
0.28160000 0.23040154
0.28200000 0.22435222
0.28240000 0.21843160
0.28280000 0.21263610
0.28320000 0.20696280
0.28360000 0.20140944
0.28400000 0.19597443
0.28440000 0.19065677
0.28480000 0.18545604
0.28520000 0.18037230
0.28560000 0.17540610
0.28600000 0.17055833
0.28640000 0.16583021
0.28680000 0.16122318
0.28720000 0.15673885
0.28760000 0.15237894
0.28800000 0.14814520
0.28840000 0.14403935
0.28880000 0.14006306
0.28920000 0.13621790
0.28960000 0.13250530
0.29000000 0.12892656
0.29040000 0.12548279
0.29080000 0.12217499
0.29120000 0.11900398
0.29160000 0.11597044
0.29200000 0.11307495
0.29240000 0.11031800
0.29280000 0.10769997
0.29320000 0.10522123
0.29360000 0.10288210
0.29400000 0.10068286
0.29440000 0.09862380
0.29480000 0.09670521
0.29520000 0.09492731
0.29560000 0.09329033
0.29600000 0.09179440
0.29640000 0.09043955
0.29680000 0.08922566
0.29720000 0.08815239
0.29760000 0.08721912
0.29800000 0.08642489
0.29840000 0.08576830
0.29880000 0.08524747
0.29920000 0.08485993
0.29960000 0.08460255
0.30000000 0.08447149
0.30040000 0.08446211
0.30080000 0.08456895
0.30120000 0.08478566
0.30160000 0.08510498
0.30200000 0.08551875
0.30240000 0.08601787
0.30280000 0.08659240
0.30320000 0.08723152
0.30360000 0.08792365
0.30400000 0.08865649
0.30440000 0.08941717
0.30480000 0.09019229
0.30520000 0.09096812
0.30560000 0.09173069
0.30600000 0.09246598
0.30640000 0.09316004
0.30680000 0.09379918
0.30720000 0.09437012
0.30760000 0.09486017
0.30800000 0.09525735
0.30840000 0.09555060
0.30880000 0.09572985
0.30920000 0.09578619
0.30960000 0.09571198
0.31000000 0.09550092
0.31040000 0.09514814
0.31080000 0.09465023
0.31120000 0.09400529
0.31160000 0.09321293
0.31200000 0.09227425
0.31240000 0.09119181
0.31280000 0.08996955
0.31320000 0.08861275
0.31360000 0.08712790
0.31400000 0.08552258
0.31440000 0.08380538
0.31480000 0.08198571
0.31520000 0.08007370
0.31560000 0.07808000
0.31600000 0.07601567
0.31640000 0.07389198
0.31680000 0.07172031
0.31720000 0.06951194
0.31760000 0.06727796
0.31800000 0.06502913
0.31840000 0.06277573
0.31880000 0.06052749
0.31920000 0.05829348
0.31960000 0.05608205
0.32000000 0.05390074
0.32040000 0.05175627
0.32080000 0.04965449
0.32120000 0.04760038
0.32160000 0.04559806
0.32200000 0.04365080
0.32240000 0.04176103
0.32280000 0.03993043
0.32320000 0.03815995
0.32360000 0.03644987
0.32400000 0.03479989
0.32440000 0.03320918
0.32480000 0.03167650
0.32520000 0.03020020
0.32560000 0.02877837
0.32600000 0.02740890
0.32640000 0.02608951
0.32680000 0.02481788
0.32720000 0.02359167
0.32760000 0.02240859
0.32800000 0.02126644
0.32840000 0.02016316
0.32880000 0.01909687
0.32920000 0.01806588
0.32960000 0.01706871
0.33000000 0.01610410
0.33040000 0.01517103
0.33080000 0.01426869
0.33120000 0.01339646
0.33160000 0.01255394
0.33200000 0.01174089
0.33240000 0.01095722
0.33280000 0.01020298
0.33320000 0.00947828
0.33360000 0.00878332
0.33400000 0.00811834
0.33440000 0.00748357
0.33480000 0.00687923
0.33520000 0.00630549
0.33560000 0.00576246
0.33600000 0.00525016
0.33640000 0.00476852
0.33680000 0.00431733
0.33720000 0.00389626
0.33760000 0.00350487
0.33800000 0.00314257
0.33840000 0.00280864
0.33880000 0.00250224
0.33920000 0.00222238
0.33960000 0.00196801
0.34000000 0.00173795
0.34040000 0.00153092
0.34080000 0.00134561
0.34120000 0.00118062
0.34160000 0.00103455
0.34200000 0.00090593
0.34240000 0.00079333
0.34280000 0.00069532
0.34320000 0.00061047
0.34360000 0.00053742
0.34400000 0.00047486
0.34440000 0.00042153
0.34480000 0.00037624
0.34520000 0.00033789
0.34560000 0.00030546
0.34600000 0.00027803
0.34640000 0.00025475
0.34680000 0.00023488
0.34720000 0.00021776
0.34760000 0.00020282
0.34800000 0.00018957
0.34840000 0.00017762
0.34880000 0.00016663
0.34920000 0.00015634
0.34960000 0.00014654
0.35000000 0.00013710
