0.15000000 0.00025092
0.15040000 0.00027153
0.15080000 0.00029383
0.15120000 0.00031798
0.15160000 0.00034414
0.15200000 0.00037249
0.15240000 0.00040321
0.15280000 0.00043648
0.15320000 0.00047251
0.15360000 0.00051149
0.15400000 0.00055363
0.15440000 0.00059914
0.15480000 0.00064823
0.15520000 0.00070112
0.15560000 0.00075805
0.15600000 0.00081923
0.15640000 0.00088493
0.15680000 0.00095540
0.15720000 0.00103092
0.15760000 0.00111179
0.15800000 0.00119834
0.15840000 0.00129090
0.15880000 0.00138989
0.15920000 0.00149570
0.15960000 0.00160882
0.16000000 0.00172975
0.16040000 0.00185905
0.16080000 0.00199734
0.16120000 0.00214526
0.16160000 0.00230353
0.16200000 0.00247292
0.16240000 0.00265423
0.16280000 0.00284834
0.16320000 0.00305615
0.16360000 0.00327861
0.16400000 0.00351672
0.16440000 0.00377152
0.16480000 0.00404406
0.16520000 0.00433547
0.16560000 0.00464686
0.16600000 0.00497941
0.16640000 0.00533433
0.16680000 0.00571287
0.16720000 0.00611630
0.16760000 0.00654598
0.16800000 0.00700330
0.16840000 0.00748974
0.16880000 0.00800684
0.16920000 0.00855625
0.16960000 0.00913972
0.17000000 0.00975913
0.17040000 0.01041649
0.17080000 0.01111395
0.17120000 0.01185382
0.17160000 0.01263859
0.17200000 0.01347091
0.17240000 0.01435362
0.17280000 0.01528973
0.17320000 0.01628246
0.17360000 0.01733518
0.17400000 0.01845146
0.17440000 0.01963502
0.17480000 0.02088974
0.17520000 0.02221965
0.17560000 0.02362892
0.17600000 0.02512185
0.17640000 0.02670283
0.17680000 0.02837639
0.17720000 0.03014714
0.17760000 0.03201981
0.17800000 0.03399921
0.17840000 0.03609029
0.17880000 0.03829811
0.17920000 0.04062785
0.17960000 0.04308489
0.18000000 0.04567477
0.18040000 0.04840322
0.18080000 0.05127627
0.18120000 0.05430015
0.18160000 0.05748146
0.18200000 0.06082708
0.18240000 0.06434427
0.18280000 0.06804065
0.18320000 0.07192425
0.18360000 0.07600350
0.18400000 0.08028720
0.18440000 0.08478457
0.18480000 0.08950520
0.18520000 0.09445903
0.18560000 0.09965633
0.18600000 0.10510764
0.18640000 0.11082375
0.18680000 0.11681565
0.18720000 0.12309448
0.18760000 0.12967149
0.18800000 0.13655799
0.18840000 0.14376532
0.18880000 0.15130483
0.18920000 0.15918786
0.18960000 0.16742570
0.19000000 0.17602966
0.19040000 0.18501103
0.19080000 0.19438113
0.19120000 0.20415135
0.19160000 0.21433323
0.19200000 0.22493845
0.19240000 0.23597896
0.19280000 0.24746702
0.19320000 0.25941526
0.19360000 0.27183674
0.19400000 0.28474503
0.19440000 0.29815421
0.19480000 0.31207892
0.19520000 0.32653438
0.19560000 0.34153636
0.19600000 0.35710114
0.19640000 0.37324551
0.19680000 0.38998666
0.19720000 0.40734211
0.19760000 0.42532963
0.19800000 0.44396711
0.19840000 0.46327244
0.19880000 0.48326344
0.19920000 0.50395770
0.19960000 0.52537251
0.20000000 0.54752475
0.20040000 0.57043087
0.20080000 0.59410676
0.20120000 0.61856780
0.20160000 0.64382883
0.20200000 0.66990421
0.20240000 0.69680783
0.20280000 0.72455320
0.20320000 0.75315358
0.20360000 0.78262204
0.20400000 0.81297161
0.20440000 0.84421536
0.20480000 0.87636649
0.20520000 0.90943849
0.20560000 0.94344508
0.20600000 0.97840035
0.20640000 1.01431865
0.20680000 1.05121458
0.20720000 1.08910289
0.20760000 1.12799830
0.20800000 1.16791529
0.20840000 1.20886790
0.20880000 1.25086939
0.20920000 1.29393196
0.20960000 1.33806639
0.21000000 1.38328169
0.21040000 1.42958478
0.21080000 1.47698011
0.21120000 1.52546934
0.21160000 1.57505110
0.21200000 1.62572072
0.21240000 1.67747005
0.21280000 1.73028737
0.21320000 1.78415727
0.21360000 1.83906074
0.21400000 1.89497515
0.21440000 1.95187445
0.21480000 2.00972933
0.21520000 2.06850743
0.21560000 2.12817359
0.21600000 2.18869015
0.21640000 2.25001720
0.21680000 2.31211281
0.21720000 2.37493334
0.21760000 2.43843355
0.21800000 2.50256682
0.21840000 2.56728521
0.21880000 2.63253953
0.21920000 2.69827932
0.21960000 2.76445279
0.22000000 2.83100669
0.22040000 2.89788624
0.22080000 2.96503492
0.22120000 3.03239436
0.22160000 3.09990422
0.22200000 3.16750209
0.22240000 3.23512352
0.22280000 3.30270203
0.22320000 3.37016932
0.22360000 3.43745553
0.22400000 3.50448964
0.22440000 3.57119998
0.22480000 3.63751488
0.22520000 3.70336336
0.22560000 3.76867605
0.22600000 3.83338601
0.22640000 3.89742970
0.22680000 3.96074800
0.22720000 4.02328704
0.22760000 4.08499919
0.22800000 4.14584379
0.22840000 4.20578784
0.22880000 4.26480648
0.22920000 4.32288337
0.22960000 4.38001075
0.23000000 4.43618941
0.23040000 4.49142837
0.23080000 4.54574437
0.23120000 4.59916116
0.23160000 4.65170867
0.23200000 4.70342199
0.23240000 4.75434029
0.23280000 4.80450573
0.23320000 4.85396233
0.23360000 4.90275492
0.23400000 4.95092822
0.23440000 4.99852607
0.23480000 5.04559091
0.23520000 5.09216339
0.23560000 5.13828237
0.23600000 5.18398512
0.23640000 5.22930776
0.23680000 5.27428604
0.23720000 5.31895620
0.23760000 5.36335611
0.23800000 5.40752641
0.23840000 5.45151176
0.23880000 5.49536192
0.23920000 5.53913279
0.23960000 5.58288714
0.24000000 5.62669499
0.24040000 5.67063369
0.24080000 5.71478737
0.24120000 5.75924595
0.24160000 5.80410356
0.24200000 5.84945629
0.24240000 5.89539942
0.24280000 5.94202408
0.24320000 5.98941336
0.24360000 6.03763799
0.24400000 6.08675180
0.24440000 6.13678683
0.24480000 6.18774851
0.24520000 6.23961092
0.24560000 6.29231227
0.24600000 6.34575093
0.24640000 6.39978202
0.24680000 6.45421474
0.24720000 6.50881075
0.24760000 6.56328345
0.24800000 6.61729856
0.24840000 6.67047577
0.24880000 6.72239178
0.24920000 6.77258448
0.24960000 6.82055843
0.25000000 6.86579136
0.25040000 6.90774181
0.25080000 6.94585752
0.25120000 6.97958455
0.25160000 7.00837687
0.25200000 7.03170616
0.25240000 7.04907165
0.25280000 7.06000966
0.25320000 7.06410271
0.25360000 7.06098785
0.25400000 7.05036407
0.25440000 7.03199852
0.25480000 7.00573153
0.25520000 6.97148002
0.25560000 6.92923959
0.25600000 6.87908481
0.25640000 6.82116814
0.25680000 6.75571714
0.25720000 6.68303027
0.25760000 6.60347143
0.25800000 6.51746316
0.25840000 6.42547895
0.25880000 6.32803469
0.25920000 6.22567961
0.25960000 6.11898683
0.26000000 6.00854384
0.26040000 5.89494312
0.26080000 5.77877311
0.26120000 5.66060976
0.26160000 5.54100881
0.26200000 5.42049898
0.26240000 5.29957617
0.26280000 5.17869875
0.26320000 5.05828402
0.26360000 4.93870585
0.26400000 4.82029338
0.26440000 4.70333094
0.26480000 4.58805887
0.26520000 4.47467528
0.26560000 4.36333862
0.26600000 4.25417082
0.26640000 4.14726097
0.26680000 4.04266931
0.26720000 3.94043142
0.26760000 3.84056238
0.26800000 3.74306094
0.26840000 3.64791337
0.26880000 3.55509708
0.26920000 3.46458372
0.26960000 3.37634198
0.27000000 3.29033974
0.27040000 3.20654585
0.27080000 3.12493124
0.27120000 3.04546972
0.27160000 2.96813821
0.27200000 2.89291662
0.27240000 2.81978742
0.27280000 2.74873490
0.27320000 2.67974433
0.27360000 2.61280089
0.27400000 2.54788867
0.27440000 2.48498963
0.27480000 2.42408268
0.27520000 2.36514284
0.27560000 2.30814064
0.27600000 2.25304165
0.27640000 2.19980628
0.27680000 2.14838974
0.27720000 2.09874230
0.27760000 2.05080961
0.27800000 2.00453335
0.27840000 1.95985186
0.27880000 1.91670106
0.27920000 1.87501527
0.27960000 1.83472817
0.28000000 1.79577374
0.28040000 1.75808711
0.28080000 1.72160543
0.28120000 1.68626857
0.28160000 1.65201974
0.28200000 1.61880593
0.28240000 1.58657831
0.28280000 1.55529233
0.28320000 1.52490782
0.28360000 1.49538886
0.28400000 1.46670353
0.28440000 1.43882358
0.28480000 1.41172400
0.28520000 1.38538246
0.28560000 1.35977872
0.28600000 1.33489405
0.28640000 1.31071056
0.28680000 1.28721056
0.28720000 1.26437596
0.28760000 1.24218769
0.28800000 1.22062516
0.28840000 1.19966582
0.28880000 1.17928474
0.28920000 1.15945433
0.28960000 1.14014410
0.29000000 1.12132056
0.29040000 1.10294714
0.29080000 1.08498425
0.29120000 1.06738948
0.29160000 1.05011777
0.29200000 1.03312176
0.29240000 1.01635219
0.29280000 0.99975837
0.29320000 0.98328869
0.29360000 0.96689128
0.29400000 0.95051459
0.29440000 0.93410811
0.29480000 0.91762305
0.29520000 0.90101309
0.29560000 0.88423509
0.29600000 0.86724980
0.29640000 0.85002253
0.29680000 0.83252377
0.29720000 0.81472980
0.29760000 0.79662319
0.29800000 0.77819315
0.29840000 0.75943593
0.29880000 0.74035495
0.29920000 0.72096093
0.29960000 0.70127179
0.30000000 0.68131251
0.30040000 0.66111482
0.30080000 0.64071671
0.30120000 0.62016192
0.30160000 0.59949921
0.30200000 0.57878162
0.30240000 0.55806555
0.30280000 0.53740986
0.30320000 0.51687484
0.30360000 0.49652120
0.30400000 0.47640906
0.30440000 0.45659692
0.30480000 0.43714072
0.30520000 0.41809290
0.30560000 0.39950161
0.30600000 0.38140997
0.30640000 0.36385551
0.30680000 0.34686967
0.30720000 0.33047746
0.30760000 0.31469732
0.30800000 0.29954107
0.30840000 0.28501397
0.30880000 0.27111503
0.30920000 0.25783734
0.30960000 0.24516857
0.31000000 0.23309152
0.31040000 0.22158481
0.31080000 0.21062358
0.31120000 0.20018025
0.31160000 0.19022529
0.31200000 0.18072797
0.31240000 0.17165714
0.31280000 0.16298190
0.31320000 0.15467225
0.31360000 0.14669968
0.31400000 0.13903763
0.31440000 0.13166192
0.31480000 0.12455101
0.31520000 0.11768626
0.31560000 0.11105197
0.31600000 0.10463545
0.31640000 0.09842690
0.31680000 0.09241931
0.31720000 0.08660817
0.31760000 0.08099126
0.31800000 0.07556828
0.31840000 0.07034052
0.31880000 0.06531048
0.31920000 0.06048149
0.31960000 0.05585734
0.32000000 0.05144194
0.32040000 0.04723898
0.32080000 0.04325162
0.32120000 0.03948228
0.32160000 0.03593241
0.32200000 0.03260229
0.32240000 0.02949101
0.32280000 0.02659632
0.32320000 0.02391466
0.32360000 0.02144117
0.32400000 0.01916976
0.32440000 0.01709321
0.32480000 0.01520327
0.32520000 0.01349083
0.32560000 0.01194609
0.32600000 0.01055868
0.32640000 0.00931788
0.32680000 0.00821276
0.32720000 0.00723236
0.32760000 0.00636583
0.32800000 0.00560256
0.32840000 0.00493232
0.32880000 0.00434535
0.32920000 0.00383245
0.32960000 0.00338500
0.33000000 0.00299508
0.33040000 0.00265542
0.33080000 0.00235946
0.33120000 0.00210132
0.33160000 0.00187577
0.33200000 0.00167824
0.33240000 0.00150472
0.33280000 0.00135178
0.33320000 0.00121646
0.33360000 0.00109628
0.33400000 0.00098913
0.33440000 0.00089325
0.33480000 0.00080717
0.33520000 0.00072969
0.33560000 0.00065978
0.33600000 0.00059661
0.33640000 0.00053948
0.33680000 0.00048780
0.33720000 0.00044104
0.33760000 0.00039876
0.33800000 0.00036058
0.33840000 0.00032614
0.33880000 0.00029511
0.33920000 0.00026719
0.33960000 0.00024211
0.34000000 0.00021959
0.34040000 0.00019939
0.34080000 0.00018129
0.34120000 0.00016506
0.34160000 0.00015051
0.34200000 0.00013745
0.34240000 0.00012571
0.34280000 0.00011515
0.34320000 0.00010562
0.34360000 0.00009700
0.34400000 0.00008919
0.34440000 0.00008209
0.34480000 0.00007562
0.34520000 0.00006970
0.34560000 0.00006429
0.34600000 0.00005932
0.34640000 0.00005474
0.34680000 0.00005052
0.34720000 0.00004663
0.34760000 0.00004303
0.34800000 0.00003970
0.34840000 0.00003662
0.34880000 0.00003377
0.34920000 0.00003112
0.34960000 0.00002867
0.35000000 0.00002639
