0.15000000 0.00025600
0.15040000 0.00027877
0.15080000 0.00030310
0.15120000 0.00032902
0.15160000 0.00035661
0.15200000 0.00038593
0.15240000 0.00041706
0.15280000 0.00045010
0.15320000 0.00048517
0.15360000 0.00052239
0.15400000 0.00056192
0.15440000 0.00060394
0.15480000 0.00064867
0.15520000 0.00069636
0.15560000 0.00074727
0.15600000 0.00080173
0.15640000 0.00086009
0.15680000 0.00092274
0.15720000 0.00099011
0.15760000 0.00106267
0.15800000 0.00114094
0.15840000 0.00122546
0.15880000 0.00131684
0.15920000 0.00141569
0.15960000 0.00152267
0.16000000 0.00163848
0.16040000 0.00176383
0.16080000 0.00189947
0.16120000 0.00204616
0.16160000 0.00220470
0.16200000 0.00237588
0.16240000 0.00256052
0.16280000 0.00275945
0.16320000 0.00297349
0.16360000 0.00320349
0.16400000 0.00345031
0.16440000 0.00371481
0.16480000 0.00399785
0.16520000 0.00430031
0.16560000 0.00462311
0.16600000 0.00496716
0.16640000 0.00533343
0.16680000 0.00572290
0.16720000 0.00613661
0.16760000 0.00657566
0.16800000 0.00704120
0.16840000 0.00753447
0.16880000 0.00805680
0.16920000 0.00860960
0.16960000 0.00919441
0.17000000 0.00981288
0.17040000 0.01046679
0.17080000 0.01115806
0.17120000 0.01188876
0.17160000 0.01266112
0.17200000 0.01347751
0.17240000 0.01434048
0.17280000 0.01525272
0.17320000 0.01621709
0.17360000 0.01723662
0.17400000 0.01831446
0.17440000 0.01945393
0.17480000 0.02065848
0.17520000 0.02193166
0.17560000 0.02327716
0.17600000 0.02469876
0.17640000 0.02620032
0.17680000 0.02778578
0.17720000 0.02945914
0.17760000 0.03122447
0.17800000 0.03308585
0.17840000 0.03504743
0.17880000 0.03711339
0.17920000 0.03928794
0.17960000 0.04157536
0.18000000 0.04397995
0.18040000 0.04650611
0.18080000 0.04915832
0.18120000 0.05194118
0.18160000 0.05485943
0.18200000 0.05791800
0.18240000 0.06112205
0.18280000 0.06447701
0.18320000 0.06798862
0.18360000 0.07166299
0.18400000 0.07550665
0.18440000 0.07952662
0.18480000 0.08373043
0.18520000 0.08812621
0.18560000 0.09272272
0.18600000 0.09752938
0.18640000 0.10255636
0.18680000 0.10781455
0.18720000 0.11331565
0.18760000 0.11907214
0.18800000 0.12509732
0.18840000 0.13140530
0.18880000 0.13801098
0.18920000 0.14493005
0.18960000 0.15217892
0.19000000 0.15977473
0.19040000 0.16773522
0.19080000 0.17607875
0.19120000 0.18482416
0.19160000 0.19399073
0.19200000 0.20359807
0.19240000 0.21366601
0.19280000 0.22421453
0.19320000 0.23526367
0.19360000 0.24683337
0.19400000 0.25894344
0.19440000 0.27161340
0.19480000 0.28486241
0.19520000 0.29870920
0.19560000 0.31317196
0.19600000 0.32826825
0.19640000 0.34401498
0.19680000 0.36042832
0.19720000 0.37752362
0.19760000 0.39531543
0.19800000 0.41381742
0.19840000 0.43304236
0.19880000 0.45300212
0.19920000 0.47370760
0.19960000 0.49516878
0.20000000 0.51739465
0.20040000 0.54039325
0.20080000 0.56417158
0.20120000 0.58873566
0.20160000 0.61409046
0.20200000 0.64023987
0.20240000 0.66718668
0.20280000 0.69493251
0.20320000 0.72347778
0.20360000 0.75282164
0.20400000 0.78296188
0.20440000 0.81389489
0.20480000 0.84561556
0.20520000 0.87811725
0.20560000 0.91139163
0.20600000 0.94542872
0.20640000 0.98021675
0.20680000 1.01574218
0.20720000 1.05198965
0.20760000 1.08894202
0.20800000 1.12658036
0.20840000 1.16488409
0.20880000 1.20383102
0.20920000 1.24339756
0.20960000 1.28355887
0.21000000 1.32428915
0.21040000 1.36556190
0.21080000 1.40735025
0.21120000 1.44962733
0.21160000 1.49236673
0.21200000 1.53554289
0.21240000 1.57913163
0.21280000 1.62311059
0.21320000 1.66745977
0.21360000 1.71216203
0.21400000 1.75720355
0.21440000 1.80257430
0.21480000 1.84826842
0.21520000 1.89428464
0.21560000 1.94062648
0.21600000 1.98730247
0.21640000 2.03432622
0.21680000 2.08171641
0.21720000 2.12949659
0.21760000 2.17769489
0.21800000 2.22634356
0.21840000 2.27547834
0.21880000 2.32513774
0.21920000 2.37536205
0.21960000 2.42619228
0.22000000 2.47766895
0.22040000 2.52983069
0.22080000 2.58271276
0.22120000 2.63634550
0.22160000 2.69075257
0.22200000 2.74594930
0.22240000 2.80194091
0.22280000 2.85872076
0.22320000 2.91626865
0.22360000 2.97454914
0.22400000 3.03351013
0.22440000 3.09308136
0.22480000 3.15317332
0.22520000 3.21367623
0.22560000 3.27445936
0.22600000 3.33537055
0.22640000 3.39623615
0.22680000 3.45686123
0.22720000 3.51703012
0.22760000 3.57650738
0.22800000 3.63503913
0.22840000 3.69235473
0.22880000 3.74816881
0.22920000 3.80218375
0.22960000 3.85409235
0.23000000 3.90358095
0.23040000 3.95033272
0.23080000 3.99403123
0.23120000 4.03436420
0.23160000 4.07102732
0.23200000 4.10372827
0.23240000 4.13219063
0.23280000 4.15615782
0.23320000 4.17539689
0.23360000 4.18970215
0.23400000 4.19889857
0.23440000 4.20284485
0.23480000 4.20143615
0.23520000 4.19460643
0.23560000 4.18233026
0.23600000 4.16462424
0.23640000 4.14154775
0.23680000 4.11320325
0.23720000 4.07973594
0.23760000 4.04133287
0.23800000 3.99822146
0.23840000 3.95066741
0.23880000 3.89897217
0.23920000 3.84346974
0.23960000 3.78452318
0.24000000 3.72252052
0.24040000 3.65787045
0.24080000 3.59099764
0.24120000 3.52233783
0.24160000 3.45233280
0.24200000 3.38142521
0.24240000 3.31005353
0.24280000 3.23864694
0.24320000 3.16762051
0.24360000 3.09737049
0.24400000 3.02827002
0.24440000 2.96066515
0.24480000 2.89487132
0.24520000 2.83117027
0.24560000 2.76980757
0.24600000 2.71099063
0.24640000 2.65488735
0.24680000 2.60162529
0.24720000 2.55129155
0.24760000 2.50393313
0.24800000 2.45955796
0.24840000 2.41813639
0.24880000 2.37960326
0.24920000 2.34386040
0.24960000 2.31077951
0.25000000 2.28020547
0.25040000 2.25195987
0.25080000 2.22584478
0.25120000 2.20164670
0.25160000 2.17914050
0.25200000 2.15809351
0.25240000 2.13826942
0.25280000 2.11943212
0.25320000 2.10134933
0.25360000 2.08379603
0.25400000 2.06655754
0.25440000 2.04943228
0.25480000 2.03223422
0.25520000 2.01479486
0.25560000 1.99696482
0.25600000 1.97861507
0.25640000 1.95963763
0.25680000 1.93994594
0.25720000 1.91947483
0.25760000 1.89818005
0.25800000 1.87603752
0.25840000 1.85304223
0.25880000 1.82920692
0.25920000 1.80456043
0.25960000 1.77914597
0.26000000 1.75301921
0.26040000 1.72624626
0.26080000 1.69890164
0.26120000 1.67106621
0.26160000 1.64282522
0.26200000 1.61426635
0.26240000 1.58547792
0.26280000 1.55654721
0.26320000 1.52755904
0.26360000 1.49859438
0.26400000 1.46972935
0.26440000 1.44103427
0.26480000 1.41257304
0.26520000 1.38440265
0.26560000 1.35657295
0.26600000 1.32912660
0.26640000 1.30209913
0.26680000 1.27551927
0.26720000 1.24940934
0.26760000 1.22378572
0.26800000 1.19865950
0.26840000 1.17403711
0.26880000 1.14992100
0.26920000 1.12631036
0.26960000 1.10320179
0.27000000 1.08058998
0.27040000 1.05846829
0.27080000 1.03682928
0.27120000 1.01566520
0.27160000 0.99496835
0.27200000 0.97473140
0.27240000 0.95494751
0.27280000 0.93561052
0.27320000 0.91671494
0.27360000 0.89825589
0.27400000 0.88022898
0.27440000 0.86263017
0.27480000 0.84545550
0.27520000 0.82870089
0.27560000 0.81236188
0.27600000 0.79643335
0.27640000 0.78090931
0.27680000 0.76578267
0.27720000 0.75104510
0.27760000 0.73668686
0.27800000 0.72269682
0.27840000 0.70906235
0.27880000 0.69576950
0.27920000 0.68280304
0.27960000 0.67014672
0.28000000 0.65778350
0.28040000 0.64569583
0.28080000 0.63386608
0.28120000 0.62227682
0.28160000 0.61091133
0.28200000 0.59975395
0.28240000 0.58879050
0.28280000 0.57800869
0.28320000 0.56739849
0.28360000 0.55695242
0.28400000 0.54666582
0.28440000 0.53653706
0.28480000 0.52656766
0.28520000 0.51676232
0.28560000 0.50712887
0.28600000 0.49767817
0.28640000 0.48842386
0.28680000 0.47938207
0.28720000 0.47057104
0.28760000 0.46201066
0.28800000 0.45372197
0.28840000 0.44572656
0.28880000 0.43804603
0.28920000 0.43070129
0.28960000 0.42371196
0.29000000 0.41709573
0.29040000 0.41086776
0.29080000 0.40504010
0.29120000 0.39962116
0.29160000 0.39461525
0.29200000 0.39002223
0.29240000 0.38583716
0.29280000 0.38205016
0.29320000 0.37864625
0.29360000 0.37560540
0.29400000 0.37290261
0.29440000 0.37050816
0.29480000 0.36838788
0.29520000 0.36650361
0.29560000 0.36481367
0.29600000 0.36327343
0.29640000 0.36183602
0.29680000 0.36045294
0.29720000 0.35907486
0.29760000 0.35765239
0.29800000 0.35613678
0.29840000 0.35448078
0.29880000 0.35263931
0.29920000 0.35057020
0.29960000 0.34823484
0.30000000 0.34559877
0.30040000 0.34263221
0.30080000 0.33931046
0.30120000 0.33561426
0.30160000 0.33153005
0.30200000 0.32705009
0.30240000 0.32217250
0.30280000 0.31690120
0.30320000 0.31124576
0.30360000 0.30522112
0.30400000 0.29884727
0.30440000 0.29214882
0.30480000 0.28515450
0.30520000 0.27789661
0.30560000 0.27041043
0.30600000 0.26273358
0.30640000 0.25490537
0.30680000 0.24696612
0.30720000 0.23895654
0.30760000 0.23091705
0.30800000 0.22288715
0.30840000 0.21490491
0.30880000 0.20700637
0.30920000 0.19922511
0.30960000 0.19159183
0.31000000 0.18413400
0.31040000 0.17687559
0.31080000 0.16983690
0.31120000 0.16303441
0.31160000 0.15648076
0.31200000 0.15018476
0.31240000 0.14415147
0.31280000 0.13838240
0.31320000 0.13287568
0.31360000 0.12762636
0.31400000 0.12262668
0.31440000 0.11786644
0.31480000 0.11333336
0.31520000 0.10901345
0.31560000 0.10489142
0.31600000 0.10095106
0.31640000 0.09717565
0.31680000 0.09354830
0.31720000 0.09005231
0.31760000 0.08667153
0.31800000 0.08339059
0.31840000 0.08019521
0.31880000 0.07707237
0.31920000 0.07401053
0.31960000 0.07099973
0.32000000 0.06803171
0.32040000 0.06509993
0.32080000 0.06219957
0.32120000 0.05932756
0.32160000 0.05648245
0.32200000 0.05366433
0.32240000 0.05087475
0.32280000 0.04811651
0.32320000 0.04539353
0.32360000 0.04271068
0.32400000 0.04007356
0.32440000 0.03748833
0.32480000 0.03496152
0.32520000 0.03249982
0.32560000 0.03010991
0.32600000 0.02779830
0.32640000 0.02557117
0.32680000 0.02343422
0.32720000 0.02139253
0.32760000 0.01945051
0.32800000 0.01761179
0.32840000 0.01587915
0.32880000 0.01425449
0.32920000 0.01273881
0.32960000 0.01133223
0.33000000 0.01003396
0.33040000 0.00884241
0.33080000 0.00775515
0.33120000 0.00676906
0.33160000 0.00588032
0.33200000 0.00508457
0.33240000 0.00437694
0.33280000 0.00375216
0.33320000 0.00320466
0.33360000 0.00272864
0.33400000 0.00231821
0.33440000 0.00196739
0.33480000 0.00167029
0.33520000 0.00142111
0.33560000 0.00121424
0.33600000 0.00104431
0.33640000 0.00090623
0.33680000 0.00079526
0.33720000 0.00070702
0.33760000 0.00063750
0.33800000 0.00058309
0.33840000 0.00054060
0.33880000 0.00050723
0.33920000 0.00048057
0.33960000 0.00045859
0.34000000 0.00043961
0.34040000 0.00042231
0.34080000 0.00040564
0.34120000 0.00038883
0.34160000 0.00037138
0.34200000 0.00035296
0.34240000 0.00033346
0.34280000 0.00031287
0.34320000 0.00029133
0.34360000 0.00026906
0.34400000 0.00024633
0.34440000 0.00022344
0.34480000 0.00020073
0.34520000 0.00017853
0.34560000 0.00015714
0.34600000 0.00013684
0.34640000 0.00011786
0.34680000 0.00010042
0.34720000 0.00008465
0.34760000 0.00007066
0.34800000 0.00005849
0.34840000 0.00004815
0.34880000 0.00003959
0.34920000 0.00003274
0.34960000 0.00002748
0.35000000 0.00002368
