0.15000000 0.00025400
0.15040000 0.00027361
0.15080000 0.00029458
0.15120000 0.00031707
0.15160000 0.00034119
0.15200000 0.00036712
0.15240000 0.00039503
0.15280000 0.00042511
0.15320000 0.00045757
0.15360000 0.00049265
0.15400000 0.00053060
0.15440000 0.00057169
0.15480000 0.00061620
0.15520000 0.00066445
0.15560000 0.00071675
0.15600000 0.00077346
0.15640000 0.00083492
0.15680000 0.00090153
0.15720000 0.00097365
0.15760000 0.00105171
0.15800000 0.00113612
0.15840000 0.00122732
0.15880000 0.00132574
0.15920000 0.00143186
0.15960000 0.00154615
0.16000000 0.00166909
0.16040000 0.00180119
0.16080000 0.00194298
0.16120000 0.00209500
0.16160000 0.00225781
0.16200000 0.00243202
0.16240000 0.00261824
0.16280000 0.00281713
0.16320000 0.00302940
0.16360000 0.00325579
0.16400000 0.00349709
0.16440000 0.00375416
0.16480000 0.00402790
0.16520000 0.00431931
0.16560000 0.00462944
0.16600000 0.00495943
0.16640000 0.00531051
0.16680000 0.00568399
0.16720000 0.00608128
0.16760000 0.00650388
0.16800000 0.00695342
0.16840000 0.00743159
0.16880000 0.00794021
0.16920000 0.00848120
0.16960000 0.00905656
0.17000000 0.00966841
0.17040000 0.01031894
0.17080000 0.01101044
0.17120000 0.01174527
0.17160000 0.01252586
0.17200000 0.01335471
0.17240000 0.01423437
0.17280000 0.01516744
0.17320000 0.01615655
0.17360000 0.01720437
0.17400000 0.01831357
0.17440000 0.01948688
0.17480000 0.02072699
0.17520000 0.02203664
0.17560000 0.02341857
0.17600000 0.02487552
0.17640000 0.02641028
0.17680000 0.02802564
0.17720000 0.02972445
0.17760000 0.03150962
0.17800000 0.03338411
0.17840000 0.03535101
0.17880000 0.03741353
0.17920000 0.03957503
0.17960000 0.04183907
0.18000000 0.04420942
0.18040000 0.04669013
0.18080000 0.04928555
0.18120000 0.05200035
0.18160000 0.05483960
0.18200000 0.05780878
0.18240000 0.06091384
0.18280000 0.06416123
0.18320000 0.06755790
0.18360000 0.07111138
0.18400000 0.07482979
0.18440000 0.07872184
0.18480000 0.08279687
0.18520000 0.08706486
0.18560000 0.09153642
0.18600000 0.09622279
0.18640000 0.10113584
0.18680000 0.10628805
0.18720000 0.11169249
0.18760000 0.11736281
0.18800000 0.12331317
0.18840000 0.12955824
0.18880000 0.13611313
0.18920000 0.14299340
0.18960000 0.15021495
0.19000000 0.15779400
0.19040000 0.16574707
0.19080000 0.17409090
0.19120000 0.18284243
0.19160000 0.19201872
0.19200000 0.20163698
0.19240000 0.21171447
0.19280000 0.22226850
0.19320000 0.23331641
0.19360000 0.24487553
0.19400000 0.25696318
0.19440000 0.26959663
0.19480000 0.28279310
0.19520000 0.29656977
0.19560000 0.31094371
0.19600000 0.32593191
0.19640000 0.34155126
0.19680000 0.35781849
0.19720000 0.37475016
0.19760000 0.39236261
0.19800000 0.41067192
0.19840000 0.42969380
0.19880000 0.44944355
0.19920000 0.46993593
0.19960000 0.49118507
0.20000000 0.51320429
0.20040000 0.53600598
0.20080000 0.55960144
0.20120000 0.58400066
0.20160000 0.60921214
0.20200000 0.63524269
0.20240000 0.66209719
0.20280000 0.68977839
0.20320000 0.71828670
0.20360000 0.74761993
0.20400000 0.77777317
0.20440000 0.80873854
0.20480000 0.84050507
0.20520000 0.87305860
0.20560000 0.90638166
0.20600000 0.94045346
0.20640000 0.97524991
0.20680000 1.01074370
0.20720000 1.04690440
0.20760000 1.08369875
0.20800000 1.12109087
0.20840000 1.15904263
0.20880000 1.19751408
0.20920000 1.23646395
0.20960000 1.27585018
0.21000000 1.31563058
0.21040000 1.35576348
0.21080000 1.39620848
0.21120000 1.43692720
0.21160000 1.47788403
0.21200000 1.51904697
0.21240000 1.56038840
0.21280000 1.60188583
0.21320000 1.64352261
0.21360000 1.68528862
0.21400000 1.72718081
0.21440000 1.76920371
0.21480000 1.81136978
0.21520000 1.85369962
0.21560000 1.89622205
0.21600000 1.93897404
0.21640000 1.98200042
0.21680000 2.02535339
0.21720000 2.06909193
0.21760000 2.11328086
0.21800000 2.15798987
0.21840000 2.20329218
0.21880000 2.24926316
0.21920000 2.29597869
0.21960000 2.34351338
0.22000000 2.39193867
0.22040000 2.44132078
0.22080000 2.49171861
0.22120000 2.54318156
0.22160000 2.59574736
0.22200000 2.64943987
0.22240000 2.70426700
0.22280000 2.76021866
0.22320000 2.81726494
0.22360000 2.87535436
0.22400000 2.93441243
0.22440000 2.99434044
0.22480000 3.05501457
0.22520000 3.11628523
0.22560000 3.17797694
0.22600000 3.23988842
0.22640000 3.30179315
0.22680000 3.36344039
0.22720000 3.42455653
0.22760000 3.48484693
0.22800000 3.54399810
0.22840000 3.60168037
0.22880000 3.65755084
0.22920000 3.71125672
0.22960000 3.76243898
0.23000000 3.81073620
0.23040000 3.85578870
0.23080000 3.89724282
0.23120000 3.93475522
0.23160000 3.96799731
0.23200000 3.99665960
0.23240000 4.02045593
0.23280000 4.03912757
0.23320000 4.05244709
0.23360000 4.06022186
0.23400000 4.06229730
0.23440000 4.05855962
0.23480000 4.04893816
0.23520000 4.03340712
0.23560000 4.01198687
0.23600000 3.98474457
0.23640000 3.95179424
0.23680000 3.91329621
0.23720000 3.86945595
0.23760000 3.82052232
0.23800000 3.76678518
0.23840000 3.70857249
0.23880000 3.64624690
0.23920000 3.58020181
0.23960000 3.51085707
0.24000000 3.43865428
0.24040000 3.36405184
0.24080000 3.28751972
0.24120000 3.20953420
0.24160000 3.13057241
0.24200000 3.05110701
0.24240000 2.97160092
0.24280000 2.89250219
0.24320000 2.81423922
0.24360000 2.73721619
0.24400000 2.66180900
0.24440000 2.58836153
0.24480000 2.51718250
0.24520000 2.44854283
0.24560000 2.38267357
0.24600000 2.31976441
0.24640000 2.25996286
0.24680000 2.20337398
0.24720000 2.15006072
0.24760000 2.10004488
0.24800000 2.05330857
0.24840000 2.00979630
0.24880000 1.96941739
0.24920000 1.93204894
0.24960000 1.89753910
0.25000000 1.86571070
0.25040000 1.83636499
0.25080000 1.80928576
0.25120000 1.78424333
0.25160000 1.76099874
0.25200000 1.73930781
0.25240000 1.71892514
0.25280000 1.69960789
0.25320000 1.68111936
0.25360000 1.66323234
0.25400000 1.64573206
0.25440000 1.62841878
0.25480000 1.61111009
0.25520000 1.59364267
0.25560000 1.57587371
0.25600000 1.55768187
0.25640000 1.53896781
0.25680000 1.51965432
0.25720000 1.49968604
0.25760000 1.47902882
0.25800000 1.45766873
0.25840000 1.43561076
0.25880000 1.41287728
0.25920000 1.38950627
0.25960000 1.36554938
0.26000000 1.34106984
0.26040000 1.31614033
0.26080000 1.29084081
0.26120000 1.26525634
0.26160000 1.23947499
0.26200000 1.21358585
0.26240000 1.18767709
0.26280000 1.16183435
0.26320000 1.13613910
0.26360000 1.11066744
0.26400000 1.08548888
0.26440000 1.06066559
0.26480000 1.03625169
0.26520000 1.01229290
0.26560000 0.98882632
0.26600000 0.96588050
0.26640000 0.94347567
0.26680000 0.92162414
0.26720000 0.90033086
0.26760000 0.87959412
0.26800000 0.85940634
0.26840000 0.83975495
0.26880000 0.82062326
0.26920000 0.80199148
0.26960000 0.78383755
0.27000000 0.76613813
0.27040000 0.74886937
0.27080000 0.73200775
0.27120000 0.71553072
0.27160000 0.69941732
0.27200000 0.68364865
0.27240000 0.66820822
0.27280000 0.65308220
0.27320000 0.63825958
0.27360000 0.62373212
0.27400000 0.60949433
0.27440000 0.59554321
0.27480000 0.58187804
0.27520000 0.56850001
0.27560000 0.55541184
0.27600000 0.54261730
0.27640000 0.53012082
0.27680000 0.51792700
0.27720000 0.50604012
0.27760000 0.49446379
0.27800000 0.48320050
0.27840000 0.47225131
0.27880000 0.46161558
0.27920000 0.45129076
0.27960000 0.44127227
0.28000000 0.43155341
0.28040000 0.42212545
0.28080000 0.41297769
0.28120000 0.40409765
0.28160000 0.39547130
0.28200000 0.38708339
0.28240000 0.37891781
0.28280000 0.37095792
0.28320000 0.36318704
0.28360000 0.35558886
0.28400000 0.34814785
0.28440000 0.34084970
0.28480000 0.33368174
0.28520000 0.32663325
0.28560000 0.31969583
0.28600000 0.31286363
0.28640000 0.30613354
0.28680000 0.29950534
0.28720000 0.29298175
0.28760000 0.28656839
0.28800000 0.28027366
0.28840000 0.27410865
0.28880000 0.26808678
0.28920000 0.26222357
0.28960000 0.25653625
0.29000000 0.25104330
0.29040000 0.24576405
0.29080000 0.24071812
0.29120000 0.23592498
0.29160000 0.23140336
0.29200000 0.22717080
0.29240000 0.22324309
0.29280000 0.21963385
0.29320000 0.21635410
0.29360000 0.21341184
0.29400000 0.21081174
0.29440000 0.20855491
0.29480000 0.20663867
0.29520000 0.20505643
0.29560000 0.20379769
0.29600000 0.20284804
0.29640000 0.20218928
0.29680000 0.20179961
0.29720000 0.20165389
0.29760000 0.20172395
0.29800000 0.20197898
0.29840000 0.20238593
0.29880000 0.20291002
0.29920000 0.20351520
0.29960000 0.20416471
0.30000000 0.20482155
0.30040000 0.20544909
0.30080000 0.20601152
0.30120000 0.20647440
0.30160000 0.20680511
0.30200000 0.20697331
0.30240000 0.20695130
0.30280000 0.20671441
0.30320000 0.20624123
0.30360000 0.20551390
0.30400000 0.20451823
0.30440000 0.20324380
0.30480000 0.20168404
0.30520000 0.19983617
0.30560000 0.19770112
0.30600000 0.19528339
0.30640000 0.19259087
0.30680000 0.18963456
0.30720000 0.18642834
0.30760000 0.18298860
0.30800000 0.17933392
0.30840000 0.17548472
0.30880000 0.17146283
0.30920000 0.16729117
0.30960000 0.16299332
0.31000000 0.15859314
0.31040000 0.15411447
0.31080000 0.14958070
0.31120000 0.14501455
0.31160000 0.14043770
0.31200000 0.13587060
0.31240000 0.13133223
0.31280000 0.12683991
0.31320000 0.12240919
0.31360000 0.11805375
0.31400000 0.11378532
0.31440000 0.10961366
0.31480000 0.10554659
0.31520000 0.10159006
0.31560000 0.09774818
0.31600000 0.09402334
0.31640000 0.09041636
0.31680000 0.08692664
0.31720000 0.08355229
0.31760000 0.08029033
0.31800000 0.07713688
0.31840000 0.07408731
0.31880000 0.07113645
0.31920000 0.06827876
0.31960000 0.06550851
0.32000000 0.06281993
0.32040000 0.06020732
0.32080000 0.05766527
0.32120000 0.05518869
0.32160000 0.05277292
0.32200000 0.05041386
0.32240000 0.04810795
0.32280000 0.04585228
0.32320000 0.04364455
0.32360000 0.04148313
0.32400000 0.03936700
0.32440000 0.03729574
0.32480000 0.03526951
0.32520000 0.03328896
0.32560000 0.03135520
0.32600000 0.02946971
0.32640000 0.02763430
0.32680000 0.02585097
0.32720000 0.02412192
0.32760000 0.02244940
0.32800000 0.02083565
0.32840000 0.01928288
0.32880000 0.01779312
0.32920000 0.01636824
0.32960000 0.01500983
0.33000000 0.01371921
0.33040000 0.01249736
0.33080000 0.01134492
0.33120000 0.01026211
0.33160000 0.00924880
0.33200000 0.00830446
0.33240000 0.00742817
0.33280000 0.00661863
0.33320000 0.00587419
0.33360000 0.00519289
0.33400000 0.00457243
0.33440000 0.00401027
0.33480000 0.00350363
0.33520000 0.00304954
0.33560000 0.00264489
0.33600000 0.00228642
0.33640000 0.00197085
0.33680000 0.00169482
0.33720000 0.00145501
0.33760000 0.00124812
0.33800000 0.00107093
0.33840000 0.00092031
0.33880000 0.00079328
0.33920000 0.00068698
0.33960000 0.00059874
0.34000000 0.00052606
0.34040000 0.00046663
0.34080000 0.00041834
0.34120000 0.00037928
0.34160000 0.00034775
0.34200000 0.00032223
0.34240000 0.00030141
0.34280000 0.00028416
0.34320000 0.00026952
0.34360000 0.00025670
0.34400000 0.00024507
0.34440000 0.00023410
0.34480000 0.00022342
0.34520000 0.00021277
0.34560000 0.00020195
0.34600000 0.00019086
0.34640000 0.00017948
0.34680000 0.00016782
0.34720000 0.00015594
0.34760000 0.00014393
0.34800000 0.00013191
0.34840000 0.00011998
0.34880000 0.00010829
0.34920000 0.00009694
0.34960000 0.00008607
0.35000000 0.00007576
