0.15000000 0.00024886
0.15040000 0.00026841
0.15080000 0.00028958
0.15120000 0.00031253
0.15160000 0.00033743
0.15200000 0.00036448
0.15240000 0.00039387
0.15280000 0.00042580
0.15320000 0.00046051
0.15360000 0.00049821
0.15400000 0.00053914
0.15440000 0.00058357
0.15480000 0.00063174
0.15520000 0.00068392
0.15560000 0.00074039
0.15600000 0.00080143
0.15640000 0.00086733
0.15680000 0.00093838
0.15720000 0.00101490
0.15760000 0.00109721
0.15800000 0.00118562
0.15840000 0.00128050
0.15880000 0.00138218
0.15920000 0.00149106
0.15960000 0.00160752
0.16000000 0.00173199
0.16040000 0.00186491
0.16080000 0.00200677
0.16120000 0.00215808
0.16160000 0.00231939
0.16200000 0.00249131
0.16240000 0.00267448
0.16280000 0.00286961
0.16320000 0.00307746
0.16360000 0.00329885
0.16400000 0.00353469
0.16440000 0.00378593
0.16480000 0.00405362
0.16520000 0.00433886
0.16560000 0.00464286
0.16600000 0.00496690
0.16640000 0.00531233
0.16680000 0.00568061
0.16720000 0.00607327
0.16760000 0.00649191
0.16800000 0.00693825
0.16840000 0.00741405
0.16880000 0.00792119
0.16920000 0.00846159
0.16960000 0.00903727
0.17000000 0.00965032
0.17040000 0.01030290
0.17080000 0.01099723
0.17120000 0.01173562
0.17160000 0.01252044
0.17200000 0.01335411
0.17240000 0.01423916
0.17280000 0.01517815
0.17320000 0.01617375
0.17360000 0.01722869
0.17400000 0.01834580
0.17440000 0.01952802
0.17480000 0.02077836
0.17520000 0.02209998
0.17560000 0.02349617
0.17600000 0.02497034
0.17640000 0.02652608
0.17680000 0.02816714
0.17720000 0.02989747
0.17760000 0.03172124
0.17800000 0.03364282
0.17840000 0.03566685
0.17880000 0.03779820
0.17920000 0.04004203
0.17960000 0.04240380
0.18000000 0.04488926
0.18040000 0.04750448
0.18080000 0.05025585
0.18120000 0.05315010
0.18160000 0.05619428
0.18200000 0.05939580
0.18240000 0.06276240
0.18280000 0.06630215
0.18320000 0.07002347
0.18360000 0.07393508
0.18400000 0.07804604
0.18440000 0.08236569
0.18480000 0.08690368
0.18520000 0.09166990
0.18560000 0.09667454
0.18600000 0.10192801
0.18640000 0.10744094
0.18680000 0.11322419
0.18720000 0.11928881
0.18760000 0.12564601
0.18800000 0.13230722
0.18840000 0.13928400
0.18880000 0.14658807
0.18920000 0.15423132
0.18960000 0.16222579
0.19000000 0.17058368
0.19040000 0.17931734
0.19080000 0.18843933
0.19120000 0.19796235
0.19160000 0.20789932
0.19200000 0.21826340
0.19240000 0.22906793
0.19280000 0.24032654
0.19320000 0.25205310
0.19360000 0.26426178
0.19400000 0.27696702
0.19440000 0.29018359
0.19480000 0.30392655
0.19520000 0.31821128
0.19560000 0.33305346
0.19600000 0.34846909
0.19640000 0.36447443
0.19680000 0.38108601
0.19720000 0.39832060
0.19760000 0.41619516
0.19800000 0.43472678
0.19840000 0.45393266
0.19880000 0.47383005
0.19920000 0.49443616
0.19960000 0.51576810
0.20000000 0.53784283
0.20040000 0.56067705
0.20080000 0.58428716
0.20120000 0.60868915
0.20160000 0.63389855
0.20200000 0.65993034
0.20240000 0.68679888
0.20280000 0.71451788
0.20320000 0.74310030
0.20360000 0.77255836
0.20400000 0.80290344
0.20440000 0.83414610
0.20480000 0.86629605
0.20520000 0.89936214
0.20560000 0.93335238
0.20600000 0.96827393
0.20640000 1.00413316
0.20680000 1.04093565
0.20720000 1.07868627
0.20760000 1.11738917
0.20800000 1.15704789
0.20840000 1.19766535
0.20880000 1.23924396
0.20920000 1.28178561
0.20960000 1.32529171
0.21000000 1.36976326
0.21040000 1.41520082
0.21080000 1.46160451
0.21120000 1.50897402
0.21160000 1.55730856
0.21200000 1.60660676
0.21240000 1.65686665
0.21280000 1.70808553
0.21320000 1.76025982
0.21360000 1.81338493
0.21400000 1.86745510
0.21440000 1.92246316
0.21480000 1.97840036
0.21520000 2.03525611
0.21560000 2.09301775
0.21600000 2.15167030
0.21640000 2.21119615
0.21680000 2.27157487
0.21720000 2.33278288
0.21760000 2.39479323
0.21800000 2.45757534
0.21840000 2.52109479
0.21880000 2.58531307
0.21920000 2.65018744
0.21960000 2.71567075
0.22000000 2.78171133
0.22040000 2.84825289
0.22080000 2.91523448
0.22120000 2.98259048
0.22160000 3.05025066
0.22200000 3.11814020
0.22240000 3.18617987
0.22280000 3.25428620
0.22320000 3.32237164
0.22360000 3.39034484
0.22400000 3.45811095
0.22440000 3.52557192
0.22480000 3.59262691
0.22520000 3.65917262
0.22560000 3.72510375
0.22600000 3.79031346
0.22640000 3.85469380
0.22680000 3.91813623
0.22720000 3.98053210
0.22760000 4.04177319
0.22800000 4.10175223
0.22840000 4.16036342
0.22880000 4.21750301
0.22920000 4.27306981
0.22960000 4.32696579
0.23000000 4.37909658
0.23040000 4.42937209
0.23080000 4.47770705
0.23120000 4.52402158
0.23160000 4.56824175
0.23200000 4.61030017
0.23240000 4.65013657
0.23280000 4.68769834
0.23320000 4.72294113
0.23360000 4.75582940
0.23400000 4.78633698
0.23440000 4.81444764
0.23480000 4.84015556
0.23520000 4.86346591
0.23560000 4.88439523
0.23600000 4.90297196
0.23640000 4.91923677
0.23680000 4.93324289
0.23720000 4.94505639
0.23760000 4.95475636
0.23800000 4.96243500
0.23840000 4.96819759
0.23880000 4.97216242
0.23920000 4.97446050
0.23960000 4.97523521
0.24000000 4.97464177
0.24040000 4.97284659
0.24080000 4.97002644
0.24120000 4.96636750
0.24160000 4.96206420
0.24200000 4.95731794
0.24240000 4.95233566
0.24280000 4.94732826
0.24320000 4.94250885
0.24360000 4.93809094
0.24400000 4.93428648
0.24440000 4.93130382
0.24480000 4.92934565
0.24520000 4.92860679
0.24560000 4.92927212
0.24600000 4.93151438
0.24640000 4.93549211
0.24680000 4.94134766
0.24720000 4.94920520
0.24760000 4.95916904
0.24800000 4.97132197
0.24840000 4.98572390
0.24880000 5.00241063
0.24920000 5.02139298
0.24960000 5.04265608
0.25000000 5.06615904
0.25040000 5.09183486
0.25080000 5.11959070
0.25120000 5.14930844
0.25160000 5.18084555
0.25200000 5.21403630
0.25240000 5.24869325
0.25280000 5.28460904
0.25320000 5.32155841
0.25360000 5.35930053
0.25400000 5.39758143
0.25440000 5.43613675
0.25480000 5.47469446
0.25520000 5.51297781
0.25560000 5.55070828
0.25600000 5.58760853
0.25640000 5.62340535
0.25680000 5.65783252
0.25720000 5.69063350
0.25760000 5.72156407
0.25800000 5.75039466
0.25840000 5.77691251
0.25880000 5.80092353
0.25920000 5.82225389
0.25960000 5.84075130
0.26000000 5.85628593
0.26040000 5.86875106
0.26080000 5.87806328
0.26120000 5.88416247
0.26160000 5.88701135
0.26200000 5.88659479
0.26240000 5.88291880
0.26280000 5.87600921
0.26320000 5.86591014
0.26360000 5.85268231
0.26400000 5.83640107
0.26440000 5.81715442
0.26480000 5.79504084
0.26520000 5.77016711
0.26560000 5.74264616
0.26600000 5.71259491
0.26640000 5.68013217
0.26680000 5.64537672
0.26720000 5.60844546
0.26760000 5.56945178
0.26800000 5.52850415
0.26840000 5.48570484
0.26880000 5.44114900
0.26920000 5.39492390
0.26960000 5.34710846
0.27000000 5.29777302
0.27040000 5.24697936
0.27080000 5.19478096
0.27120000 5.14122347
0.27160000 5.08634537
0.27200000 5.03017882
0.27240000 4.97275067
0.27280000 4.91408352
0.27320000 4.85419695
0.27360000 4.79310873
0.27400000 4.73083611
0.27440000 4.66739704
0.27480000 4.60281135
0.27520000 4.53710193
0.27560000 4.47029569
0.27600000 4.40242446
0.27640000 4.33352579
0.27680000 4.26364345
0.27720000 4.19282791
0.27760000 4.12113650
0.27800000 4.04863352
0.27840000 3.97539003
0.27880000 3.90148354
0.27920000 3.82699755
0.27960000 3.75202086
0.28000000 3.67664681
0.28040000 3.60097238
0.28080000 3.52509717
0.28120000 3.44912234
0.28160000 3.37314953
0.28200000 3.29727970
0.28240000 3.22161202
0.28280000 3.14624277
0.28320000 3.07126435
0.28360000 2.99676431
0.28400000 2.92282452
0.28440000 2.84952043
0.28480000 2.77692049
0.28520000 2.70508572
0.28560000 2.63406940
0.28600000 2.56391695
0.28640000 2.49466595
0.28680000 2.42634630
0.28720000 2.35898057
0.28760000 2.29258443
0.28800000 2.22716726
0.28840000 2.16273281
0.28880000 2.09928000
0.28920000 2.03680375
0.28960000 1.97529586
0.29000000 1.91474599
0.29040000 1.85514251
0.29080000 1.79647346
0.29120000 1.73872738
0.29160000 1.68189416
0.29200000 1.62596577
0.29240000 1.57093685
0.29280000 1.51680534
0.29320000 1.46357283
0.29360000 1.41124491
0.29400000 1.35983130
0.29440000 1.30934592
0.29480000 1.25980682
0.29520000 1.21123592
0.29560000 1.16365872
0.29600000 1.11710383
0.29640000 1.07160246
0.29680000 1.02718777
0.29720000 0.98389423
0.29760000 0.94175679
0.29800000 0.90081019
0.29840000 0.86108813
0.29880000 0.82262245
0.29920000 0.78544241
0.29960000 0.74957390
0.30000000 0.71503878
0.30040000 0.68185424
0.30080000 0.65003229
0.30120000 0.61957927
0.30160000 0.59049548
0.30200000 0.56277498
0.30240000 0.53640543
0.30280000 0.51136801
0.30320000 0.48763758
0.30360000 0.46518280
0.30400000 0.44396644
0.30440000 0.42394578
0.30480000 0.40507307
0.30520000 0.38729608
0.30560000 0.37055873
0.30600000 0.35480172
0.30640000 0.33996329
0.30680000 0.32597993
0.30720000 0.31278713
0.30760000 0.30032013
0.30800000 0.28851465
0.30840000 0.27730761
0.30880000 0.26663777
0.30920000 0.25644639
0.30960000 0.24667775
0.31000000 0.23727969
0.31040000 0.22820397
0.31080000 0.21940667
0.31120000 0.21084845
0.31160000 0.20249470
0.31200000 0.19431566
0.31240000 0.18628647
0.31280000 0.17838706
0.31320000 0.17060206
0.31360000 0.16292062
0.31400000 0.15533609
0.31440000 0.14784580
0.31480000 0.14045063
0.31520000 0.13315468
0.31560000 0.12596481
0.31600000 0.11889022
0.31640000 0.11194202
0.31680000 0.10513276
0.31720000 0.09847599
0.31760000 0.09198584
0.31800000 0.08567661
0.31840000 0.07956238
0.31880000 0.07365668
0.31920000 0.06797215
0.31960000 0.06252028
0.32000000 0.05731116
0.32040000 0.05235332
0.32080000 0.04765356
0.32120000 0.04321685
0.32160000 0.03904626
0.32200000 0.03514295
0.32240000 0.03150621
0.32280000 0.02813345
0.32320000 0.02502034
0.32360000 0.02216090
0.32400000 0.01954761
0.32440000 0.01717163
0.32480000 0.01502289
0.32520000 0.01309030
0.32560000 0.01136198
0.32600000 0.00982535
0.32640000 0.00846740
0.32680000 0.00727486
0.32720000 0.00623433
0.32760000 0.00533246
0.32800000 0.00455614
0.32840000 0.00389258
0.32880000 0.00332948
0.32920000 0.00285507
0.32960000 0.00245826
0.33000000 0.00212868
0.33040000 0.00185673
0.33080000 0.00163360
0.33120000 0.00145133
0.33160000 0.00130277
0.33200000 0.00118160
0.33240000 0.00108229
0.33280000 0.00100007
0.33320000 0.00093090
0.33360000 0.00087142
0.33400000 0.00081887
0.33440000 0.00077107
0.33480000 0.00072635
0.33520000 0.00068346
0.33560000 0.00064155
0.33600000 0.00060008
0.33640000 0.00055878
0.33680000 0.00051759
0.33720000 0.00047661
0.33760000 0.00043606
0.33800000 0.00039625
0.33840000 0.00035751
0.33880000 0.00032020
0.33920000 0.00028465
0.33960000 0.00025119
0.34000000 0.00022008
0.34040000 0.00019153
0.34080000 0.00016569
0.34120000 0.00014266
0.34160000 0.00012245
0.34200000 0.00010502
0.34240000 0.00009028
0.34280000 0.00007810
0.34320000 0.00006827
0.34360000 0.00006060
0.34400000 0.00005483
0.34440000 0.00005071
0.34480000 0.00004798
0.34520000 0.00004638
0.34560000 0.00004564
0.34600000 0.00004554
0.34640000 0.00004584
0.34680000 0.00004636
0.34720000 0.00004692
0.34760000 0.00004737
0.34800000 0.00004760
0.34840000 0.00004754
0.34880000 0.00004710
0.34920000 0.00004627
0.34960000 0.00004503
0.35000000 0.00004340
