0.15000000 0.00025663
0.15040000 0.00027732
0.15080000 0.00029931
0.15120000 0.00032271
0.15160000 0.00034768
0.15200000 0.00037439
0.15240000 0.00040306
0.15280000 0.00043391
0.15320000 0.00046721
0.15360000 0.00050326
0.15400000 0.00054235
0.15440000 0.00058482
0.15480000 0.00063100
0.15520000 0.00068126
0.15560000 0.00073594
0.15600000 0.00079538
0.15640000 0.00085995
0.15680000 0.00092997
0.15720000 0.00100577
0.15760000 0.00108767
0.15800000 0.00117595
0.15840000 0.00127092
0.15880000 0.00137286
0.15920000 0.00148207
0.15960000 0.00159883
0.16000000 0.00172346
0.16040000 0.00185633
0.16080000 0.00199780
0.16120000 0.00214834
0.16160000 0.00230843
0.16200000 0.00247868
0.16240000 0.00265974
0.16280000 0.00285239
0.16320000 0.00305750
0.16360000 0.00327604
0.16400000 0.00350908
0.16440000 0.00375782
0.16480000 0.00402352
0.16520000 0.00430758
0.16560000 0.00461143
0.16600000 0.00493659
0.16640000 0.00528465
0.16680000 0.00565719
0.16720000 0.00605586
0.16760000 0.00648230
0.16800000 0.00693812
0.16840000 0.00742497
0.16880000 0.00794442
0.16920000 0.00849806
0.16960000 0.00908745
0.17000000 0.00971414
0.17040000 0.01037967
0.17080000 0.01108561
0.17120000 0.01183360
0.17160000 0.01262530
0.17200000 0.01346253
0.17240000 0.01434720
0.17280000 0.01528143
0.17320000 0.01626751
0.17360000 0.01730798
0.17400000 0.01840564
0.17440000 0.01956356
0.17480000 0.02078513
0.17520000 0.02207403
0.17560000 0.02343425
0.17600000 0.02487008
0.17640000 0.02638609
0.17680000 0.02798714
0.17720000 0.02967829
0.17760000 0.03146481
0.17800000 0.03335214
0.17840000 0.03534583
0.17880000 0.03745152
0.17920000 0.03967490
0.17960000 0.04202169
0.18000000 0.04449758
0.18040000 0.04710827
0.18080000 0.04985943
0.18120000 0.05275673
0.18160000 0.05580586
0.18200000 0.05901255
0.18240000 0.06238264
0.18280000 0.06592214
0.18320000 0.06963728
0.18360000 0.07353460
0.18400000 0.07762100
0.18440000 0.08190388
0.18480000 0.08639112
0.18520000 0.09109125
0.18560000 0.09601343
0.18600000 0.10116752
0.18640000 0.10656411
0.18680000 0.11221451
0.18720000 0.11813076
0.18760000 0.12432559
0.18800000 0.13081234
0.18840000 0.13760494
0.18880000 0.14471778
0.18920000 0.15216563
0.18960000 0.15996355
0.19000000 0.16812674
0.19040000 0.17667046
0.19080000 0.18560995
0.19120000 0.19496027
0.19160000 0.20473631
0.19200000 0.21495267
0.19240000 0.22562368
0.19280000 0.23676336
0.19320000 0.24838545
0.19360000 0.26050347
0.19400000 0.27313078
0.19440000 0.28628065
0.19480000 0.29996642
0.19520000 0.31420154
0.19560000 0.32899975
0.19600000 0.34437517
0.19640000 0.36034238
0.19680000 0.37691655
0.19720000 0.39411346
0.19760000 0.41194952
0.19800000 0.43044182
0.19840000 0.44960802
0.19880000 0.46946627
0.19920000 0.49003513
0.19960000 0.51133334
0.20000000 0.53337971
0.20040000 0.55619280
0.20080000 0.57979075
0.20120000 0.60419104
0.20160000 0.62941018
0.20200000 0.65546356
0.20240000 0.68236517
0.20280000 0.71012747
0.20320000 0.73876125
0.20360000 0.76827554
0.20400000 0.79867756
0.20440000 0.82997280
0.20480000 0.86216504
0.20520000 0.89525656
0.20560000 0.92924826
0.20600000 0.96413994
0.20640000 0.99993054
0.20680000 1.03661843
0.20720000 1.07420171
0.20760000 1.11267845
0.20800000 1.15204697
0.20840000 1.19230608
0.20880000 1.23345521
0.20920000 1.27549452
0.20960000 1.31842499
0.21000000 1.36224831
0.21040000 1.40696686
0.21080000 1.45258343
0.21120000 1.49910106
0.21160000 1.54652265
0.21200000 1.59485068
0.21240000 1.64408675
0.21280000 1.69423122
0.21320000 1.74528277
0.21360000 1.79723803
0.21400000 1.85009124
0.21440000 1.90383388
0.21480000 1.95845453
0.21520000 2.01393863
0.21560000 2.07026842
0.21600000 2.12742293
0.21640000 2.18537808
0.21680000 2.24410682
0.21720000 2.30357931
0.21760000 2.36376322
0.21800000 2.42462401
0.21840000 2.48612517
0.21880000 2.54822858
0.21920000 2.61089467
0.21960000 2.67408260
0.22000000 2.73775041
0.22040000 2.80185494
0.22080000 2.86635178
0.22120000 2.93119500
0.22160000 2.99633680
0.22200000 3.06172709
0.22240000 3.12731290
0.22280000 3.19303774
0.22320000 3.25884092
0.22360000 3.32465683
0.22400000 3.39041419
0.22440000 3.45603540
0.22480000 3.52143591
0.22520000 3.58652375
0.22560000 3.65119915
0.22600000 3.71535440
0.22640000 3.77887386
0.22680000 3.84163423
0.22720000 3.90350500
0.22760000 3.96434916
0.22800000 4.02402421
0.22840000 4.08238322
0.22880000 4.13927628
0.22920000 4.19455195
0.22960000 4.24805893
0.23000000 4.29964783
0.23040000 4.34917289
0.23080000 4.39649380
0.23120000 4.44147745
0.23160000 4.48399956
0.23200000 4.52394620
0.23240000 4.56121518
0.23280000 4.59571723
0.23320000 4.62737697
0.23360000 4.65613368
0.23400000 4.68194186
0.23440000 4.70477157
0.23480000 4.72460863
0.23520000 4.74145452
0.23560000 4.75532631
0.23600000 4.76625632
0.23640000 4.77429181
0.23680000 4.77949458
0.23720000 4.78194050
0.23760000 4.78171914
0.23800000 4.77893336
0.23840000 4.77369893
0.23880000 4.76614425
0.23920000 4.75641005
0.23960000 4.74464916
0.24000000 4.73102621
0.24040000 4.71571743
0.24080000 4.69891026
0.24120000 4.68080296
0.24160000 4.66160403
0.24200000 4.64153146
0.24240000 4.62081182
0.24280000 4.59967903
0.24320000 4.57837289
0.24360000 4.55713733
0.24400000 4.53621840
0.24440000 4.51586189
0.24480000 4.49631080
0.24520000 4.47780248
0.24560000 4.46056569
0.24600000 4.44481746
0.24640000 4.43075995
0.24680000 4.41857733
0.24720000 4.40843272
0.24760000 4.40046541
0.24800000 4.39478831
0.24840000 4.39148573
0.24880000 4.39061164
0.24920000 4.39218844
0.24960000 4.39620616
0.25000000 4.40262239
0.25040000 4.41136268
0.25080000 4.42232161
0.25120000 4.43536442
0.25160000 4.45032913
0.25200000 4.46702925
0.25240000 4.48525684
0.25280000 4.50478594
0.25320000 4.52537628
0.25360000 4.54677709
0.25400000 4.56873108
0.25440000 4.59097833
0.25480000 4.61326002
0.25520000 4.63532207
0.25560000 4.65691837
0.25600000 4.67781376
0.25640000 4.69778658
0.25680000 4.71663076
0.25720000 4.73415751
0.25760000 4.75019653
0.25800000 4.76459681
0.25840000 4.77722694
0.25880000 4.78797515
0.25920000 4.79674893
0.25960000 4.80347440
0.26000000 4.80809548
0.26040000 4.81057284
0.26080000 4.81088280
0.26120000 4.80901612
0.26160000 4.80497680
0.26200000 4.79878091
0.26240000 4.79045549
0.26280000 4.78003743
0.26320000 4.76757255
0.26360000 4.75311471
0.26400000 4.73672496
0.26440000 4.71847075
0.26480000 4.69842528
0.26520000 4.67666668
0.26560000 4.65327735
0.26600000 4.62834314
0.26640000 4.60195254
0.26680000 4.57419577
0.26720000 4.54516380
0.26760000 4.51494728
0.26800000 4.48363541
0.26840000 4.45131476
0.26880000 4.41806801
0.26920000 4.38397273
0.26960000 4.34910025
0.27000000 4.31351445
0.27040000 4.27727085
0.27080000 4.24041576
0.27120000 4.20298566
0.27160000 4.16500679
0.27200000 4.12649510
0.27240000 4.08745639
0.27280000 4.04788677
0.27320000 4.00777349
0.27360000 3.96709593
0.27400000 3.92582696
0.27440000 3.88393445
0.27480000 3.84138297
0.27520000 3.79813564
0.27560000 3.75415601
0.27600000 3.70940992
0.27640000 3.66386733
0.27680000 3.61750399
0.27720000 3.57030287
0.27760000 3.52225547
0.27800000 3.47336267
0.27840000 3.42363536
0.27880000 3.37309470
0.27920000 3.32177203
0.27960000 3.26970837
0.28000000 3.21695369
0.28040000 3.16356582
0.28080000 3.10960907
0.28120000 3.05515279
0.28160000 3.00026961
0.28200000 2.94503376
0.28240000 2.88951930
0.28280000 2.83379844
0.28320000 2.77794000
0.28360000 2.72200802
0.28400000 2.66606065
0.28440000 2.61014927
0.28480000 2.55431793
0.28520000 2.49860312
0.28560000 2.44303385
0.28600000 2.38763198
0.28640000 2.33241296
0.28680000 2.27738667
0.28720000 2.22255860
0.28760000 2.16793105
0.28800000 2.11350458
0.28840000 2.05927934
0.28880000 2.00525651
0.28920000 1.95143957
0.28960000 1.89783553
0.29000000 1.84445590
0.29040000 1.79131751
0.29080000 1.73844306
0.29120000 1.68586144
0.29160000 1.63360778
0.29200000 1.58172327
0.29240000 1.53025467
0.29280000 1.47925370
0.29320000 1.42877622
0.29360000 1.37888121
0.29400000 1.32962972
0.29440000 1.28108374
0.29480000 1.23330509
0.29520000 1.18635425
0.29560000 1.14028941
0.29600000 1.09516549
0.29640000 1.05103340
0.29680000 1.00793938
0.29720000 0.96592458
0.29760000 0.92502476
0.29800000 0.88527019
0.29840000 0.84668571
0.29880000 0.80929092
0.29920000 0.77310050
0.29960000 0.73812459
0.30000000 0.70436931
0.30040000 0.67183719
0.30080000 0.64052771
0.30120000 0.61043776
0.30160000 0.58156200
0.30200000 0.55389325
0.30240000 0.52742265
0.30280000 0.50213988
0.30320000 0.47803310
0.30360000 0.45508890
0.30400000 0.43329213
0.30440000 0.41262564
0.30480000 0.39306996
0.30520000 0.37460293
0.30560000 0.35719936
0.30600000 0.34083067
0.30640000 0.32546457
0.30680000 0.31106483
0.30720000 0.29759112
0.30760000 0.28499897
0.30800000 0.27323987
0.30840000 0.26226142
0.30880000 0.25200778
0.30920000 0.24242007
0.30960000 0.23343702
0.31000000 0.22499570
0.31040000 0.21703232
0.31080000 0.20948314
0.31120000 0.20228539
0.31160000 0.19537825
0.31200000 0.18870377
0.31240000 0.18220777
0.31280000 0.17584071
0.31320000 0.16955837
0.31360000 0.16332254
0.31400000 0.15710143
0.31440000 0.15087005
0.31480000 0.14461036
0.31520000 0.13831128
0.31560000 0.13196853
0.31600000 0.12558432
0.31640000 0.11916688
0.31680000 0.11272989
0.31720000 0.10629176
0.31760000 0.09987485
0.31800000 0.09350462
0.31840000 0.08720876
0.31880000 0.08101626
0.31920000 0.07495655
0.31960000 0.06905863
0.32000000 0.06335032
0.32040000 0.05785748
0.32080000 0.05260349
0.32120000 0.04760863
0.32160000 0.04288977
0.32200000 0.03846003
0.32240000 0.03432866
0.32280000 0.03050093
0.32320000 0.02697827
0.32360000 0.02375836
0.32400000 0.02083541
0.32440000 0.01820047
0.32480000 0.01584180
0.32520000 0.01374532
0.32560000 0.01189500
0.32600000 0.01027337
0.32640000 0.00886198
0.32680000 0.00764179
0.32720000 0.00659365
0.32760000 0.00569864
0.32800000 0.00493840
0.32840000 0.00429546
0.32880000 0.00375342
0.32920000 0.00329716
0.32960000 0.00291296
0.33000000 0.00258858
0.33040000 0.00231328
0.33080000 0.00207778
0.33120000 0.00187425
0.33160000 0.00169621
0.33200000 0.00153841
0.33240000 0.00139670
0.33280000 0.00126790
0.33320000 0.00114970
0.33360000 0.00104042
0.33400000 0.00093897
0.33440000 0.00084466
0.33480000 0.00075712
0.33520000 0.00067617
0.33560000 0.00060175
0.33600000 0.00053385
0.33640000 0.00047245
0.33680000 0.00041746
0.33720000 0.00036874
0.33760000 0.00032607
0.33800000 0.00028911
0.33840000 0.00025747
0.33880000 0.00023067
0.33920000 0.00020818
0.33960000 0.00018944
0.34000000 0.00017389
0.34040000 0.00016097
0.34080000 0.00015014
0.34120000 0.00014090
0.34160000 0.00013283
0.34200000 0.00012555
0.34240000 0.00011874
0.34280000 0.00011218
0.34320000 0.00010570
0.34360000 0.00009919
0.34400000 0.00009261
0.34440000 0.00008594
0.34480000 0.00007923
0.34520000 0.00007254
0.34560000 0.00006596
0.34600000 0.00005956
0.34640000 0.00005346
0.34680000 0.00004772
0.34720000 0.00004243
0.34760000 0.00003763
0.34800000 0.00003337
0.34840000 0.00002966
0.34880000 0.00002650
0.34920000 0.00002386
0.34960000 0.00002171
0.35000000 0.00002000
