0.15000000 0.00026194
0.15040000 0.00028074
0.15080000 0.00030073
0.15120000 0.00032207
0.15160000 0.00034493
0.15200000 0.00036950
0.15240000 0.00039601
0.15280000 0.00042469
0.15320000 0.00045582
0.15360000 0.00048968
0.15400000 0.00052659
0.15440000 0.00056688
0.15480000 0.00061089
0.15520000 0.00065900
0.15560000 0.00071157
0.15600000 0.00076901
0.15640000 0.00083172
0.15680000 0.00090010
0.15720000 0.00097455
0.15760000 0.00105551
0.15800000 0.00114337
0.15840000 0.00123855
0.15880000 0.00134147
0.15920000 0.00145252
0.15960000 0.00157213
0.16000000 0.00170068
0.16040000 0.00183860
0.16080000 0.00198629
0.16120000 0.00214418
0.16160000 0.00231269
0.16200000 0.00249230
0.16240000 0.00268348
0.16280000 0.00288674
0.16320000 0.00310264
0.16360000 0.00333179
0.16400000 0.00357486
0.16440000 0.00383259
0.16480000 0.00410578
0.16520000 0.00439534
0.16560000 0.00470228
0.16600000 0.00502769
0.16640000 0.00537279
0.16680000 0.00573891
0.16720000 0.00612752
0.16760000 0.00654021
0.16800000 0.00697868
0.16840000 0.00744480
0.16880000 0.00794054
0.16920000 0.00846801
0.16960000 0.00902945
0.17000000 0.00962720
0.17040000 0.01026373
0.17080000 0.01094161
0.17120000 0.01166350
0.17160000 0.01243213
0.17200000 0.01325031
0.17240000 0.01412093
0.17280000 0.01504690
0.17320000 0.01603118
0.17360000 0.01707676
0.17400000 0.01818665
0.17440000 0.01936389
0.17480000 0.02061152
0.17520000 0.02193258
0.17560000 0.02333015
0.17600000 0.02480732
0.17640000 0.02636722
0.17680000 0.02801299
0.17720000 0.02974788
0.17760000 0.03157517
0.17800000 0.03349829
0.17840000 0.03552077
0.17880000 0.03764632
0.17920000 0.03987883
0.17960000 0.04222244
0.18000000 0.04468156
0.18040000 0.04726087
0.18080000 0.04996543
0.18120000 0.05280067
0.18160000 0.05577242
0.18200000 0.05888698
0.18240000 0.06215110
0.18280000 0.06557206
0.18320000 0.06915764
0.18360000 0.07291619
0.18400000 0.07685658
0.18440000 0.08098825
0.18480000 0.08532119
0.18520000 0.08986594
0.18560000 0.09463356
0.18600000 0.09963561
0.18640000 0.10488414
0.18680000 0.11039164
0.18720000 0.11617101
0.18760000 0.12223551
0.18800000 0.12859872
0.18840000 0.13527447
0.18880000 0.14227685
0.18920000 0.14962009
0.18960000 0.15731855
0.19000000 0.16538668
0.19040000 0.17383896
0.19080000 0.18268987
0.19120000 0.19195386
0.19160000 0.20164533
0.19200000 0.21177861
0.19240000 0.22236794
0.19280000 0.23342749
0.19320000 0.24497133
0.19360000 0.25701348
0.19400000 0.26956792
0.19440000 0.28264860
0.19480000 0.29626948
0.19520000 0.31044457
0.19560000 0.32518797
0.19600000 0.34051388
0.19640000 0.35643668
0.19680000 0.37297092
0.19720000 0.39013136
0.19760000 0.40793301
0.19800000 0.42639112
0.19840000 0.44552118
0.19880000 0.46533891
0.19920000 0.48586024
0.19960000 0.50710127
0.20000000 0.52907819
0.20040000 0.55180723
0.20080000 0.57530458
0.20120000 0.59958625
0.20160000 0.62466798
0.20200000 0.65056510
0.20240000 0.67729241
0.20280000 0.70486397
0.20320000 0.73329302
0.20360000 0.76259177
0.20400000 0.79277125
0.20440000 0.82384120
0.20480000 0.85580983
0.20520000 0.88868381
0.20560000 0.92246803
0.20600000 0.95716561
0.20640000 0.99277775
0.20680000 1.02930369
0.20720000 1.06674075
0.20760000 1.10508424
0.20800000 1.14432759
0.20840000 1.18446237
0.20880000 1.22547841
0.20920000 1.26736396
0.20960000 1.31010580
0.21000000 1.35368949
0.21040000 1.39809958
0.21080000 1.44331981
0.21120000 1.48933342
0.21160000 1.53612334
0.21200000 1.58367255
0.21240000 1.63196425
0.21280000 1.68098216
0.21320000 1.73071077
0.21360000 1.78113549
0.21400000 1.83224289
0.21440000 1.88402078
0.21480000 1.93645835
0.21520000 1.98954618
0.21560000 2.04327622
0.21600000 2.09764171
0.21640000 2.15263705
0.21680000 2.20825756
0.21720000 2.26449924
0.21760000 2.32135835
0.21800000 2.37883107
0.21840000 2.43691295
0.21880000 2.49559842
0.21920000 2.55488019
0.21960000 2.61474859
0.22000000 2.67519094
0.22040000 2.73619081
0.22080000 2.79772733
0.22120000 2.85977446
0.22160000 2.92230031
0.22200000 2.98526645
0.22240000 3.04862721
0.22280000 3.11232916
0.22320000 3.17631053
0.22360000 3.24050077
0.22400000 3.30482014
0.22440000 3.36917951
0.22480000 3.43348013
0.22520000 3.49761363
0.22560000 3.56146211
0.22600000 3.62489831
0.22640000 3.68778606
0.22680000 3.74998070
0.22720000 3.81132973
0.22760000 3.87167366
0.22800000 3.93084683
0.22840000 3.98867855
0.22880000 4.04499420
0.22920000 4.09961656
0.22960000 4.15236718
0.23000000 4.20306789
0.23040000 4.25154231
0.23080000 4.29761748
0.23120000 4.34112556
0.23160000 4.38190542
0.23200000 4.41980442
0.23240000 4.45468003
0.23280000 4.48640145
0.23320000 4.51485123
0.23360000 4.53992677
0.23400000 4.56154168
0.23440000 4.57962717
0.23480000 4.59413310
0.23520000 4.60502911
0.23560000 4.61230539
0.23600000 4.61597341
0.23640000 4.61606636
0.23680000 4.61263947
0.23720000 4.60577006
0.23760000 4.59555742
0.23800000 4.58212243
0.23840000 4.56560696
0.23880000 4.54617312
0.23920000 4.52400216
0.23960000 4.49929332
0.24000000 4.47226229
0.24040000 4.44313968
0.24080000 4.41216911
0.24120000 4.37960532
0.24160000 4.34571197
0.24200000 4.31075942
0.24240000 4.27502237
0.24280000 4.23877741
0.24320000 4.20230051
0.24360000 4.16586452
0.24400000 4.12973663
0.24440000 4.09417580
0.24480000 4.05943041
0.24520000 4.02573578
0.24560000 3.99331199
0.24600000 3.96236168
0.24640000 3.93306814
0.24680000 3.90559352
0.24720000 3.88007726
0.24760000 3.85663477
0.24800000 3.83535637
0.24840000 3.81630647
0.24880000 3.79952308
0.24920000 3.78501753
0.24960000 3.77277464
0.25000000 3.76275299
0.25040000 3.75488568
0.25080000 3.74908127
0.25120000 3.74522504
0.25160000 3.74318053
0.25200000 3.74279132
0.25240000 3.74388307
0.25280000 3.74626571
0.25320000 3.74973591
0.25360000 3.75407958
0.25400000 3.75907458
0.25440000 3.76449348
0.25480000 3.77010633
0.25520000 3.77568353
0.25560000 3.78099853
0.25600000 3.78583057
0.25640000 3.78996730
0.25680000 3.79320718
0.25720000 3.79536177
0.25760000 3.79625782
0.25800000 3.79573905
0.25840000 3.79366773
0.25880000 3.78992595
0.25920000 3.78441662
0.25960000 3.77706407
0.26000000 3.76781449
0.26040000 3.75663585
0.26080000 3.74351771
0.26120000 3.72847056
0.26160000 3.71152495
0.26200000 3.69273034
0.26240000 3.67215368
0.26280000 3.64987778
0.26320000 3.62599947
0.26360000 3.60062765
0.26400000 3.57388113
0.26440000 3.54588649
0.26480000 3.51677582
0.26520000 3.48668445
0.26560000 3.45574879
0.26600000 3.42410414
0.26640000 3.39188267
0.26680000 3.35921153
0.26720000 3.32621108
0.26760000 3.29299339
0.26800000 3.25966088
0.26840000 3.22630525
0.26880000 3.19300664
0.26920000 3.15983301
0.26960000 3.12683984
0.27000000 3.09407004
0.27040000 3.06155409
0.27080000 3.02931050
0.27120000 2.99734638
0.27160000 2.96565827
0.27200000 2.93423318
0.27240000 2.90304964
0.27280000 2.87207908
0.27320000 2.84128706
0.27360000 2.81063475
0.27400000 2.78008033
0.27440000 2.74958040
0.27480000 2.71909136
0.27520000 2.68857073
0.27560000 2.65797831
0.27600000 2.62727735
0.27640000 2.59643540
0.27680000 2.56542519
0.27720000 2.53422515
0.27760000 2.50281995
0.27800000 2.47120064
0.27840000 2.43936481
0.27880000 2.40731641
0.27920000 2.37506548
0.27960000 2.34262769
0.28000000 2.31002376
0.28040000 2.27727872
0.28080000 2.24442108
0.28120000 2.21148193
0.28160000 2.17849399
0.28200000 2.14549056
0.28240000 2.11250456
0.28280000 2.07956757
0.28320000 2.04670883
0.28360000 2.01395443
0.28400000 1.98132655
0.28440000 1.94884275
0.28480000 1.91651547
0.28520000 1.88435163
0.28560000 1.85235241
0.28600000 1.82051312
0.28640000 1.78882333
0.28680000 1.75726703
0.28720000 1.72582308
0.28760000 1.69446566
0.28800000 1.66316501
0.28840000 1.63188810
0.28880000 1.60059958
0.28920000 1.56926267
0.28960000 1.53784019
0.29000000 1.50629559
0.29040000 1.47459396
0.29080000 1.44270313
0.29120000 1.41059462
0.29160000 1.37824459
0.29200000 1.34563469
0.29240000 1.31275286
0.29280000 1.27959395
0.29320000 1.24616023
0.29360000 1.21246180
0.29400000 1.17851681
0.29440000 1.14435153
0.29480000 1.11000028
0.29520000 1.07550520
0.29560000 1.04091584
0.29600000 1.00628868
0.29640000 0.97168643
0.29680000 0.93717729
0.29720000 0.90283400
0.29760000 0.86873297
0.29800000 0.83495315
0.29840000 0.80157497
0.29880000 0.76867925
0.29920000 0.73634603
0.29960000 0.70465350
0.30000000 0.67367688
0.30040000 0.64348741
0.30080000 0.61415139
0.30120000 0.58572931
0.30160000 0.55827505
0.30200000 0.53183525
0.30240000 0.50644875
0.30280000 0.48214617
0.30320000 0.45894964
0.30360000 0.43687265
0.30400000 0.41592003
0.30440000 0.39608811
0.30480000 0.37736489
0.30520000 0.35973050
0.30560000 0.34315760
0.30600000 0.32761197
0.30640000 0.31305320
0.30680000 0.29943539
0.30720000 0.28670794
0.30760000 0.27481638
0.30800000 0.26370325
0.30840000 0.25330894
0.30880000 0.24357254
0.30920000 0.23443275
0.30960000 0.22582861
0.31000000 0.21770034
0.31040000 0.20999002
0.31080000 0.20264226
0.31120000 0.19560476
0.31160000 0.18882884
0.31200000 0.18226982
0.31240000 0.17588740
0.31280000 0.16964584
0.31320000 0.16351419
0.31360000 0.15746632
0.31400000 0.15148090
0.31440000 0.14554135
0.31480000 0.13963565
0.31520000 0.13375616
0.31560000 0.12789928
0.31600000 0.12206517
0.31640000 0.11625737
0.31680000 0.11048240
0.31720000 0.10474933
0.31760000 0.09906936
0.31800000 0.09345538
0.31840000 0.08792153
0.31880000 0.08248275
0.31920000 0.07715442
0.31960000 0.07195194
0.32000000 0.06689037
0.32040000 0.06198415
0.32080000 0.05724675
0.32120000 0.05269048
0.32160000 0.04832624
0.32200000 0.04416340
0.32240000 0.04020961
0.32280000 0.03647081
0.32320000 0.03295108
0.32360000 0.02965271
0.32400000 0.02657622
0.32440000 0.02372037
0.32480000 0.02108228
0.32520000 0.01865756
0.32560000 0.01644039
0.32600000 0.01442370
0.32640000 0.01259932
0.32680000 0.01095813
0.32720000 0.00949026
0.32760000 0.00818522
0.32800000 0.00703211
0.32840000 0.00601974
0.32880000 0.00513683
0.32920000 0.00437210
0.32960000 0.00371445
0.33000000 0.00315305
0.33040000 0.00267748
0.33080000 0.00227775
0.33120000 0.00194445
0.33160000 0.00166876
0.33200000 0.00144252
0.33240000 0.00125824
0.33280000 0.00110911
0.33320000 0.00098905
0.33360000 0.00089263
0.33400000 0.00081512
0.33440000 0.00075241
0.33480000 0.00070102
0.33520000 0.00065801
0.33560000 0.00062099
0.33600000 0.00058803
0.33640000 0.00055763
0.33680000 0.00052865
0.33720000 0.00050031
0.33760000 0.00047207
0.33800000 0.00044363
0.33840000 0.00041490
0.33880000 0.00038588
0.33920000 0.00035675
0.33960000 0.00032769
0.34000000 0.00029899
0.34040000 0.00027092
0.34080000 0.00024377
0.34120000 0.00021781
0.34160000 0.00019328
0.34200000 0.00017039
0.34240000 0.00014929
0.34280000 0.00013009
0.34320000 0.00011286
0.34360000 0.00009763
0.34400000 0.00008436
0.34440000 0.00007299
0.34480000 0.00006343
0.34520000 0.00005554
0.34560000 0.00004918
0.34600000 0.00004418
0.34640000 0.00004037
0.34680000 0.00003758
0.34720000 0.00003562
0.34760000 0.00003432
0.34800000 0.00003352
0.34840000 0.00003308
0.34880000 0.00003286
0.34920000 0.00003275
0.34960000 0.00003265
0.35000000 0.00003248
