0.15000000 0.00027900
0.15040000 0.00029217
0.15080000 0.00030571
0.15120000 0.00031987
0.15160000 0.00033493
0.15200000 0.00035121
0.15240000 0.00036909
0.15280000 0.00038901
0.15320000 0.00041142
0.15360000 0.00043684
0.15400000 0.00046579
0.15440000 0.00049884
0.15480000 0.00053656
0.15520000 0.00057954
0.15560000 0.00062835
0.15600000 0.00068358
0.15640000 0.00074577
0.15680000 0.00081546
0.15720000 0.00089312
0.15760000 0.00097920
0.15800000 0.00107410
0.15840000 0.00117815
0.15880000 0.00129163
0.15920000 0.00141475
0.15960000 0.00154768
0.16000000 0.00169051
0.16040000 0.00184330
0.16080000 0.00200607
0.16120000 0.00217879
0.16160000 0.00236143
0.16200000 0.00255398
0.16240000 0.00275643
0.16280000 0.00296882
0.16320000 0.00319126
0.16360000 0.00342394
0.16400000 0.00366717
0.16440000 0.00392140
0.16480000 0.00418725
0.16520000 0.00446552
0.16560000 0.00475720
0.16600000 0.00506353
0.16640000 0.00538596
0.16680000 0.00572621
0.16720000 0.00608623
0.16760000 0.00646826
0.16800000 0.00687474
0.16840000 0.00730839
0.16880000 0.00777213
0.16920000 0.00826908
0.16960000 0.00880255
0.17000000 0.00937596
0.17040000 0.00999286
0.17080000 0.01065683
0.17120000 0.01137149
0.17160000 0.01214043
0.17200000 0.01296713
0.17240000 0.01385497
0.17280000 0.01480717
0.17320000 0.01582669
0.17360000 0.01691629
0.17400000 0.01807842
0.17440000 0.01931522
0.17480000 0.02062853
0.17520000 0.02201984
0.17560000 0.02349033
0.17600000 0.02504089
0.17640000 0.02667211
0.17680000 0.02838436
0.17720000 0.03017785
0.17760000 0.03205265
0.17800000 0.03400882
0.17840000 0.03604647
0.17880000 0.03816584
0.17920000 0.04036746
0.17960000 0.04265221
0.18000000 0.04502143
0.18040000 0.04747705
0.18080000 0.05002173
0.18120000 0.05265888
0.18160000 0.05539285
0.18200000 0.05822894
0.18240000 0.06117352
0.18280000 0.06423409
0.18320000 0.06741927
0.18360000 0.07073888
0.18400000 0.07420391
0.18440000 0.07782650
0.18480000 0.08161992
0.18520000 0.08559845
0.18560000 0.08977738
0.18600000 0.09417282
0.18640000 0.09880164
0.18680000 0.10368130
0.18720000 0.10882971
0.18760000 0.11426508
0.18800000 0.12000575
0.18840000 0.12607004
0.18880000 0.13247606
0.18920000 0.13924163
0.18960000 0.14638405
0.19000000 0.15392006
0.19040000 0.16186572
0.19080000 0.17023631
0.19120000 0.17904633
0.19160000 0.18830945
0.19200000 0.19803853
0.19240000 0.20824568
0.19280000 0.21894233
0.19320000 0.23013933
0.19360000 0.24184709
0.19400000 0.25407572
0.19440000 0.26683523
0.19480000 0.28013568
0.19520000 0.29398739
0.19560000 0.30840113
0.19600000 0.32338828
0.19640000 0.33896102
0.19680000 0.35513241
0.19720000 0.37191655
0.19760000 0.38932861
0.19800000 0.40738484
0.19840000 0.42610253
0.19880000 0.44549988
0.19920000 0.46559586
0.19960000 0.48640996
0.20000000 0.50796188
0.20040000 0.53027115
0.20080000 0.55335674
0.20120000 0.57723649
0.20160000 0.60192668
0.20200000 0.62744134
0.20240000 0.65379173
0.20280000 0.68098570
0.20320000 0.70902704
0.20360000 0.73791494
0.20400000 0.76764339
0.20440000 0.79820068
0.20480000 0.82956901
0.20520000 0.86172409
0.20560000 0.89463494
0.20600000 0.92826380
0.20640000 0.96256616
0.20680000 0.99749090
0.20720000 1.03298072
0.20760000 1.06897262
0.20800000 1.10539855
0.20840000 1.14218636
0.20880000 1.17926075
0.20920000 1.21654449
0.20960000 1.25395972
0.21000000 1.29142942
0.21040000 1.32887896
0.21080000 1.36623768
0.21120000 1.40344061
0.21160000 1.44043012
0.21200000 1.47715759
0.21240000 1.51358498
0.21280000 1.54968632
0.21320000 1.58544909
0.21360000 1.62087532
0.21400000 1.65598261
0.21440000 1.69080476
0.21480000 1.72539219
0.21520000 1.75981200
0.21560000 1.79414776
0.21600000 1.82849883
0.21640000 1.86297940
0.21680000 1.89771711
0.21720000 1.93285128
0.21760000 1.96853085
0.21800000 2.00491185
0.21840000 2.04215470
0.21880000 2.08042106
0.21920000 2.11987057
0.21960000 2.16065736
0.22000000 2.20292631
0.22040000 2.24680944
0.22080000 2.29242205
0.22120000 2.33985912
0.22160000 2.38919166
0.22200000 2.44046340
0.22240000 2.49368765
0.22280000 2.54884454
0.22320000 2.60587867
0.22360000 2.66469715
0.22400000 2.72516829
0.22440000 2.78712075
0.22480000 2.85034329
0.22520000 2.91458526
0.22560000 2.97955765
0.22600000 3.04493481
0.22640000 3.11035686
0.22680000 3.17543273
0.22720000 3.23974380
0.22760000 3.30284810
0.22800000 3.36428509
0.22840000 3.42358083
0.22880000 3.48025354
0.22920000 3.53381954
0.22960000 3.58379931
0.23000000 3.62972373
0.23040000 3.67114036
0.23080000 3.70761958
0.23120000 3.73876061
0.23160000 3.76419725
0.23200000 3.78360323
0.23240000 3.79669713
0.23280000 3.80324669
0.23320000 3.80307256
0.23360000 3.79605134
0.23400000 3.78211789
0.23440000 3.76126680
0.23480000 3.73355312
0.23520000 3.69909217
0.23560000 3.65805862
0.23600000 3.61068465
0.23640000 3.55725735
0.23680000 3.49811541
0.23720000 3.43364504
0.23760000 3.36427525
0.23800000 3.29047265
0.23840000 3.21273570
0.23880000 3.13158856
0.23920000 3.04757472
0.23960000 2.96125041
0.24000000 2.87317788
0.24040000 2.78391883
0.24080000 2.69402782
0.24120000 2.60404601
0.24160000 2.51449520
0.24200000 2.42587220
0.24240000 2.33864385
0.24280000 2.25324240
0.24320000 2.17006167
0.24360000 2.08945376
0.24400000 2.01172650
0.24440000 1.93714162
0.24480000 1.86591361
0.24520000 1.79820933
0.24560000 1.73414829
0.24600000 1.67380364
0.24640000 1.61720372
0.24680000 1.56433430
0.24720000 1.51514123
0.24760000 1.46953361
0.24800000 1.42738736
0.24840000 1.38854905
0.24880000 1.35283997
0.24920000 1.32006043
0.24960000 1.28999399
0.25000000 1.26241185
0.25040000 1.23707704
0.25080000 1.21374852
0.25120000 1.19218505
0.25160000 1.17214885
0.25200000 1.15340886
0.25240000 1.13574374
0.25280000 1.11894442
0.25320000 1.10281628
0.25360000 1.08718090
0.25400000 1.07187744
0.25440000 1.05676349
0.25480000 1.04171565
0.25520000 1.02662961
0.25560000 1.01141996
0.25600000 0.99601964
0.25640000 0.98037905
0.25680000 0.96446502
0.25720000 0.94825945
0.25760000 0.93175788
0.25800000 0.91496790
0.25840000 0.89790747
0.25880000 0.88060322
0.25920000 0.86308876
0.25960000 0.84540305
0.26000000 0.82758876
0.26040000 0.80969088
0.26080000 0.79175525
0.26120000 0.77382747
0.26160000 0.75595175
0.26200000 0.73817010
0.26240000 0.72052156
0.26280000 0.70304169
0.26320000 0.68576217
0.26360000 0.66871059
0.26400000 0.65191039
0.26440000 0.63538087
0.26480000 0.61913738
0.26520000 0.60319158
0.26560000 0.58755179
0.26600000 0.57222334
0.26640000 0.55720904
0.26680000 0.54250960
0.26720000 0.52812410
0.26760000 0.51405039
0.26800000 0.50028553
0.26840000 0.48682612
0.26880000 0.47366863
0.26920000 0.46080966
0.26960000 0.44824613
0.27000000 0.43597542
0.27040000 0.42399544
0.27080000 0.41230466
0.27120000 0.40090207
0.27160000 0.38978707
0.27200000 0.37895939
0.27240000 0.36841894
0.27280000 0.35816558
0.27320000 0.34819898
0.27360000 0.33851845
0.27400000 0.32912269
0.27440000 0.32000969
0.27480000 0.31117655
0.27520000 0.30261937
0.27560000 0.29433315
0.27600000 0.28631179
0.27640000 0.27854803
0.27680000 0.27103350
0.27720000 0.26375879
0.27760000 0.25671357
0.27800000 0.24988669
0.27840000 0.24326638
0.27880000 0.23684044
0.27920000 0.23059642
0.27960000 0.22452187
0.28000000 0.21860453
0.28040000 0.21283256
0.28080000 0.20719477
0.28120000 0.20168077
0.28160000 0.19628116
0.28200000 0.19098769
0.28240000 0.18579336
0.28280000 0.18069248
0.28320000 0.17568076
0.28360000 0.17075529
0.28400000 0.16591452
0.28440000 0.16115821
0.28480000 0.15648733
0.28520000 0.15190395
0.28560000 0.14741109
0.28600000 0.14301259
0.28640000 0.13871288
0.28680000 0.13451684
0.28720000 0.13042958
0.28760000 0.12645627
0.28800000 0.12260199
0.28840000 0.11887149
0.28880000 0.11526910
0.28920000 0.11179859
0.28960000 0.10846303
0.29000000 0.10526475
0.29040000 0.10220526
0.29080000 0.09928523
0.29120000 0.09650449
0.29160000 0.09386205
0.29200000 0.09135616
0.29240000 0.08898439
0.29280000 0.08674368
0.29320000 0.08463052
0.29360000 0.08264097
0.29400000 0.08077089
0.29440000 0.07901596
0.29480000 0.07737189
0.29520000 0.07583448
0.29560000 0.07439978
0.29600000 0.07306412
0.29640000 0.07182423
0.29680000 0.07067730
0.29720000 0.06962101
0.29760000 0.06865352
0.29800000 0.06777349
0.29840000 0.06698006
0.29880000 0.06627279
0.29920000 0.06565156
0.29960000 0.06511652
0.30000000 0.06466799
0.30040000 0.06430632
0.30080000 0.06403180
0.30120000 0.06384449
0.30160000 0.06374414
0.30200000 0.06373004
0.30240000 0.06380092
0.30280000 0.06395482
0.30320000 0.06418903
0.30360000 0.06449998
0.30400000 0.06488322
0.30440000 0.06533335
0.30480000 0.06584404
0.30520000 0.06640801
0.30560000 0.06701708
0.30600000 0.06766224
0.30640000 0.06833368
0.30680000 0.06902097
0.30720000 0.06971308
0.30760000 0.07039860
0.30800000 0.07106583
0.30840000 0.07170297
0.30880000 0.07229826
0.30920000 0.07284017
0.30960000 0.07331754
0.31000000 0.07371975
0.31040000 0.07403689
0.31080000 0.07425989
0.31120000 0.07438064
0.31160000 0.07439214
0.31200000 0.07428856
0.31240000 0.07406532
0.31280000 0.07371916
0.31320000 0.07324819
0.31360000 0.07265184
0.31400000 0.07193093
0.31440000 0.07108754
0.31480000 0.07012506
0.31520000 0.06904804
0.31560000 0.06786212
0.31600000 0.06657396
0.31640000 0.06519108
0.31680000 0.06372172
0.31720000 0.06217477
0.31760000 0.06055956
0.31800000 0.05888578
0.31840000 0.05716326
0.31880000 0.05540191
0.31920000 0.05361155
0.31960000 0.05180177
0.32000000 0.04998186
0.32040000 0.04816065
0.32080000 0.04634647
0.32120000 0.04454704
0.32160000 0.04276942
0.32200000 0.04101995
0.32240000 0.03930424
0.32280000 0.03762713
0.32320000 0.03599267
0.32360000 0.03440419
0.32400000 0.03286424
0.32440000 0.03137469
0.32480000 0.02993674
0.32520000 0.02855095
0.32560000 0.02721736
0.32600000 0.02593547
0.32640000 0.02470439
0.32680000 0.02352282
0.32720000 0.02238920
0.32760000 0.02130172
0.32800000 0.02025841
0.32840000 0.01925718
0.32880000 0.01829590
0.32920000 0.01737245
0.32960000 0.01648475
0.33000000 0.01563081
0.33040000 0.01480875
0.33080000 0.01401685
0.33120000 0.01325353
0.33160000 0.01251743
0.33200000 0.01180734
0.33240000 0.01112224
0.33280000 0.01046129
0.33320000 0.00982384
0.33360000 0.00920937
0.33400000 0.00861753
0.33440000 0.00804806
0.33480000 0.00750084
0.33520000 0.00697580
0.33560000 0.00647293
0.33600000 0.00599228
0.33640000 0.00553389
0.33680000 0.00509780
0.33720000 0.00468402
0.33760000 0.00429254
0.33800000 0.00392328
0.33840000 0.00357608
0.33880000 0.00325072
0.33920000 0.00294690
0.33960000 0.00266423
0.34000000 0.00240223
0.34040000 0.00216034
0.34080000 0.00193791
0.34120000 0.00173421
0.34160000 0.00154845
0.34200000 0.00137979
0.34240000 0.00122730
0.34280000 0.00109005
0.34320000 0.00096706
0.34360000 0.00085732
0.34400000 0.00075984
0.34440000 0.00067362
0.34480000 0.00059765
0.34520000 0.00053099
0.34560000 0.00047269
0.34600000 0.00042186
0.34640000 0.00037764
0.34680000 0.00033925
0.34720000 0.00030594
0.34760000 0.00027702
0.34800000 0.00025187
0.34840000 0.00022993
0.34880000 0.00021069
0.34920000 0.00019372
0.34960000 0.00017862
0.35000000 0.00016507
