0.15000000 0.00027527
0.15040000 0.00029019
0.15080000 0.00030567
0.15120000 0.00032191
0.15160000 0.00033916
0.15200000 0.00035770
0.15240000 0.00037786
0.15280000 0.00040000
0.15320000 0.00042454
0.15360000 0.00045191
0.15400000 0.00048258
0.15440000 0.00051706
0.15480000 0.00055585
0.15520000 0.00059950
0.15560000 0.00064854
0.15600000 0.00070350
0.15640000 0.00076491
0.15680000 0.00083328
0.15720000 0.00090910
0.15760000 0.00099283
0.15800000 0.00108488
0.15840000 0.00118566
0.15880000 0.00129548
0.15920000 0.00141466
0.15960000 0.00154344
0.16000000 0.00168203
0.16040000 0.00183061
0.16080000 0.00198931
0.16120000 0.00215827
0.16160000 0.00233759
0.16200000 0.00252737
0.16240000 0.00272776
0.16280000 0.00293892
0.16320000 0.00316105
0.16360000 0.00339446
0.16400000 0.00363952
0.16440000 0.00389673
0.16480000 0.00416672
0.16520000 0.00445026
0.16560000 0.00474831
0.16600000 0.00506200
0.16640000 0.00539267
0.16680000 0.00574186
0.16720000 0.00611135
0.16760000 0.00650311
0.16800000 0.00691934
0.16840000 0.00736247
0.16880000 0.00783510
0.16920000 0.00834006
0.16960000 0.00888030
0.17000000 0.00945894
0.17040000 0.01007922
0.17080000 0.01074446
0.17120000 0.01145800
0.17160000 0.01222322
0.17200000 0.01304348
0.17240000 0.01392204
0.17280000 0.01486210
0.17320000 0.01586669
0.17360000 0.01693867
0.17400000 0.01808074
0.17440000 0.01929534
0.17480000 0.02058468
0.17520000 0.02195076
0.17560000 0.02339531
0.17600000 0.02491983
0.17640000 0.02652562
0.17680000 0.02821379
0.17720000 0.02998533
0.17760000 0.03184110
0.17800000 0.03378197
0.17840000 0.03580885
0.17880000 0.03792273
0.17920000 0.04012483
0.17960000 0.04241666
0.18000000 0.04480010
0.18040000 0.04727752
0.18080000 0.04985184
0.18120000 0.05252666
0.18160000 0.05530632
0.18200000 0.05819597
0.18240000 0.06120167
0.18280000 0.06433042
0.18320000 0.06759023
0.18360000 0.07099012
0.18400000 0.07454016
0.18440000 0.07825144
0.18480000 0.08213609
0.18520000 0.08620717
0.18560000 0.09047871
0.18600000 0.09496555
0.18640000 0.09968328
0.18680000 0.10464815
0.18720000 0.10987697
0.18760000 0.11538691
0.18800000 0.12119548
0.18840000 0.12732029
0.18880000 0.13377899
0.18920000 0.14058912
0.18960000 0.14776799
0.19000000 0.15533256
0.19040000 0.16329935
0.19080000 0.17168438
0.19120000 0.18050310
0.19160000 0.18977033
0.19200000 0.19950029
0.19240000 0.20970658
0.19280000 0.22040225
0.19320000 0.23159982
0.19360000 0.24331140
0.19400000 0.25554875
0.19440000 0.26832345
0.19480000 0.28164699
0.19520000 0.29553092
0.19560000 0.30998703
0.19600000 0.32502740
0.19640000 0.34066461
0.19680000 0.35691183
0.19720000 0.37378289
0.19760000 0.39129234
0.19800000 0.40945549
0.19840000 0.42828841
0.19880000 0.44780782
0.19920000 0.46803102
0.19960000 0.48897570
0.20000000 0.51065976
0.20040000 0.53310101
0.20080000 0.55631687
0.20120000 0.58032399
0.20160000 0.60513786
0.20200000 0.63077233
0.20240000 0.65723921
0.20280000 0.68454768
0.20320000 0.71270392
0.20360000 0.74171049
0.20400000 0.77156597
0.20440000 0.80226447
0.20480000 0.83379527
0.20520000 0.86614249
0.20560000 0.89928487
0.20600000 0.93319557
0.20640000 0.96784220
0.20680000 1.00318682
0.20720000 1.03918618
0.20760000 1.07579203
0.20800000 1.11295160
0.20840000 1.15060816
0.20880000 1.18870178
0.20920000 1.22717021
0.20960000 1.26594982
0.21000000 1.30497673
0.21040000 1.34418796
0.21080000 1.38352273
0.21120000 1.42292373
0.21160000 1.46233849
0.21200000 1.50172069
0.21240000 1.54103149
0.21280000 1.58024075
0.21320000 1.61932820
0.21360000 1.65828448
0.21400000 1.69711200
0.21440000 1.73582559
0.21480000 1.77445306
0.21520000 1.81303533
0.21560000 1.85162650
0.21600000 1.89029346
0.21640000 1.92911533
0.21680000 1.96818252
0.21720000 2.00759557
0.21760000 2.04746358
0.21800000 2.08790244
0.21840000 2.12903273
0.21880000 2.17097740
0.21920000 2.21385921
0.21960000 2.25779794
0.22000000 2.30290757
0.22040000 2.34929319
0.22080000 2.39704799
0.22120000 2.44625022
0.22160000 2.49696012
0.22200000 2.54921707
0.22240000 2.60303689
0.22280000 2.65840929
0.22320000 2.71529571
0.22360000 2.77362743
0.22400000 2.83330407
0.22440000 2.89419259
0.22480000 2.95612666
0.22520000 3.01890657
0.22560000 3.08229975
0.22600000 3.14604165
0.22640000 3.20983737
0.22680000 3.27336366
0.22720000 3.33627152
0.22760000 3.39818937
0.22800000 3.45872654
0.22840000 3.51747734
0.22880000 3.57402542
0.22920000 3.62794848
0.22960000 3.67882324
0.23000000 3.72623057
0.23040000 3.76976079
0.23080000 3.80901892
0.23120000 3.84362990
0.23160000 3.87324375
0.23200000 3.89754039
0.23240000 3.91623422
0.23280000 3.92907838
0.23320000 3.93586847
0.23360000 3.93644579
0.23400000 3.93070011
0.23440000 3.91857163
0.23480000 3.90005250
0.23520000 3.87518752
0.23560000 3.84407422
0.23600000 3.80686217
0.23640000 3.76375165
0.23680000 3.71499164
0.23720000 3.66087714
0.23760000 3.60174589
0.23800000 3.53797450
0.23840000 3.46997417
0.23880000 3.39818582
0.23920000 3.32307504
0.23960000 3.24512662
0.24000000 3.16483891
0.24040000 3.08271812
0.24080000 2.99927254
0.24120000 2.91500678
0.24160000 2.83041630
0.24200000 2.74598196
0.24240000 2.66216505
0.24280000 2.57940255
0.24320000 2.49810293
0.24360000 2.41864236
0.24400000 2.34136150
0.24440000 2.26656282
0.24480000 2.19450853
0.24520000 2.12541913
0.24560000 2.05947258
0.24600000 1.99680400
0.24640000 1.93750612
0.24680000 1.88163013
0.24720000 1.82918719
0.24760000 1.78015038
0.24800000 1.73445709
0.24840000 1.69201185
0.24880000 1.65268946
0.24920000 1.61633839
0.24960000 1.58278442
0.25000000 1.55183438
0.25040000 1.52328003
0.25080000 1.49690188
0.25120000 1.47247300
0.25160000 1.44976276
0.25200000 1.42854033
0.25240000 1.40857800
0.25280000 1.38965433
0.25320000 1.37155687
0.25360000 1.35408466
0.25400000 1.33705038
0.25440000 1.32028208
0.25480000 1.30362463
0.25520000 1.28694077
0.25560000 1.27011176
0.25600000 1.25303770
0.25640000 1.23563761
0.25680000 1.21784900
0.25720000 1.19962737
0.25760000 1.18094531
0.25800000 1.16179141
0.25840000 1.14216903
0.25880000 1.12209484
0.25920000 1.10159733
0.25960000 1.08071515
0.26000000 1.05949548
0.26040000 1.03799237
0.26080000 1.01626504
0.26120000 0.99437633
0.26160000 0.97239118
0.26200000 0.95037515
0.26240000 0.92839318
0.26280000 0.90650835
0.26320000 0.88478091
0.26360000 0.86326736
0.26400000 0.84201974
0.26440000 0.82108507
0.26480000 0.80050490
0.26520000 0.78031509
0.26560000 0.76054569
0.26600000 0.74122088
0.26640000 0.72235915
0.26680000 0.70397353
0.26720000 0.68607187
0.26760000 0.66865723
0.26800000 0.65172837
0.26840000 0.63528020
0.26880000 0.61930433
0.26920000 0.60378955
0.26960000 0.58872243
0.27000000 0.57408780
0.27040000 0.55986925
0.27080000 0.54604962
0.27120000 0.53261140
0.27160000 0.51953713
0.27200000 0.50680974
0.27240000 0.49441281
0.27280000 0.48233081
0.27320000 0.47054928
0.27360000 0.45905494
0.27400000 0.44783578
0.27440000 0.43688108
0.27480000 0.42618137
0.27520000 0.41572843
0.27560000 0.40551518
0.27600000 0.39553555
0.27640000 0.38578442
0.27680000 0.37625741
0.27720000 0.36695077
0.27760000 0.35786122
0.27800000 0.34898582
0.27840000 0.34032180
0.27880000 0.33186643
0.27920000 0.32361695
0.27960000 0.31557042
0.28000000 0.30772366
0.28040000 0.30007319
0.28080000 0.29261519
0.28120000 0.28534548
0.28160000 0.27825955
0.28200000 0.27135252
0.28240000 0.26461926
0.28280000 0.25805440
0.28320000 0.25165239
0.28360000 0.24540766
0.28400000 0.23931462
0.28440000 0.23336781
0.28480000 0.22756203
0.28520000 0.22189238
0.28560000 0.21635442
0.28600000 0.21094423
0.28640000 0.20565853
0.28680000 0.20049474
0.28720000 0.19545108
0.28760000 0.19052656
0.28800000 0.18572109
0.28840000 0.18103548
0.28880000 0.17647141
0.28920000 0.17203146
0.28960000 0.16771907
0.29000000 0.16353845
0.29040000 0.15949458
0.29080000 0.15559304
0.29120000 0.15183997
0.29160000 0.14824192
0.29200000 0.14480574
0.29240000 0.14153840
0.29280000 0.13844689
0.29320000 0.13553802
0.29360000 0.13281825
0.29400000 0.13029358
0.29440000 0.12796933
0.29480000 0.12585002
0.29520000 0.12393918
0.29560000 0.12223927
0.29600000 0.12075146
0.29640000 0.11947563
0.29680000 0.11841017
0.29720000 0.11755195
0.29760000 0.11689627
0.29800000 0.11643680
0.29840000 0.11616561
0.29880000 0.11607312
0.29920000 0.11614820
0.29960000 0.11637819
0.30000000 0.11674902
0.30040000 0.11724529
0.30080000 0.11785043
0.30120000 0.11854681
0.30160000 0.11931595
0.30200000 0.12013870
0.30240000 0.12099541
0.30280000 0.12186614
0.30320000 0.12273094
0.30360000 0.12356995
0.30400000 0.12436373
0.30440000 0.12509342
0.30480000 0.12574094
0.30520000 0.12628923
0.30560000 0.12672239
0.30600000 0.12702588
0.30640000 0.12718667
0.30680000 0.12719335
0.30720000 0.12703626
0.30760000 0.12670756
0.30800000 0.12620131
0.30840000 0.12551347
0.30880000 0.12464194
0.30920000 0.12358651
0.30960000 0.12234885
0.31000000 0.12093242
0.31040000 0.11934237
0.31080000 0.11758545
0.31120000 0.11566987
0.31160000 0.11360515
0.31200000 0.11140194
0.31240000 0.10907191
0.31280000 0.10662750
0.31320000 0.10408176
0.31360000 0.10144820
0.31400000 0.09874055
0.31440000 0.09597261
0.31480000 0.09315807
0.31520000 0.09031036
0.31560000 0.08744249
0.31600000 0.08456689
0.31640000 0.08169533
0.31680000 0.07883877
0.31720000 0.07600733
0.31760000 0.07321014
0.31800000 0.07045538
0.31840000 0.06775019
0.31880000 0.06510067
0.31920000 0.06251189
0.31960000 0.05998791
0.32000000 0.05753182
0.32040000 0.05514578
0.32080000 0.05283109
0.32120000 0.05058825
0.32160000 0.04841707
0.32200000 0.04631670
0.32240000 0.04428579
0.32280000 0.04232253
0.32320000 0.04042476
0.32360000 0.03859006
0.32400000 0.03681584
0.32440000 0.03509942
0.32480000 0.03343810
0.32520000 0.03182925
0.32560000 0.03027033
0.32600000 0.02875899
0.32640000 0.02729308
0.32680000 0.02587070
0.32720000 0.02449020
0.32760000 0.02315023
0.32800000 0.02184969
0.32840000 0.02058781
0.32880000 0.01936404
0.32920000 0.01817811
0.32960000 0.01702998
0.33000000 0.01591978
0.33040000 0.01484783
0.33080000 0.01381457
0.33120000 0.01282053
0.33160000 0.01186629
0.33200000 0.01095244
0.33240000 0.01007957
0.33280000 0.00924819
0.33320000 0.00845873
0.33360000 0.00771149
0.33400000 0.00700666
0.33440000 0.00634424
0.33480000 0.00572404
0.33520000 0.00514572
0.33560000 0.00460871
0.33600000 0.00411226
0.33640000 0.00365541
0.33680000 0.00323704
0.33720000 0.00285581
0.33760000 0.00251026
0.33800000 0.00219875
0.33840000 0.00191954
0.33880000 0.00167076
0.33920000 0.00145048
0.33960000 0.00125670
0.34000000 0.00108737
0.34040000 0.00094046
0.34080000 0.00081392
0.34120000 0.00070574
0.34160000 0.00061397
0.34200000 0.00053673
0.34240000 0.00047220
0.34280000 0.00041869
0.34320000 0.00037462
0.34360000 0.00033850
0.34400000 0.00030899
0.34440000 0.00028488
0.34480000 0.00026509
0.34520000 0.00024866
0.34560000 0.00023476
0.34600000 0.00022271
0.34640000 0.00021192
0.34680000 0.00020191
0.34720000 0.00019232
0.34760000 0.00018287
0.34800000 0.00017337
0.34840000 0.00016370
0.34880000 0.00015379
0.34920000 0.00014365
0.34960000 0.00013331
0.35000000 0.00012282
