0.15000000 0.00025699
0.15040000 0.00027595
0.15080000 0.00029626
0.15120000 0.00031807
0.15160000 0.00034157
0.15200000 0.00036694
0.15240000 0.00039441
0.15280000 0.00042420
0.15320000 0.00045658
0.15360000 0.00049181
0.15400000 0.00053018
0.15440000 0.00057200
0.15480000 0.00061758
0.15520000 0.00066725
0.15560000 0.00072136
0.15600000 0.00078026
0.15640000 0.00084431
0.15680000 0.00091388
0.15720000 0.00098932
0.15760000 0.00107103
0.15800000 0.00115938
0.15840000 0.00125475
0.15880000 0.00135752
0.15920000 0.00146808
0.15960000 0.00158684
0.16000000 0.00171419
0.16040000 0.00185056
0.16080000 0.00199636
0.16120000 0.00215204
0.16160000 0.00231809
0.16200000 0.00249500
0.16240000 0.00268330
0.16280000 0.00288359
0.16320000 0.00309648
0.16360000 0.00332266
0.16400000 0.00356288
0.16440000 0.00381796
0.16480000 0.00408881
0.16520000 0.00437640
0.16560000 0.00468182
0.16600000 0.00500625
0.16640000 0.00535096
0.16680000 0.00571734
0.16720000 0.00610689
0.16760000 0.00652122
0.16800000 0.00696206
0.16840000 0.00743125
0.16880000 0.00793074
0.16920000 0.00846259
0.16960000 0.00902897
0.17000000 0.00963214
0.17040000 0.01027446
0.17080000 0.01095839
0.17120000 0.01168644
0.17160000 0.01246124
0.17200000 0.01328544
0.17240000 0.01416178
0.17280000 0.01509304
0.17320000 0.01608206
0.17360000 0.01713171
0.17400000 0.01824492
0.17440000 0.01942464
0.17480000 0.02067389
0.17520000 0.02199571
0.17560000 0.02339322
0.17600000 0.02486960
0.17640000 0.02642808
0.17680000 0.02807203
0.17720000 0.02980488
0.17760000 0.03163022
0.17800000 0.03355179
0.17840000 0.03557349
0.17880000 0.03769945
0.17920000 0.03993400
0.17960000 0.04228176
0.18000000 0.04474762
0.18040000 0.04733678
0.18080000 0.05005482
0.18120000 0.05290765
0.18160000 0.05590159
0.18200000 0.05904339
0.18240000 0.06234022
0.18280000 0.06579969
0.18320000 0.06942990
0.18360000 0.07323939
0.18400000 0.07723718
0.18440000 0.08143275
0.18480000 0.08583603
0.18520000 0.09045742
0.18560000 0.09530771
0.18600000 0.10039812
0.18640000 0.10574024
0.18680000 0.11134601
0.18720000 0.11722769
0.18760000 0.12339784
0.18800000 0.12986924
0.18840000 0.13665492
0.18880000 0.14376808
0.18920000 0.15122206
0.18960000 0.15903034
0.19000000 0.16720649
0.19040000 0.17576415
0.19080000 0.18471700
0.19120000 0.19407877
0.19160000 0.20386324
0.19200000 0.21408417
0.19240000 0.22475540
0.19280000 0.23589078
0.19320000 0.24750422
0.19360000 0.25960969
0.19400000 0.27222125
0.19440000 0.28535307
0.19480000 0.29901948
0.19520000 0.31323494
0.19560000 0.32801412
0.19600000 0.34337188
0.19640000 0.35932331
0.19680000 0.37588376
0.19720000 0.39306881
0.19760000 0.41089429
0.19800000 0.42937625
0.19840000 0.44853098
0.19880000 0.46837493
0.19920000 0.48892470
0.19960000 0.51019698
0.20000000 0.53220847
0.20040000 0.55497581
0.20080000 0.57851549
0.20120000 0.60284375
0.20160000 0.62797650
0.20200000 0.65392913
0.20240000 0.68071650
0.20280000 0.70835271
0.20320000 0.73685106
0.20360000 0.76622388
0.20400000 0.79648242
0.20440000 0.82763677
0.20480000 0.85969573
0.20520000 0.89266675
0.20560000 0.92655583
0.20600000 0.96136747
0.20640000 0.99710468
0.20680000 1.03376888
0.20720000 1.07136000
0.20760000 1.10987643
0.20800000 1.14931512
0.20840000 1.18967162
0.20880000 1.23094019
0.20920000 1.27311391
0.20960000 1.31618479
0.21000000 1.36014391
0.21040000 1.40498161
0.21080000 1.45068758
0.21120000 1.49725108
0.21160000 1.54466105
0.21200000 1.59290629
0.21240000 1.64197559
0.21280000 1.69185784
0.21320000 1.74254212
0.21360000 1.79401783
0.21400000 1.84627465
0.21440000 1.89930261
0.21480000 1.95309204
0.21520000 2.00763349
0.21560000 2.06291763
0.21600000 2.11893509
0.21640000 2.17567626
0.21680000 2.23313103
0.21720000 2.29128851
0.21760000 2.35013672
0.21800000 2.40966218
0.21840000 2.46984955
0.21880000 2.53068118
0.21920000 2.59213666
0.21960000 2.65419239
0.22000000 2.71682102
0.22040000 2.77999106
0.22080000 2.84366638
0.22120000 2.90780574
0.22160000 2.97236237
0.22200000 3.03728359
0.22240000 3.10251044
0.22280000 3.16797737
0.22320000 3.23361200
0.22360000 3.29933494
0.22400000 3.36505968
0.22440000 3.43069255
0.22480000 3.49613278
0.22520000 3.56127262
0.22560000 3.62599760
0.22600000 3.69018682
0.22640000 3.75371339
0.22680000 3.81644492
0.22720000 3.87824414
0.22760000 3.93896959
0.22800000 3.99847638
0.22840000 4.05661708
0.22880000 4.11324266
0.22920000 4.16820346
0.22960000 4.22135032
0.23000000 4.27253565
0.23040000 4.32161465
0.23080000 4.36844649
0.23120000 4.41289554
0.23160000 4.45483264
0.23200000 4.49413629
0.23240000 4.53069395
0.23280000 4.56440322
0.23320000 4.59517300
0.23360000 4.62292466
0.23400000 4.64759305
0.23440000 4.66912756
0.23480000 4.68749295
0.23520000 4.70267023
0.23560000 4.71465731
0.23600000 4.72346960
0.23640000 4.72914046
0.23680000 4.73172147
0.23720000 4.73128262
0.23760000 4.72791230
0.23800000 4.72171714
0.23840000 4.71282161
0.23880000 4.70136762
0.23920000 4.68751372
0.23960000 4.67143432
0.24000000 4.65331860
0.24040000 4.63336932
0.24080000 4.61180145
0.24120000 4.58884062
0.24160000 4.56472143
0.24200000 4.53968566
0.24240000 4.51398029
0.24280000 4.48785545
0.24320000 4.46156229
0.24360000 4.43535077
0.24400000 4.40946739
0.24440000 4.38415291
0.24480000 4.35964008
0.24520000 4.33615135
0.24560000 4.31389674
0.24600000 4.29307165
0.24640000 4.27385491
0.24680000 4.25640687
0.24720000 4.24086772
0.24760000 4.22735596
0.24800000 4.21596708
0.24840000 4.20677252
0.24880000 4.19981882
0.24920000 4.19512709
0.24960000 4.19269272
0.25000000 4.19248541
0.25040000 4.19444950
0.25080000 4.19850457
0.25120000 4.20454635
0.25160000 4.21244795
0.25200000 4.22206131
0.25240000 4.23321892
0.25280000 4.24573585
0.25320000 4.25941192
0.25360000 4.27403404
0.25400000 4.28937884
0.25440000 4.30521525
0.25480000 4.32130728
0.25520000 4.33741683
0.25560000 4.35330648
0.25600000 4.36874227
0.25640000 4.38349640
0.25680000 4.39734984
0.25720000 4.41009472
0.25760000 4.42153665
0.25800000 4.43149676
0.25840000 4.43981342
0.25880000 4.44634387
0.25920000 4.45096536
0.25960000 4.45357614
0.26000000 4.45409602
0.26040000 4.45246667
0.26080000 4.44865154
0.26120000 4.44263555
0.26160000 4.43442436
0.26200000 4.42404341
0.26240000 4.41153671
0.26280000 4.39696532
0.26320000 4.38040565
0.26360000 4.36194758
0.26400000 4.34169245
0.26440000 4.31975087
0.26480000 4.29624053
0.26520000 4.27128399
0.26560000 4.24500640
0.26600000 4.21753335
0.26640000 4.18898880
0.26680000 4.15949306
0.26720000 4.12916102
0.26760000 4.09810054
0.26800000 4.06641098
0.26840000 4.03418207
0.26880000 4.00149292
0.26920000 3.96841136
0.26960000 3.93499351
0.27000000 3.90128360
0.27040000 3.86731404
0.27080000 3.83310577
0.27120000 3.79866878
0.27160000 3.76400288
0.27200000 3.72909864
0.27240000 3.69393845
0.27280000 3.65849781
0.27320000 3.62274657
0.27360000 3.58665039
0.27400000 3.55017208
0.27440000 3.51327307
0.27480000 3.47591476
0.27520000 3.43805987
0.27560000 3.39967363
0.27600000 3.36072496
0.27640000 3.32118737
0.27680000 3.28103988
0.27720000 3.24026760
0.27760000 3.19886228
0.27800000 3.15682258
0.27840000 3.11415421
0.27880000 3.07086986
0.27920000 3.02698900
0.27960000 2.98253746
0.28000000 2.93754692
0.28040000 2.89205427
0.28080000 2.84610079
0.28120000 2.79973136
0.28160000 2.75299353
0.28200000 2.70593657
0.28240000 2.65861054
0.28280000 2.61106532
0.28320000 2.56334975
0.28360000 2.51551076
0.28400000 2.46759264
0.28440000 2.41963636
0.28480000 2.37167904
0.28520000 2.32375354
0.28560000 2.27588815
0.28600000 2.22810651
0.28640000 2.18042751
0.28680000 2.13286553
0.28720000 2.08543066
0.28760000 2.03812911
0.28800000 1.99096370
0.28840000 1.94393450
0.28880000 1.89703952
0.28920000 1.85027546
0.28960000 1.80363848
0.29000000 1.75712509
0.29040000 1.71073290
0.29080000 1.66446148
0.29120000 1.61831312
0.29160000 1.57229352
0.29200000 1.52641240
0.29240000 1.48068411
0.29280000 1.43512797
0.29320000 1.38976867
0.29360000 1.34463640
0.29400000 1.29976690
0.29440000 1.25520143
0.29480000 1.21098652
0.29520000 1.16717365
0.29560000 1.12381875
0.29600000 1.08098165
0.29640000 1.03872539
0.29680000 0.99711546
0.29720000 0.95621892
0.29760000 0.91610353
0.29800000 0.87683678
0.29840000 0.83848496
0.29880000 0.80111219
0.29920000 0.76477945
0.29960000 0.72954371
0.30000000 0.69545705
0.30040000 0.66256589
0.30080000 0.63091028
0.30120000 0.60052332
0.30160000 0.57143064
0.30200000 0.54365004
0.30240000 0.51719121
0.30280000 0.49205563
0.30320000 0.46823656
0.30360000 0.44571911
0.30400000 0.42448057
0.30440000 0.40449067
0.30480000 0.38571213
0.30520000 0.36810113
0.30560000 0.35160805
0.30600000 0.33617811
0.30640000 0.32175216
0.30680000 0.30826756
0.30720000 0.29565893
0.30760000 0.28385910
0.30800000 0.27279993
0.30840000 0.26241316
0.30880000 0.25263123
0.30920000 0.24338808
0.30960000 0.23461982
0.31000000 0.22626546
0.31040000 0.21826745
0.31080000 0.21057221
0.31120000 0.20313054
0.31160000 0.19589799
0.31200000 0.18883510
0.31240000 0.18190754
0.31280000 0.17508621
0.31320000 0.16834721
0.31360000 0.16167177
0.31400000 0.15504606
0.31440000 0.14846099
0.31480000 0.14191187
0.31520000 0.13539809
0.31560000 0.12892275
0.31600000 0.12249219
0.31640000 0.11611558
0.31680000 0.10980442
0.31720000 0.10357212
0.31760000 0.09743347
0.31800000 0.09140422
0.31840000 0.08550065
0.31880000 0.07973910
0.31920000 0.07413563
0.31960000 0.06870564
0.32000000 0.06346356
0.32040000 0.05842259
0.32080000 0.05359445
0.32120000 0.04898920
0.32160000 0.04461513
0.32200000 0.04047860
0.32240000 0.03658404
0.32280000 0.03293390
0.32320000 0.02952871
0.32360000 0.02636710
0.32400000 0.02344593
0.32440000 0.02076036
0.32480000 0.01830401
0.32520000 0.01606912
0.32560000 0.01404672
0.32600000 0.01222678
0.32640000 0.01059845
0.32680000 0.00915018
0.32720000 0.00786995
0.32760000 0.00674543
0.32800000 0.00576418
0.32840000 0.00491374
0.32880000 0.00418186
0.32920000 0.00355655
0.32960000 0.00302629
0.33000000 0.00258004
0.33040000 0.00220737
0.33080000 0.00189852
0.33120000 0.00164444
0.33160000 0.00143686
0.33200000 0.00126823
0.33240000 0.00113181
0.33280000 0.00102160
0.33320000 0.00093236
0.33360000 0.00085956
0.33400000 0.00079935
0.33440000 0.00074848
0.33480000 0.00070434
0.33520000 0.00066478
0.33560000 0.00062819
0.33600000 0.00059332
0.33640000 0.00055931
0.33680000 0.00052560
0.33720000 0.00049187
0.33760000 0.00045803
0.33800000 0.00042412
0.33840000 0.00039030
0.33880000 0.00035683
0.33920000 0.00032400
0.33960000 0.00029213
0.34000000 0.00026151
0.34040000 0.00023245
0.34080000 0.00020519
0.34120000 0.00017995
0.34160000 0.00015687
0.34200000 0.00013608
0.34240000 0.00011760
0.34280000 0.00010144
0.34320000 0.00008755
0.34360000 0.00007582
0.34400000 0.00006612
0.34440000 0.00005829
0.34480000 0.00005213
0.34520000 0.00004745
0.34560000 0.00004403
0.34600000 0.00004166
0.34640000 0.00004013
0.34680000 0.00003924
0.34720000 0.00003880
0.34760000 0.00003866
0.34800000 0.00003865
0.34840000 0.00003866
0.34880000 0.00003859
0.34920000 0.00003834
0.34960000 0.00003788
0.35000000 0.00003715
