0.15000000 0.00024961
0.15040000 0.00027127
0.15080000 0.00029471
0.15120000 0.00032003
0.15160000 0.00034736
0.15200000 0.00037683
0.15240000 0.00040857
0.15280000 0.00044273
0.15320000 0.00047946
0.15360000 0.00051892
0.15400000 0.00056129
0.15440000 0.00060675
0.15480000 0.00065551
0.15520000 0.00070777
0.15560000 0.00076379
0.15600000 0.00082381
0.15640000 0.00088810
0.15680000 0.00095697
0.15720000 0.00103074
0.15760000 0.00110976
0.15800000 0.00119441
0.15840000 0.00128510
0.15880000 0.00138228
0.15920000 0.00148642
0.15960000 0.00159803
0.16000000 0.00171766
0.16040000 0.00184589
0.16080000 0.00198336
0.16120000 0.00213071
0.16160000 0.00228867
0.16200000 0.00245797
0.16240000 0.00263940
0.16280000 0.00283377
0.16320000 0.00304198
0.16360000 0.00326491
0.16400000 0.00350352
0.16440000 0.00375881
0.16480000 0.00403182
0.16520000 0.00432362
0.16560000 0.00463534
0.16600000 0.00496816
0.16640000 0.00532329
0.16680000 0.00570201
0.16720000 0.00610563
0.16760000 0.00653555
0.16800000 0.00699321
0.16840000 0.00748012
0.16880000 0.00799785
0.16920000 0.00854806
0.16960000 0.00913251
0.17000000 0.00975302
0.17040000 0.01041153
0.17080000 0.01111008
0.17120000 0.01185083
0.17160000 0.01263606
0.17200000 0.01346820
0.17240000 0.01434982
0.17280000 0.01528361
0.17320000 0.01627248
0.17360000 0.01731947
0.17400000 0.01842781
0.17440000 0.01960092
0.17480000 0.02084240
0.17520000 0.02215607
0.17560000 0.02354595
0.17600000 0.02501624
0.17640000 0.02657138
0.17680000 0.02821601
0.17720000 0.02995497
0.17760000 0.03179334
0.17800000 0.03373637
0.17840000 0.03578955
0.17880000 0.03795854
0.17920000 0.04024921
0.17960000 0.04266764
0.18000000 0.04522007
0.18040000 0.04791294
0.18080000 0.05075284
0.18120000 0.05374658
0.18160000 0.05690110
0.18200000 0.06022353
0.18240000 0.06372115
0.18280000 0.06740143
0.18320000 0.07127201
0.18360000 0.07534068
0.18400000 0.07961544
0.18440000 0.08410446
0.18480000 0.08881615
0.18520000 0.09375908
0.18560000 0.09894210
0.18600000 0.10437426
0.18640000 0.11006491
0.18680000 0.11602366
0.18720000 0.12226041
0.18760000 0.12878540
0.18800000 0.13560917
0.18840000 0.14274265
0.18880000 0.15019711
0.18920000 0.15798419
0.18960000 0.16611594
0.19000000 0.17460478
0.19040000 0.18346355
0.19080000 0.19270546
0.19120000 0.20234412
0.19160000 0.21239351
0.19200000 0.22286797
0.19240000 0.23378218
0.19280000 0.24515113
0.19320000 0.25699007
0.19360000 0.26931453
0.19400000 0.28214019
0.19440000 0.29548293
0.19480000 0.30935873
0.19520000 0.32378362
0.19560000 0.33877368
0.19600000 0.35434493
0.19640000 0.37051331
0.19680000 0.38729467
0.19720000 0.40470466
0.19760000 0.42275877
0.19800000 0.44147225
0.19840000 0.46086009
0.19880000 0.48093703
0.19920000 0.50171755
0.19960000 0.52321584
0.20000000 0.54544585
0.20040000 0.56842128
0.20080000 0.59215563
0.20120000 0.61666221
0.20160000 0.64195419
0.20200000 0.66804465
0.20240000 0.69494665
0.20280000 0.72267322
0.20320000 0.75123748
0.20360000 0.78065265
0.20400000 0.81093210
0.20440000 0.84208941
0.20480000 0.87413835
0.20520000 0.90709296
0.20560000 0.94096750
0.20600000 0.97577646
0.20640000 1.01153453
0.20680000 1.04825652
0.20720000 1.08595734
0.20760000 1.12465182
0.20800000 1.16435466
0.20840000 1.20508026
0.20880000 1.24684254
0.20920000 1.28965478
0.20960000 1.33352937
0.21000000 1.37847760
0.21040000 1.42450943
0.21080000 1.47163320
0.21120000 1.51985539
0.21160000 1.56918032
0.21200000 1.61960993
0.21240000 1.67114344
0.21280000 1.72377714
0.21320000 1.77750412
0.21360000 1.83231406
0.21400000 1.88819303
0.21440000 1.94512327
0.21480000 2.00308310
0.21520000 2.06204680
0.21560000 2.12198450
0.21600000 2.18286220
0.21640000 2.24464178
0.21680000 2.30728102
0.21720000 2.37073373
0.21760000 2.43494991
0.21800000 2.49987589
0.21840000 2.56545460
0.21880000 2.63162581
0.21920000 2.69832640
0.21960000 2.76549073
0.22000000 2.83305091
0.22040000 2.90093720
0.22080000 2.96907836
0.22120000 3.03740200
0.22160000 3.10583497
0.22200000 3.17430366
0.22240000 3.24273439
0.22280000 3.31105371
0.22320000 3.37918867
0.22360000 3.44706709
0.22400000 3.51461783
0.22440000 3.58177095
0.22480000 3.64845788
0.22520000 3.71461160
0.22560000 3.78016669
0.22600000 3.84505945
0.22640000 3.90922795
0.22680000 3.97261208
0.22720000 4.03515355
0.22760000 4.09679598
0.22800000 4.15748486
0.22840000 4.21716768
0.22880000 4.27579390
0.22920000 4.33331513
0.22960000 4.38968522
0.23000000 4.44486046
0.23040000 4.49879974
0.23080000 4.55146492
0.23120000 4.60282108
0.23160000 4.65283696
0.23200000 4.70148538
0.23240000 4.74874377
0.23280000 4.79459469
0.23320000 4.83902643
0.23360000 4.88203368
0.23400000 4.92361813
0.23440000 4.96378914
0.23480000 5.00256442
0.23520000 5.03997064
0.23560000 5.07604400
0.23600000 5.11083079
0.23640000 5.14438781
0.23680000 5.17678270
0.23720000 5.20809419
0.23760000 5.23841214
0.23800000 5.26783747
0.23840000 5.29648188
0.23880000 5.32446744
0.23920000 5.35192587
0.23960000 5.37899772
0.24000000 5.40583126
0.24040000 5.43258120
0.24080000 5.45940714
0.24120000 5.48647189
0.24160000 5.51393957
0.24200000 5.54197347
0.24240000 5.57073385
0.24280000 5.60037557
0.24320000 5.63104562
0.24360000 5.66288059
0.24400000 5.69600413
0.24440000 5.73052437
0.24480000 5.76653147
0.24520000 5.80409520
0.24560000 5.84326270
0.24600000 5.88405641
0.24640000 5.92647223
0.24680000 5.97047795
0.24720000 6.01601197
0.24760000 6.06298235
0.24800000 6.11126631
0.24840000 6.16070999
0.24880000 6.21112875
0.24920000 6.26230782
0.24960000 6.31400339
0.25000000 6.36594420
0.25040000 6.41783343
0.25080000 6.46935114
0.25120000 6.52015699
0.25160000 6.56989339
0.25200000 6.61818890
0.25240000 6.66466200
0.25280000 6.70892501
0.25320000 6.75058826
0.25360000 6.78926429
0.25400000 6.82457227
0.25440000 6.85614221
0.25480000 6.88361932
0.25520000 6.90666811
0.25560000 6.92497632
0.25600000 6.93825868
0.25640000 6.94626029
0.25680000 6.94875966
0.25720000 6.94557137
0.25760000 6.93654830
0.25800000 6.92158334
0.25840000 6.90061061
0.25880000 6.87360621
0.25920000 6.84058837
0.25960000 6.80161709
0.26000000 6.75679331
0.26040000 6.70625749
0.26080000 6.65018774
0.26120000 6.58879751
0.26160000 6.52233287
0.26200000 6.45106937
0.26240000 6.37530864
0.26280000 6.29537470
0.26320000 6.21161008
0.26360000 6.12437178
0.26400000 6.03402714
0.26440000 5.94094977
0.26480000 5.84551545
0.26520000 5.74809814
0.26560000 5.64906623
0.26600000 5.54877890
0.26640000 5.44758290
0.26680000 5.34580946
0.26720000 5.24377171
0.26760000 5.14176238
0.26800000 5.04005194
0.26840000 4.93888716
0.26880000 4.83849005
0.26920000 4.73905728
0.26960000 4.64075999
0.27000000 4.54374397
0.27040000 4.44813023
0.27080000 4.35401598
0.27120000 4.26147579
0.27160000 4.17056318
0.27200000 4.08131233
0.27240000 3.99373999
0.27280000 3.90784763
0.27320000 3.82362355
0.27360000 3.74104511
0.27400000 3.66008098
0.27440000 3.58069331
0.27480000 3.50283978
0.27520000 3.42647564
0.27560000 3.35155546
0.27600000 3.27803482
0.27640000 3.20587166
0.27680000 3.13502754
0.27720000 3.06546856
0.27760000 2.99716605
0.27800000 2.93009708
0.27840000 2.86424460
0.27880000 2.79959750
0.27920000 2.73615030
0.27960000 2.67390277
0.28000000 2.61285927
0.28040000 2.55302800
0.28080000 2.49442009
0.28120000 2.43704866
0.28160000 2.38092771
0.28200000 2.32607106
0.28240000 2.27249130
0.28280000 2.22019870
0.28320000 2.16920024
0.28360000 2.11949870
0.28400000 2.07109183
0.28440000 2.02397172
0.28480000 1.97812425
0.28520000 1.93352868
0.28560000 1.89015749
0.28600000 1.84797630
0.28640000 1.80694399
0.28680000 1.76701302
0.28720000 1.72812981
0.28760000 1.69023539
0.28800000 1.65326607
0.28840000 1.61715431
0.28880000 1.58182960
0.28920000 1.54721949
0.28960000 1.51325063
0.29000000 1.47984985
0.29040000 1.44694523
0.29080000 1.41446718
0.29120000 1.38234945
0.29160000 1.35053009
0.29200000 1.31895235
0.29240000 1.28756546
0.29280000 1.25632528
0.29320000 1.22519488
0.29360000 1.19414494
0.29400000 1.16315403
0.29440000 1.13220875
0.29480000 1.10130372
0.29520000 1.07044144
0.29560000 1.03963200
0.29600000 1.00889268
0.29640000 0.97824743
0.29680000 0.94772626
0.29720000 0.91736449
0.29760000 0.88720199
0.29800000 0.85728235
0.29840000 0.82765198
0.29880000 0.79835919
0.29920000 0.76945332
0.29960000 0.74098382
0.30000000 0.71299939
0.30040000 0.68554715
0.30080000 0.65867187
0.30120000 0.63241529
0.30160000 0.60681549
0.30200000 0.58190634
0.30240000 0.55771709
0.30280000 0.53427203
0.30320000 0.51159021
0.30360000 0.48968537
0.30400000 0.46856583
0.30440000 0.44823459
0.30480000 0.42868945
0.30520000 0.40992325
0.30560000 0.39192416
0.30600000 0.37467608
0.30640000 0.35815901
0.30680000 0.34234955
0.30720000 0.32722141
0.30760000 0.31274592
0.30800000 0.29889255
0.30840000 0.28562950
0.30880000 0.27292416
0.30920000 0.26074368
0.30960000 0.24905542
0.31000000 0.23782742
0.31040000 0.22702880
0.31080000 0.21663010
0.31120000 0.20660364
0.31160000 0.19692374
0.31200000 0.18756692
0.31240000 0.17851210
0.31280000 0.16974062
0.31320000 0.16123633
0.31360000 0.15298558
0.31400000 0.14497713
0.31440000 0.13720206
0.31480000 0.12965366
0.31520000 0.12232723
0.31560000 0.11521988
0.31600000 0.10833033
0.31640000 0.10165863
0.31680000 0.09520599
0.31720000 0.08897446
0.31760000 0.08296669
0.31800000 0.07718574
0.31840000 0.07163477
0.31880000 0.06631690
0.31920000 0.06123494
0.31960000 0.05639125
0.32000000 0.05178759
0.32040000 0.04742496
0.32080000 0.04330351
0.32120000 0.03942246
0.32160000 0.03578003
0.32200000 0.03237345
0.32240000 0.02919891
0.32280000 0.02625159
0.32320000 0.02352572
0.32360000 0.02101460
0.32400000 0.01871070
0.32440000 0.01660575
0.32480000 0.01469078
0.32520000 0.01295632
0.32560000 0.01139241
0.32600000 0.00998877
0.32640000 0.00873491
0.32680000 0.00762023
0.32720000 0.00663411
0.32760000 0.00576604
0.32800000 0.00500572
0.32840000 0.00434310
0.32880000 0.00376851
0.32920000 0.00327269
0.32960000 0.00284688
0.33000000 0.00248281
0.33040000 0.00217279
0.33080000 0.00190973
0.33120000 0.00168710
0.33160000 0.00149898
0.33200000 0.00134007
0.33240000 0.00120563
0.33280000 0.00109148
0.33320000 0.00099399
0.33360000 0.00091003
0.33400000 0.00083694
0.33440000 0.00077250
0.33480000 0.00071488
0.33520000 0.00066260
0.33560000 0.00061450
0.33600000 0.00056968
0.33640000 0.00052749
0.33680000 0.00048746
0.33720000 0.00044927
0.33760000 0.00041277
0.33800000 0.00037786
0.33840000 0.00034454
0.33880000 0.00031284
0.33920000 0.00028284
0.33960000 0.00025463
0.34000000 0.00022827
0.34040000 0.00020385
0.34080000 0.00018140
0.34120000 0.00016097
0.34160000 0.00014255
0.34200000 0.00012611
0.34240000 0.00011159
0.34280000 0.00009892
0.34320000 0.00008798
0.34360000 0.00007867
0.34400000 0.00007082
0.34440000 0.00006430
0.34480000 0.00005895
0.34520000 0.00005461
0.34560000 0.00005112
0.34600000 0.00004832
0.34640000 0.00004608
0.34680000 0.00004426
0.34720000 0.00004273
0.34760000 0.00004141
0.34800000 0.00004019
0.34840000 0.00003899
0.34880000 0.00003778
0.34920000 0.00003649
0.34960000 0.00003510
0.35000000 0.00003360
