0.15000000 0.00027187
0.15040000 0.00029267
0.15080000 0.00031450
0.15120000 0.00033745
0.15160000 0.00036160
0.15200000 0.00038710
0.15240000 0.00041409
0.15280000 0.00044276
0.15320000 0.00047332
0.15360000 0.00050602
0.15400000 0.00054114
0.15440000 0.00057901
0.15480000 0.00061996
0.15520000 0.00066438
0.15560000 0.00071269
0.15600000 0.00076533
0.15640000 0.00082277
0.15680000 0.00088552
0.15720000 0.00095409
0.15760000 0.00102901
0.15800000 0.00111086
0.15840000 0.00120018
0.15880000 0.00129754
0.15920000 0.00140353
0.15960000 0.00151871
0.16000000 0.00164364
0.16040000 0.00177890
0.16080000 0.00192504
0.16120000 0.00208260
0.16160000 0.00225211
0.16200000 0.00243412
0.16240000 0.00262915
0.16280000 0.00283772
0.16320000 0.00306036
0.16360000 0.00329762
0.16400000 0.00355005
0.16440000 0.00381826
0.16480000 0.00410286
0.16520000 0.00440454
0.16560000 0.00472405
0.16600000 0.00506220
0.16640000 0.00541989
0.16680000 0.00579815
0.16720000 0.00619808
0.16760000 0.00662093
0.16800000 0.00706810
0.16840000 0.00754111
0.16880000 0.00804165
0.16920000 0.00857158
0.16960000 0.00913291
0.17000000 0.00972784
0.17040000 0.01035872
0.17080000 0.01102808
0.17120000 0.01173860
0.17160000 0.01249312
0.17200000 0.01329462
0.17240000 0.01414621
0.17280000 0.01505113
0.17320000 0.01601268
0.17360000 0.01703429
0.17400000 0.01811940
0.17440000 0.01927153
0.17480000 0.02049421
0.17520000 0.02179098
0.17560000 0.02316537
0.17600000 0.02462088
0.17640000 0.02616098
0.17680000 0.02778912
0.17720000 0.02950867
0.17760000 0.03132300
0.17800000 0.03323542
0.17840000 0.03524925
0.17880000 0.03736779
0.17920000 0.03959438
0.17960000 0.04193241
0.18000000 0.04438539
0.18040000 0.04695694
0.18080000 0.04965090
0.18120000 0.05247133
0.18160000 0.05542260
0.18200000 0.05850942
0.18240000 0.06173693
0.18280000 0.06511073
0.18320000 0.06863696
0.18360000 0.07232234
0.18400000 0.07617424
0.18440000 0.08020071
0.18480000 0.08441052
0.18520000 0.08881321
0.18560000 0.09341909
0.18600000 0.09823929
0.18640000 0.10328570
0.18680000 0.10857103
0.18720000 0.11410878
0.18760000 0.11991314
0.18800000 0.12599905
0.18840000 0.13238208
0.18880000 0.13907839
0.18920000 0.14610465
0.18960000 0.15347797
0.19000000 0.16121581
0.19040000 0.16933589
0.19080000 0.17785610
0.19120000 0.18679441
0.19160000 0.19616876
0.19200000 0.20599701
0.19240000 0.21629679
0.19280000 0.22708551
0.19320000 0.23838021
0.19360000 0.25019756
0.19400000 0.26255378
0.19440000 0.27546465
0.19480000 0.28894543
0.19520000 0.30301089
0.19560000 0.31767531
0.19600000 0.33295251
0.19640000 0.34885584
0.19680000 0.36539826
0.19720000 0.38259236
0.19760000 0.40045042
0.19800000 0.41898446
0.19840000 0.43820628
0.19880000 0.45812753
0.19920000 0.47875974
0.19960000 0.50011434
0.20000000 0.52220269
0.20040000 0.54503609
0.20080000 0.56862576
0.20120000 0.59298278
0.20160000 0.61811807
0.20200000 0.64404230
0.20240000 0.67076576
0.20280000 0.69829828
0.20320000 0.72664904
0.20360000 0.75582646
0.20400000 0.78583796
0.20440000 0.81668979
0.20480000 0.84838686
0.20520000 0.88093248
0.20560000 0.91432822
0.20600000 0.94857367
0.20640000 0.98366627
0.20680000 1.01960119
0.20720000 1.05637117
0.20760000 1.09396644
0.20800000 1.13237466
0.20840000 1.17158094
0.20880000 1.21156788
0.20920000 1.25231565
0.20960000 1.29380217
0.21000000 1.33600333
0.21040000 1.37889326
0.21080000 1.42244468
0.21120000 1.46662924
0.21160000 1.51141803
0.21200000 1.55678199
0.21240000 1.60269244
0.21280000 1.64912162
0.21320000 1.69604324
0.21360000 1.74343301
0.21400000 1.79126915
0.21440000 1.83953293
0.21480000 1.88820908
0.21520000 1.93728621
0.21560000 1.98675711
0.21600000 2.03661899
0.21640000 2.08687358
0.21680000 2.13752718
0.21720000 2.18859049
0.21760000 2.24007839
0.21800000 2.29200951
0.21840000 2.34440572
0.21880000 2.39729141
0.21920000 2.45069268
0.21960000 2.50463633
0.22000000 2.55914879
0.22040000 2.61425487
0.22080000 2.66997646
0.22120000 2.72633108
0.22160000 2.78333046
0.22200000 2.84097898
0.22240000 2.89927220
0.22280000 2.95819532
0.22320000 3.01772175
0.22360000 3.07781172
0.22400000 3.13841104
0.22440000 3.19944996
0.22480000 3.26084225
0.22520000 3.32248443
0.22560000 3.38425527
0.22600000 3.44601553
0.22640000 3.50760795
0.22680000 3.56885756
0.22720000 3.62957230
0.22760000 3.68954387
0.22800000 3.74854901
0.22840000 3.80635097
0.22880000 3.86270136
0.22920000 3.91734224
0.22960000 3.97000846
0.23000000 4.02043032
0.23040000 4.06833628
0.23080000 4.11345603
0.23120000 4.15552352
0.23160000 4.19428017
0.23200000 4.22947812
0.23240000 4.26088342
0.23280000 4.28827921
0.23320000 4.31146879
0.23360000 4.33027848
0.23400000 4.34456036
0.23440000 4.35419468
0.23480000 4.35909202
0.23520000 4.35919510
0.23560000 4.35448024
0.23600000 4.34495837
0.23640000 4.33067571
0.23680000 4.31171390
0.23720000 4.28818980
0.23760000 4.26025472
0.23800000 4.22809330
0.23840000 4.19192191
0.23880000 4.15198664
0.23920000 4.10856086
0.23960000 4.06194251
0.24000000 4.01245097
0.24040000 3.96042373
0.24080000 3.90621272
0.24120000 3.85018062
0.24160000 3.79269684
0.24200000 3.73413362
0.24240000 3.67486197
0.24280000 3.61524774
0.24320000 3.55564773
0.24360000 3.49640599
0.24400000 3.43785029
0.24440000 3.38028888
0.24480000 3.32400748
0.24520000 3.26926670
0.24560000 3.21629969
0.24600000 3.16531032
0.24640000 3.11647165
0.24680000 3.06992492
0.24720000 3.02577893
0.24760000 2.98410982
0.24800000 2.94496133
0.24840000 2.90834542
0.24880000 2.87424334
0.24920000 2.84260703
0.24960000 2.81336081
0.25000000 2.78640347
0.25040000 2.76161059
0.25080000 2.73883700
0.25120000 2.71791958
0.25160000 2.69868001
0.25200000 2.68092781
0.25240000 2.66446324
0.25280000 2.64908034
0.25320000 2.63456982
0.25360000 2.62072200
0.25400000 2.60732951
0.25440000 2.59418987
0.25480000 2.58110795
0.25520000 2.56789815
0.25560000 2.55438638
0.25600000 2.54041176
0.25640000 2.52582815
0.25680000 2.51050529
0.25720000 2.49432974
0.25760000 2.47720556
0.25800000 2.45905466
0.25840000 2.43981696
0.25880000 2.41945025
0.25920000 2.39792985
0.25960000 2.37524802
0.26000000 2.35141323
0.26040000 2.32644922
0.26080000 2.30039386
0.26120000 2.27329802
0.26160000 2.24522418
0.26200000 2.21624504
0.26240000 2.18644211
0.26280000 2.15590416
0.26320000 2.12472574
0.26360000 2.09300569
0.26400000 2.06084566
0.26440000 2.02834872
0.26480000 1.99561796
0.26520000 1.96275521
0.26560000 1.92985989
0.26600000 1.89702784
0.26640000 1.86435038
0.26680000 1.83191344
0.26720000 1.79979674
0.26760000 1.76807319
0.26800000 1.73680839
0.26840000 1.70606019
0.26880000 1.67587843
0.26920000 1.64630481
0.26960000 1.61737282
0.27000000 1.58910783
0.27040000 1.56152724
0.27080000 1.53464077
0.27120000 1.50845081
0.27160000 1.48295288
0.27200000 1.45813613
0.27240000 1.43398394
0.27280000 1.41047453
0.27320000 1.38758167
0.27360000 1.36527540
0.27400000 1.34352273
0.27440000 1.32228847
0.27480000 1.30153591
0.27520000 1.28122766
0.27560000 1.26132630
0.27600000 1.24179517
0.27640000 1.22259900
0.27680000 1.20370455
0.27720000 1.18508119
0.27760000 1.16670142
0.27800000 1.14854128
0.27840000 1.13058076
0.27880000 1.11280404
0.27920000 1.09519975
0.27960000 1.07776101
0.28000000 1.06048551
0.28040000 1.04337541
0.28080000 1.02643719
0.28120000 1.00968141
0.28160000 0.99312237
0.28200000 0.97677773
0.28240000 0.96066803
0.28280000 0.94481611
0.28320000 0.92924659
0.28360000 0.91398520
0.28400000 0.89905813
0.28440000 0.88449134
0.28480000 0.87030989
0.28520000 0.85653724
0.28560000 0.84319461
0.28600000 0.83030032
0.28640000 0.81786926
0.28680000 0.80591228
0.28720000 0.79443580
0.28760000 0.78344138
0.28800000 0.77292545
0.28840000 0.76287905
0.28880000 0.75328776
0.28920000 0.74413166
0.28960000 0.73538544
0.29000000 0.72701855
0.29040000 0.71899551
0.29080000 0.71127630
0.29120000 0.70381681
0.29160000 0.69656942
0.29200000 0.68948357
0.29240000 0.68250652
0.29280000 0.67558404
0.29320000 0.66866119
0.29360000 0.66168312
0.29400000 0.65459589
0.29440000 0.64734727
0.29480000 0.63988748
0.29520000 0.63217002
0.29560000 0.62415232
0.29600000 0.61579637
0.29640000 0.60706936
0.29680000 0.59794411
0.29720000 0.58839952
0.29760000 0.57842086
0.29800000 0.56799999
0.29840000 0.55713544
0.29880000 0.54583245
0.29920000 0.53410286
0.29960000 0.52196486
0.30000000 0.50944273
0.30040000 0.49656645
0.30080000 0.48337117
0.30120000 0.46989671
0.30160000 0.45618689
0.30200000 0.44228892
0.30240000 0.42825262
0.30280000 0.41412973
0.30320000 0.39997310
0.30360000 0.38583599
0.30400000 0.37177129
0.30440000 0.35783078
0.30480000 0.34406446
0.30520000 0.33051991
0.30560000 0.31724167
0.30600000 0.30427076
0.30640000 0.29164417
0.30680000 0.27939453
0.30720000 0.26754977
0.30760000 0.25613295
0.30800000 0.24516210
0.30840000 0.23465018
0.30880000 0.22460512
0.30920000 0.21502994
0.30960000 0.20592293
0.31000000 0.19727790
0.31040000 0.18908453
0.31080000 0.18132871
0.31120000 0.17399294
0.31160000 0.16705683
0.31200000 0.16049754
0.31240000 0.15429028
0.31280000 0.14840881
0.31320000 0.14282594
0.31360000 0.13751403
0.31400000 0.13244543
0.31440000 0.12759295
0.31480000 0.12293027
0.31520000 0.11843228
0.31560000 0.11407546
0.31600000 0.10983813
0.31640000 0.10570067
0.31680000 0.10164574
0.31720000 0.09765839
0.31760000 0.09372614
0.31800000 0.08983901
0.31840000 0.08598948
0.31880000 0.08217249
0.31920000 0.07838526
0.31960000 0.07462720
0.32000000 0.07089971
0.32040000 0.06720601
0.32080000 0.06355087
0.32120000 0.05994045
0.32160000 0.05638197
0.32200000 0.05288350
0.32240000 0.04945372
0.32280000 0.04610164
0.32320000 0.04283638
0.32360000 0.03966694
0.32400000 0.03660199
0.32440000 0.03364969
0.32480000 0.03081751
0.32520000 0.02811207
0.32560000 0.02553908
0.32600000 0.02310318
0.32640000 0.02080793
0.32680000 0.01865571
0.32720000 0.01664777
0.32760000 0.01478417
0.32800000 0.01306387
0.32840000 0.01148472
0.32880000 0.01004356
0.32920000 0.00873632
0.32960000 0.00755805
0.33000000 0.00650308
0.33040000 0.00556508
0.33080000 0.00473724
0.33120000 0.00401231
0.33160000 0.00338276
0.33200000 0.00284091
0.33240000 0.00237897
0.33280000 0.00198922
0.33320000 0.00166404
0.33360000 0.00139605
0.33400000 0.00117814
0.33440000 0.00100357
0.33480000 0.00086598
0.33520000 0.00075949
0.33560000 0.00067869
0.33600000 0.00061868
0.33640000 0.00057506
0.33680000 0.00054397
0.33720000 0.00052203
0.33760000 0.00050637
0.33800000 0.00049461
0.33840000 0.00048478
0.33880000 0.00047534
0.33920000 0.00046512
0.33960000 0.00045330
0.34000000 0.00043934
0.34040000 0.00042297
0.34080000 0.00040414
0.34120000 0.00038295
0.34160000 0.00035968
0.34200000 0.00033467
0.34240000 0.00030836
0.34280000 0.00028124
0.34320000 0.00025378
0.34360000 0.00022648
0.34400000 0.00019981
0.34440000 0.00017417
0.34480000 0.00014994
0.34520000 0.00012743
0.34560000 0.00010689
0.34600000 0.00008850
0.34640000 0.00007236
0.34680000 0.00005854
0.34720000 0.00004701
0.34760000 0.00003771
0.34800000 0.00003054
0.34840000 0.00002533
0.34880000 0.00002189
0.34920000 0.00002003
0.34960000 0.00001952
0.35000000 0.00002012
