0.15000000 0.00026714
0.15040000 0.00027790
0.15080000 0.00028921
0.15120000 0.00030139
0.15160000 0.00031479
0.15200000 0.00032980
0.15240000 0.00034688
0.15280000 0.00036649
0.15320000 0.00038917
0.15360000 0.00041544
0.15400000 0.00044586
0.15440000 0.00048101
0.15480000 0.00052143
0.15520000 0.00056769
0.15560000 0.00062032
0.15600000 0.00067983
0.15640000 0.00074668
0.15680000 0.00082129
0.15720000 0.00090403
0.15760000 0.00099518
0.15800000 0.00109501
0.15840000 0.00120366
0.15880000 0.00132125
0.15920000 0.00144782
0.15960000 0.00158335
0.16000000 0.00172778
0.16040000 0.00188100
0.16080000 0.00204289
0.16120000 0.00221332
0.16160000 0.00239216
0.16200000 0.00257934
0.16240000 0.00277483
0.16280000 0.00297868
0.16320000 0.00319109
0.16360000 0.00341234
0.16400000 0.00364291
0.16440000 0.00388346
0.16480000 0.00413486
0.16520000 0.00439820
0.16560000 0.00467482
0.16600000 0.00496633
0.16640000 0.00527458
0.16680000 0.00560173
0.16720000 0.00595017
0.16760000 0.00632257
0.16800000 0.00672181
0.16840000 0.00715103
0.16880000 0.00761353
0.16920000 0.00811278
0.16960000 0.00865236
0.17000000 0.00923593
0.17040000 0.00986716
0.17080000 0.01054973
0.17120000 0.01128719
0.17160000 0.01208300
0.17200000 0.01294041
0.17240000 0.01386246
0.17280000 0.01485191
0.17320000 0.01591118
0.17360000 0.01704238
0.17400000 0.01824722
0.17440000 0.01952705
0.17480000 0.02088283
0.17520000 0.02231515
0.17560000 0.02382426
0.17600000 0.02541010
0.17640000 0.02707235
0.17680000 0.02881051
0.17720000 0.03062397
0.17760000 0.03251207
0.17800000 0.03447428
0.17840000 0.03651020
0.17880000 0.03861977
0.17920000 0.04080334
0.17960000 0.04306180
0.18000000 0.04539670
0.18040000 0.04781038
0.18080000 0.05030605
0.18120000 0.05288792
0.18160000 0.05556126
0.18200000 0.05833251
0.18240000 0.06120926
0.18280000 0.06420037
0.18320000 0.06731590
0.18360000 0.07056715
0.18400000 0.07396660
0.18440000 0.07752787
0.18480000 0.08126558
0.18520000 0.08519533
0.18560000 0.08933348
0.18600000 0.09369709
0.18640000 0.09830370
0.18680000 0.10317119
0.18720000 0.10831759
0.18760000 0.11376092
0.18800000 0.11951900
0.18840000 0.12560928
0.18880000 0.13204870
0.18920000 0.13885355
0.18960000 0.14603935
0.19000000 0.15362078
0.19040000 0.16161159
0.19080000 0.17002462
0.19120000 0.17887177
0.19160000 0.18816411
0.19200000 0.19791187
0.19240000 0.20812467
0.19280000 0.21881156
0.19320000 0.22998131
0.19360000 0.24164251
0.19400000 0.25380388
0.19440000 0.26647444
0.19480000 0.27966376
0.19520000 0.29338222
0.19560000 0.30764116
0.19600000 0.32245313
0.19640000 0.33783199
0.19680000 0.35379305
0.19720000 0.37035309
0.19760000 0.38753040
0.19800000 0.40534464
0.19840000 0.42381673
0.19880000 0.44296859
0.19920000 0.46282286
0.19960000 0.48340246
0.20000000 0.50473014
0.20040000 0.52682795
0.20080000 0.54971659
0.20120000 0.57341476
0.20160000 0.59793843
0.20200000 0.62330011
0.20240000 0.64950808
0.20280000 0.67656565
0.20320000 0.70447041
0.20360000 0.73321357
0.20400000 0.76277931
0.20440000 0.79314433
0.20480000 0.82427737
0.20520000 0.85613898
0.20560000 0.88868137
0.20600000 0.92184848
0.20640000 0.95557623
0.20680000 0.98979292
0.20720000 1.02441987
0.20760000 1.05937230
0.20800000 1.09456033
0.20840000 1.12989027
0.20880000 1.16526606
0.20920000 1.20059086
0.20960000 1.23576883
0.21000000 1.27070703
0.21040000 1.30531736
0.21080000 1.33951867
0.21120000 1.37323878
0.21160000 1.40641650
0.21200000 1.43900363
0.21240000 1.47096681
0.21280000 1.50228918
0.21320000 1.53297189
0.21360000 1.56303529
0.21400000 1.59251988
0.21440000 1.62148691
0.21480000 1.65001854
0.21520000 1.67821768
0.21560000 1.70620741
0.21600000 1.73412984
0.21640000 1.76214469
0.21680000 1.79042728
0.21720000 1.81916616
0.21760000 1.84856033
0.21800000 1.87881599
0.21840000 1.91014303
0.21880000 1.94275119
0.21920000 1.97684592
0.21960000 2.01262415
0.22000000 2.05026985
0.22040000 2.08994961
0.22080000 2.13180822
0.22120000 2.17596442
0.22160000 2.22250679
0.22200000 2.27148998
0.22240000 2.32293127
0.22280000 2.37680762
0.22320000 2.43305316
0.22360000 2.49155735
0.22400000 2.55216377
0.22440000 2.61466948
0.22480000 2.67882530
0.22520000 2.74433666
0.22560000 2.81086533
0.22600000 2.87803183
0.22640000 2.94541865
0.22680000 3.01257412
0.22720000 3.07901702
0.22760000 3.14424173
0.22800000 3.20772401
0.22840000 3.26892717
0.22880000 3.32730867
0.22920000 3.38232700
0.22960000 3.43344867
0.23000000 3.48015537
0.23040000 3.52195098
0.23080000 3.55836847
0.23120000 3.58897655
0.23160000 3.61338583
0.23200000 3.63125459
0.23240000 3.64229392
0.23280000 3.64627217
0.23320000 3.64301865
0.23360000 3.63242653
0.23400000 3.61445483
0.23440000 3.58912951
0.23480000 3.55654363
0.23520000 3.51685659
0.23560000 3.47029240
0.23600000 3.41713707
0.23640000 3.35773516
0.23680000 3.29248547
0.23720000 3.22183606
0.23760000 3.14627856
0.23800000 3.06634196
0.23840000 2.98258591
0.23880000 2.89559374
0.23920000 2.80596512
0.23960000 2.71430875
0.24000000 2.62123492
0.24040000 2.52734827
0.24080000 2.43324075
0.24120000 2.33948492
0.24160000 2.24662763
0.24200000 2.15518435
0.24240000 2.06563396
0.24280000 1.97841429
0.24320000 1.89391839
0.24360000 1.81249150
0.24400000 1.73442889
0.24440000 1.65997444
0.24480000 1.58932003
0.24520000 1.52260574
0.24560000 1.45992076
0.24600000 1.40130505
0.24640000 1.34675160
0.24680000 1.29620934
0.24720000 1.24958652
0.24760000 1.20675455
0.24800000 1.16755220
0.24840000 1.13179006
0.24880000 1.09925519
0.24920000 1.06971583
0.24960000 1.04292616
0.25000000 1.01863095
0.25040000 0.99657008
0.25080000 0.97648283
0.25120000 0.95811184
0.25160000 0.94120683
0.25200000 0.92552780
0.25240000 0.91084792
0.25280000 0.89695593
0.25320000 0.88365805
0.25360000 0.87077947
0.25400000 0.85816533
0.25440000 0.84568131
0.25480000 0.83321373
0.25520000 0.82066928
0.25560000 0.80797438
0.25600000 0.79507425
0.25640000 0.78193162
0.25680000 0.76852531
0.25720000 0.75484855
0.25760000 0.74090723
0.25800000 0.72671799
0.25840000 0.71230638
0.25880000 0.69770496
0.25920000 0.68295144
0.25960000 0.66808697
0.26000000 0.65315454
0.26040000 0.63819746
0.26080000 0.62325810
0.26120000 0.60837679
0.26160000 0.59359085
0.26200000 0.57893393
0.26240000 0.56443547
0.26280000 0.55012039
0.26320000 0.53600893
0.26360000 0.52211667
0.26400000 0.50845474
0.26440000 0.49503010
0.26480000 0.48184595
0.26520000 0.46890224
0.26560000 0.45619621
0.26600000 0.44372301
0.26640000 0.43147624
0.26680000 0.41944862
0.26720000 0.40763253
0.26760000 0.39602051
0.26800000 0.38460577
0.26840000 0.37338253
0.26880000 0.36234641
0.26920000 0.35149457
0.26960000 0.34082593
0.27000000 0.33034120
0.27040000 0.32004284
0.27080000 0.30993498
0.27120000 0.30002324
0.27160000 0.29031452
0.27200000 0.28081666
0.27240000 0.27153821
0.27280000 0.26248801
0.27320000 0.25367491
0.27360000 0.24510736
0.27400000 0.23679312
0.27440000 0.22873892
0.27480000 0.22095020
0.27520000 0.21343085
0.27560000 0.20618308
0.27600000 0.19920719
0.27640000 0.19250159
0.27680000 0.18606272
0.27720000 0.17988511
0.27760000 0.17396144
0.27800000 0.16828274
0.27840000 0.16283849
0.27880000 0.15761693
0.27920000 0.15260524
0.27960000 0.14778987
0.28000000 0.14315679
0.28040000 0.13869180
0.28080000 0.13438083
0.28120000 0.13021020
0.28160000 0.12616690
0.28200000 0.12223883
0.28240000 0.11841498
0.28280000 0.11468561
0.28320000 0.11104239
0.28360000 0.10747847
0.28400000 0.10398855
0.28440000 0.10056884
0.28480000 0.09721709
0.28520000 0.09393243
0.28560000 0.09071532
0.28600000 0.08756738
0.28640000 0.08449124
0.28680000 0.08149034
0.28720000 0.07856871
0.28760000 0.07573082
0.28800000 0.07298129
0.28840000 0.07032475
0.28880000 0.06776562
0.28920000 0.06530791
0.28960000 0.06295508
0.29000000 0.06070989
0.29040000 0.05857429
0.29080000 0.05654934
0.29120000 0.05463513
0.29160000 0.05283080
0.29200000 0.05113449
0.29240000 0.04954341
0.29280000 0.04805388
0.29320000 0.04666142
0.29360000 0.04536086
0.29400000 0.04414642
0.29440000 0.04301191
0.29480000 0.04195080
0.29520000 0.04095643
0.29560000 0.04002210
0.29600000 0.03914126
0.29640000 0.03830763
0.29680000 0.03751531
0.29720000 0.03675891
0.29760000 0.03603367
0.29800000 0.03533546
0.29840000 0.03466095
0.29880000 0.03400756
0.29920000 0.03337349
0.29960000 0.03275777
0.30000000 0.03216017
0.30040000 0.03158122
0.30080000 0.03102210
0.30120000 0.03048459
0.30160000 0.02997099
0.30200000 0.02948401
0.30240000 0.02902667
0.30280000 0.02860221
0.30320000 0.02821393
0.30360000 0.02786514
0.30400000 0.02755903
0.30440000 0.02729854
0.30480000 0.02708632
0.30520000 0.02692461
0.30560000 0.02681515
0.30600000 0.02675918
0.30640000 0.02675732
0.30680000 0.02680960
0.30720000 0.02691538
0.30760000 0.02707338
0.30800000 0.02728169
0.30840000 0.02753774
0.30880000 0.02783837
0.30920000 0.02817987
0.30960000 0.02855800
0.31000000 0.02896806
0.31040000 0.02940497
0.31080000 0.02986328
0.31120000 0.03033731
0.31160000 0.03082117
0.31200000 0.03130885
0.31240000 0.03179430
0.31280000 0.03227147
0.31320000 0.03273440
0.31360000 0.03317730
0.31400000 0.03359455
0.31440000 0.03398082
0.31480000 0.03433106
0.31520000 0.03464059
0.31560000 0.03490510
0.31600000 0.03512071
0.31640000 0.03528397
0.31680000 0.03539190
0.31720000 0.03544199
0.31760000 0.03543222
0.31800000 0.03536104
0.31840000 0.03522742
0.31880000 0.03503080
0.31920000 0.03477108
0.31960000 0.03444867
0.32000000 0.03406439
0.32040000 0.03361951
0.32080000 0.03311573
0.32120000 0.03255514
0.32160000 0.03194018
0.32200000 0.03127366
0.32240000 0.03055870
0.32280000 0.02979871
0.32320000 0.02899735
0.32360000 0.02815852
0.32400000 0.02728631
0.32440000 0.02638496
0.32480000 0.02545885
0.32520000 0.02451243
0.32560000 0.02355021
0.32600000 0.02257673
0.32640000 0.02159649
0.32680000 0.02061394
0.32720000 0.01963344
0.32760000 0.01865922
0.32800000 0.01769535
0.32840000 0.01674571
0.32880000 0.01581397
0.32920000 0.01490352
0.32960000 0.01401752
0.33000000 0.01315881
0.33040000 0.01232991
0.33080000 0.01153305
0.33120000 0.01077008
0.33160000 0.01004254
0.33200000 0.00935160
0.33240000 0.00869810
0.33280000 0.00808253
0.33320000 0.00750507
0.33360000 0.00696555
0.33400000 0.00646351
0.33440000 0.00599822
0.33480000 0.00556868
0.33520000 0.00517365
0.33560000 0.00481169
0.33600000 0.00448118
0.33640000 0.00418033
0.33680000 0.00390726
0.33720000 0.00365997
0.33760000 0.00343644
0.33800000 0.00323457
0.33840000 0.00305231
0.33880000 0.00288759
0.33920000 0.00273843
0.33960000 0.00260290
0.34000000 0.00247916
0.34040000 0.00236550
0.34080000 0.00226031
0.34120000 0.00216214
0.34160000 0.00206967
0.34200000 0.00198175
0.34240000 0.00189735
0.34280000 0.00181562
0.34320000 0.00173586
0.34360000 0.00165751
0.34400000 0.00158014
0.34440000 0.00150346
0.34480000 0.00142729
0.34520000 0.00135156
0.34560000 0.00127630
0.34600000 0.00120162
0.34640000 0.00112768
0.34680000 0.00105470
0.34720000 0.00098296
0.34760000 0.00091272
0.34800000 0.00084430
0.34840000 0.00077800
0.34880000 0.00071410
0.34920000 0.00065287
0.34960000 0.00059458
0.35000000 0.00053943
