0.15000000 0.00026617
0.15040000 0.00027833
0.15080000 0.00029112
0.15120000 0.00030484
0.15160000 0.00031979
0.15200000 0.00033635
0.15240000 0.00035491
0.15280000 0.00037592
0.15320000 0.00039985
0.15360000 0.00042719
0.15400000 0.00045845
0.15440000 0.00049418
0.15480000 0.00053489
0.15520000 0.00058112
0.15560000 0.00063338
0.15600000 0.00069215
0.15640000 0.00075791
0.15680000 0.00083108
0.15720000 0.00091203
0.15760000 0.00100110
0.15800000 0.00109856
0.15840000 0.00120464
0.15880000 0.00131951
0.15920000 0.00144327
0.15960000 0.00157600
0.16000000 0.00171772
0.16040000 0.00186841
0.16080000 0.00202805
0.16120000 0.00219661
0.16160000 0.00237407
0.16200000 0.00256043
0.16240000 0.00275577
0.16280000 0.00296021
0.16320000 0.00317399
0.16360000 0.00339746
0.16400000 0.00363111
0.16440000 0.00387562
0.16480000 0.00413182
0.16520000 0.00440076
0.16560000 0.00468372
0.16600000 0.00498219
0.16640000 0.00529791
0.16680000 0.00563288
0.16720000 0.00598930
0.16760000 0.00636964
0.16800000 0.00677659
0.16840000 0.00721302
0.16880000 0.00768199
0.16920000 0.00818673
0.16960000 0.00873057
0.17000000 0.00931691
0.17040000 0.00994921
0.17080000 0.01063091
0.17120000 0.01136540
0.17160000 0.01215598
0.17200000 0.01300580
0.17240000 0.01391782
0.17280000 0.01489477
0.17320000 0.01593914
0.17360000 0.01705311
0.17400000 0.01823855
0.17440000 0.01949701
0.17480000 0.02082974
0.17520000 0.02223763
0.17560000 0.02372131
0.17600000 0.02528115
0.17640000 0.02691727
0.17680000 0.02862966
0.17720000 0.03041821
0.17760000 0.03228280
0.17800000 0.03422336
0.17840000 0.03624003
0.17880000 0.03833318
0.17920000 0.04050360
0.17960000 0.04275254
0.18000000 0.04508185
0.18040000 0.04749410
0.18080000 0.04999263
0.18120000 0.05258171
0.18160000 0.05526654
0.18200000 0.05805338
0.18240000 0.06094959
0.18280000 0.06396364
0.18320000 0.06710513
0.18360000 0.07038480
0.18400000 0.07381448
0.18440000 0.07740708
0.18480000 0.08117647
0.18520000 0.08513742
0.18560000 0.08930550
0.18600000 0.09369693
0.18640000 0.09832847
0.18680000 0.10321725
0.18720000 0.10838063
0.18760000 0.11383605
0.18800000 0.11960085
0.18840000 0.12569215
0.18880000 0.13212670
0.18920000 0.13892074
0.18960000 0.14608995
0.19000000 0.15364929
0.19040000 0.16161303
0.19080000 0.16999466
0.19120000 0.17880691
0.19160000 0.18806183
0.19200000 0.19777077
0.19240000 0.20794457
0.19280000 0.21859362
0.19320000 0.22972805
0.19360000 0.24135788
0.19400000 0.25349322
0.19440000 0.26614445
0.19480000 0.27932244
0.19520000 0.29303874
0.19560000 0.30730574
0.19600000 0.32213684
0.19640000 0.33754660
0.19680000 0.35355078
0.19720000 0.37016642
0.19760000 0.38741178
0.19800000 0.40530633
0.19840000 0.42387053
0.19880000 0.44312569
0.19920000 0.46309362
0.19960000 0.48379632
0.20000000 0.50525551
0.20040000 0.52749219
0.20080000 0.55052603
0.20120000 0.57437482
0.20160000 0.59905377
0.20200000 0.62457490
0.20240000 0.65094630
0.20280000 0.67817150
0.20320000 0.70624880
0.20360000 0.73517064
0.20400000 0.76492307
0.20440000 0.79548530
0.20480000 0.82682928
0.20520000 0.85891953
0.20560000 0.89171296
0.20600000 0.92515896
0.20640000 0.95919963
0.20680000 0.99377012
0.20720000 1.02879926
0.20760000 1.06421030
0.20800000 1.09992185
0.20840000 1.13584907
0.20880000 1.17190490
0.20920000 1.20800157
0.20960000 1.24405221
0.21000000 1.27997251
0.21040000 1.31568259
0.21080000 1.35110878
0.21120000 1.38618552
0.21160000 1.42085722
0.21200000 1.45508001
0.21240000 1.48882343
0.21280000 1.52207196
0.21320000 1.55482633
0.21360000 1.58710467
0.21400000 1.61894326
0.21440000 1.65039712
0.21480000 1.68154013
0.21520000 1.71246488
0.21560000 1.74328202
0.21600000 1.77411934
0.21640000 1.80512033
0.21680000 1.83644235
0.21720000 1.86825445
0.21760000 1.90073475
0.21800000 1.93406748
0.21840000 1.96843970
0.21880000 2.00403774
0.21920000 2.04104344
0.21960000 2.07963014
0.22000000 2.11995863
0.22040000 2.16217308
0.22080000 2.20639693
0.22120000 2.25272897
0.22160000 2.30123954
0.22200000 2.35196706
0.22240000 2.40491489
0.22280000 2.46004852
0.22320000 2.51729341
0.22360000 2.57653320
0.22400000 2.63760863
0.22440000 2.70031708
0.22480000 2.76441275
0.22520000 2.82960755
0.22560000 2.89557278
0.22600000 2.96194141
0.22640000 3.02831113
0.22680000 3.09424801
0.22720000 3.15929090
0.22760000 3.22295626
0.22800000 3.28474366
0.22840000 3.34414159
0.22880000 3.40063369
0.22920000 3.45370529
0.22960000 3.50285000
0.23000000 3.54757647
0.23040000 3.58741505
0.23080000 3.62192434
0.23120000 3.65069739
0.23160000 3.67336768
0.23200000 3.68961449
0.23240000 3.69916780
0.23280000 3.70181252
0.23320000 3.69739204
0.23360000 3.68581091
0.23400000 3.66703679
0.23440000 3.64110149
0.23480000 3.60810109
0.23520000 3.56819525
0.23560000 3.52160554
0.23600000 3.46861296
0.23640000 3.40955464
0.23680000 3.34481976
0.23720000 3.27484472
0.23760000 3.20010775
0.23800000 3.12112295
0.23840000 3.03843388
0.23880000 2.95260682
0.23920000 2.86422378
0.23960000 2.77387541
0.24000000 2.68215391
0.24040000 2.58964601
0.24080000 2.49692619
0.24120000 2.40455018
0.24160000 2.31304896
0.24200000 2.22292312
0.24240000 2.13463791
0.24280000 2.04861887
0.24320000 1.96524819
0.24360000 1.88486177
0.24400000 1.80774705
0.24440000 1.73414166
0.24480000 1.66423273
0.24520000 1.59815709
0.24560000 1.53600211
0.24600000 1.47780723
0.24640000 1.42356617
0.24680000 1.37322971
0.24720000 1.32670895
0.24760000 1.28387898
0.24800000 1.24458301
0.24840000 1.20863663
0.24880000 1.17583237
0.24920000 1.14594425
0.24960000 1.11873246
0.25000000 1.09394783
0.25040000 1.07133633
0.25080000 1.05064317
0.25120000 1.03161681
0.25160000 1.01401246
0.25200000 0.99759536
0.25240000 0.98214357
0.25280000 0.96745032
0.25320000 0.95332597
0.25360000 0.93959943
0.25400000 0.92611921
0.25440000 0.91275394
0.25480000 0.89939257
0.25520000 0.88594410
0.25560000 0.87233693
0.25600000 0.85851802
0.25640000 0.84445161
0.25680000 0.83011782
0.25720000 0.81551105
0.25760000 0.80063819
0.25800000 0.78551683
0.25840000 0.77017337
0.25880000 0.75464118
0.25920000 0.73895879
0.25960000 0.72316814
0.26000000 0.70731302
0.26040000 0.69143757
0.26080000 0.67558502
0.26120000 0.65979657
0.26160000 0.64411048
0.26200000 0.62856137
0.26240000 0.61317966
0.26280000 0.59799128
0.26320000 0.58301751
0.26360000 0.56827500
0.26400000 0.55377593
0.26440000 0.53952833
0.26480000 0.52553646
0.26520000 0.51180131
0.26560000 0.49832116
0.26600000 0.48509212
0.26640000 0.47210877
0.26680000 0.45936475
0.26720000 0.44685327
0.26760000 0.43456768
0.26800000 0.42250190
0.26840000 0.41065081
0.26880000 0.39901054
0.26920000 0.38757872
0.26960000 0.37635460
0.27000000 0.36533908
0.27040000 0.35453470
0.27080000 0.34394553
0.27120000 0.33357694
0.27160000 0.32343541
0.27200000 0.31352825
0.27240000 0.30386323
0.27280000 0.29444826
0.27320000 0.28529106
0.27360000 0.27639876
0.27400000 0.26777763
0.27440000 0.25943272
0.27480000 0.25136762
0.27520000 0.24358426
0.27560000 0.23608268
0.27600000 0.22886097
0.27640000 0.22191521
0.27680000 0.21523946
0.27720000 0.20882584
0.27760000 0.20266463
0.27800000 0.19674450
0.27840000 0.19105266
0.27880000 0.18557516
0.27920000 0.18029720
0.27960000 0.17520338
0.28000000 0.17027806
0.28040000 0.16550569
0.28080000 0.16087110
0.28120000 0.15635984
0.28160000 0.15195840
0.28200000 0.14765452
0.28240000 0.14343735
0.28280000 0.13929765
0.28320000 0.13522790
0.28360000 0.13122234
0.28400000 0.12727707
0.28440000 0.12338996
0.28480000 0.11956059
0.28520000 0.11579017
0.28560000 0.11208136
0.28600000 0.10843810
0.28640000 0.10486539
0.28680000 0.10136904
0.28720000 0.09795548
0.28760000 0.09463146
0.28800000 0.09140379
0.28840000 0.08827914
0.28880000 0.08526378
0.28920000 0.08236338
0.28960000 0.07958282
0.29000000 0.07692604
0.29040000 0.07439591
0.29080000 0.07199416
0.29120000 0.06972130
0.29160000 0.06757665
0.29200000 0.06555830
0.29240000 0.06366323
0.29280000 0.06188734
0.29320000 0.06022561
0.29360000 0.05867220
0.29400000 0.05722065
0.29440000 0.05586401
0.29480000 0.05459504
0.29520000 0.05340638
0.29560000 0.05229077
0.29600000 0.05124118
0.29640000 0.05025097
0.29680000 0.04931410
0.29720000 0.04842517
0.29760000 0.04757958
0.29800000 0.04677362
0.29840000 0.04600447
0.29880000 0.04527025
0.29920000 0.04457004
0.29960000 0.04390380
0.30000000 0.04327237
0.30040000 0.04267732
0.30080000 0.04212093
0.30120000 0.04160600
0.30160000 0.04113574
0.30200000 0.04071364
0.30240000 0.04034332
0.30280000 0.04002832
0.30320000 0.03977203
0.30360000 0.03957747
0.30400000 0.03944720
0.30440000 0.03938316
0.30480000 0.03938659
0.30520000 0.03945789
0.30560000 0.03959661
0.30600000 0.03980133
0.30640000 0.04006967
0.30680000 0.04039830
0.30720000 0.04078289
0.30760000 0.04121821
0.30800000 0.04169815
0.30840000 0.04221583
0.30880000 0.04276364
0.30920000 0.04333341
0.30960000 0.04391647
0.31000000 0.04450384
0.31040000 0.04508631
0.31080000 0.04565460
0.31120000 0.04619951
0.31160000 0.04671205
0.31200000 0.04718355
0.31240000 0.04760580
0.31280000 0.04797118
0.31320000 0.04827272
0.31360000 0.04850422
0.31400000 0.04866032
0.31440000 0.04873653
0.31480000 0.04872931
0.31520000 0.04863606
0.31560000 0.04845516
0.31600000 0.04818594
0.31640000 0.04782865
0.31680000 0.04738446
0.31720000 0.04685539
0.31760000 0.04624424
0.31800000 0.04555454
0.31840000 0.04479048
0.31880000 0.04395678
0.31920000 0.04305869
0.31960000 0.04210182
0.32000000 0.04109208
0.32040000 0.04003561
0.32080000 0.03893867
0.32120000 0.03780757
0.32160000 0.03664859
0.32200000 0.03546791
0.32240000 0.03427154
0.32280000 0.03306526
0.32320000 0.03185460
0.32360000 0.03064475
0.32400000 0.02944057
0.32440000 0.02824653
0.32480000 0.02706673
0.32520000 0.02590484
0.32560000 0.02476415
0.32600000 0.02364753
0.32640000 0.02255745
0.32680000 0.02149601
0.32720000 0.02046492
0.32760000 0.01946556
0.32800000 0.01849897
0.32840000 0.01756591
0.32880000 0.01666684
0.32920000 0.01580197
0.32960000 0.01497133
0.33000000 0.01417469
0.33040000 0.01341170
0.33080000 0.01268184
0.33120000 0.01198447
0.33160000 0.01131885
0.33200000 0.01068417
0.33240000 0.01007953
0.33280000 0.00950399
0.33320000 0.00895659
0.33360000 0.00843632
0.33400000 0.00794219
0.33440000 0.00747317
0.33480000 0.00702825
0.33520000 0.00660645
0.33560000 0.00620676
0.33600000 0.00582821
0.33640000 0.00546987
0.33680000 0.00513080
0.33720000 0.00481010
0.33760000 0.00450689
0.33800000 0.00422033
0.33840000 0.00394959
0.33880000 0.00369388
0.33920000 0.00345245
0.33960000 0.00322455
0.34000000 0.00300949
0.34040000 0.00280658
0.34080000 0.00261519
0.34120000 0.00243471
0.34160000 0.00226455
0.34200000 0.00210417
0.34240000 0.00195304
0.34280000 0.00181068
0.34320000 0.00167662
0.34360000 0.00155044
0.34400000 0.00143173
0.34440000 0.00132012
0.34480000 0.00121527
0.34520000 0.00111683
0.34560000 0.00102451
0.34600000 0.00093804
0.34640000 0.00085714
0.34680000 0.00078157
0.34720000 0.00071110
0.34760000 0.00064551
0.34800000 0.00058459
0.34840000 0.00052815
0.34880000 0.00047598
0.34920000 0.00042792
0.34960000 0.00038376
0.35000000 0.00034334
