0.15000000 0.00026774
0.15040000 0.00028952
0.15080000 0.00031250
0.15120000 0.00033673
0.15160000 0.00036230
0.15200000 0.00038929
0.15240000 0.00041784
0.15280000 0.00044808
0.15320000 0.00048019
0.15360000 0.00051437
0.15400000 0.00055085
0.15440000 0.00058991
0.15480000 0.00063184
0.15520000 0.00067698
0.15560000 0.00072570
0.15600000 0.00077842
0.15640000 0.00083556
0.15680000 0.00089760
0.15720000 0.00096505
0.15760000 0.00103843
0.15800000 0.00111830
0.15840000 0.00120525
0.15880000 0.00129987
0.15920000 0.00140277
0.15960000 0.00151457
0.16000000 0.00163591
0.16040000 0.00176743
0.16080000 0.00190976
0.16120000 0.00206354
0.16160000 0.00222942
0.16200000 0.00240802
0.16240000 0.00259997
0.16280000 0.00280592
0.16320000 0.00302649
0.16360000 0.00326232
0.16400000 0.00351406
0.16440000 0.00378237
0.16480000 0.00406795
0.16520000 0.00437150
0.16560000 0.00469381
0.16600000 0.00503568
0.16640000 0.00539799
0.16680000 0.00578170
0.16720000 0.00618786
0.16760000 0.00661761
0.16800000 0.00707221
0.16840000 0.00755305
0.16880000 0.00806164
0.16920000 0.00859966
0.16960000 0.00916892
0.17000000 0.00977140
0.17040000 0.01040924
0.17080000 0.01108475
0.17120000 0.01180042
0.17160000 0.01255887
0.17200000 0.01336292
0.17240000 0.01421550
0.17280000 0.01511973
0.17320000 0.01607881
0.17360000 0.01709609
0.17400000 0.01817503
0.17440000 0.01931913
0.17480000 0.02053200
0.17520000 0.02181729
0.17560000 0.02317868
0.17600000 0.02461987
0.17640000 0.02614456
0.17680000 0.02775646
0.17720000 0.02945925
0.17760000 0.03125659
0.17800000 0.03315214
0.17840000 0.03514954
0.17880000 0.03725240
0.17920000 0.03946439
0.17960000 0.04178917
0.18000000 0.04423049
0.18040000 0.04679218
0.18080000 0.04947820
0.18120000 0.05229270
0.18160000 0.05524004
0.18200000 0.05832487
0.18240000 0.06155217
0.18280000 0.06492730
0.18320000 0.06845609
0.18360000 0.07214486
0.18400000 0.07600049
0.18440000 0.08003051
0.18480000 0.08424308
0.18520000 0.08864711
0.18560000 0.09325221
0.18600000 0.09806883
0.18640000 0.10310818
0.18680000 0.10838230
0.18720000 0.11390403
0.18760000 0.11968702
0.18800000 0.12574570
0.18840000 0.13209524
0.18880000 0.13875151
0.18920000 0.14573103
0.18960000 0.15305088
0.19000000 0.16072866
0.19040000 0.16878239
0.19080000 0.17723041
0.19120000 0.18609130
0.19160000 0.19538379
0.19200000 0.20512664
0.19240000 0.21533856
0.19280000 0.22603813
0.19320000 0.23724367
0.19360000 0.24897321
0.19400000 0.26124438
0.19440000 0.27407435
0.19480000 0.28747980
0.19520000 0.30147685
0.19560000 0.31608106
0.19600000 0.33130738
0.19640000 0.34717018
0.19680000 0.36368322
0.19720000 0.38085969
0.19760000 0.39871223
0.19800000 0.41725294
0.19840000 0.43649344
0.19880000 0.45644489
0.19920000 0.47711801
0.19960000 0.49852314
0.20000000 0.52067024
0.20040000 0.54356892
0.20080000 0.56722839
0.20120000 0.59165754
0.20160000 0.61686480
0.20200000 0.64285819
0.20240000 0.66964518
0.20280000 0.69723264
0.20320000 0.72562674
0.20360000 0.75483281
0.20400000 0.78485519
0.20440000 0.81569714
0.20480000 0.84736061
0.20520000 0.87984611
0.20560000 0.91315255
0.20600000 0.94727708
0.20640000 0.98221491
0.20680000 1.01795921
0.20720000 1.05450100
0.20760000 1.09182907
0.20800000 1.12992990
0.20840000 1.16878770
0.20880000 1.20838445
0.20920000 1.24869997
0.20960000 1.28971206
0.21000000 1.33139674
0.21040000 1.37372848
0.21080000 1.41668051
0.21120000 1.46022519
0.21160000 1.50433443
0.21200000 1.54898015
0.21240000 1.59413476
0.21280000 1.63977167
0.21320000 1.68586585
0.21360000 1.73239436
0.21400000 1.77933686
0.21440000 1.82667613
0.21480000 1.87439852
0.21520000 1.92249436
0.21560000 1.97095833
0.21600000 2.01978965
0.21640000 2.06899226
0.21680000 2.11857487
0.21720000 2.16855082
0.21760000 2.21893791
0.21800000 2.26975795
0.21840000 2.32103629
0.21880000 2.37280111
0.21920000 2.42508258
0.21960000 2.47791189
0.22000000 2.53132010
0.22040000 2.58533692
0.22080000 2.63998930
0.22120000 2.69529994
0.22160000 2.75128582
0.22200000 2.80795653
0.22240000 2.86531266
0.22280000 2.92334423
0.22320000 2.98202904
0.22360000 3.04133126
0.22400000 3.10119994
0.22440000 3.16156782
0.22480000 3.22235020
0.22520000 3.28344413
0.22560000 3.34472767
0.22600000 3.40605963
0.22640000 3.46727939
0.22680000 3.52820716
0.22720000 3.58864454
0.22760000 3.64837535
0.22800000 3.70716690
0.22840000 3.76477150
0.22880000 3.82092839
0.22920000 3.87536586
0.22960000 3.92780384
0.23000000 3.97795658
0.23040000 4.02553569
0.23080000 4.07025333
0.23120000 4.11182555
0.23160000 4.14997579
0.23200000 4.18443834
0.23240000 4.21496194
0.23280000 4.24131319
0.23320000 4.26327997
0.23360000 4.28067463
0.23400000 4.29333697
0.23440000 4.30113699
0.23480000 4.30397727
0.23520000 4.30179503
0.23560000 4.29456371
0.23600000 4.28229423
0.23640000 4.26503567
0.23680000 4.24287553
0.23720000 4.21593944
0.23760000 4.18439039
0.23800000 4.14842750
0.23840000 4.10828417
0.23880000 4.06422595
0.23920000 4.01654779
0.23960000 3.96557096
0.24000000 3.91163966
0.24040000 3.85511720
0.24080000 3.79638202
0.24120000 3.73582344
0.24160000 3.67383735
0.24200000 3.61082172
0.24240000 3.54717221
0.24280000 3.48327776
0.24320000 3.41951635
0.24360000 3.35625093
0.24400000 3.29382558
0.24440000 3.23256202
0.24480000 3.17275639
0.24520000 3.11467650
0.24560000 3.05855948
0.24600000 3.00460986
0.24640000 2.95299818
0.24680000 2.90386004
0.24720000 2.85729570
0.24760000 2.81337011
0.24800000 2.77211349
0.24840000 2.73352231
0.24880000 2.69756070
0.24920000 2.66416236
0.24960000 2.63323268
0.25000000 2.60465128
0.25040000 2.57827480
0.25080000 2.55393989
0.25120000 2.53146637
0.25160000 2.51066046
0.25200000 2.49131817
0.25240000 2.47322856
0.25280000 2.45617705
0.25320000 2.43994853
0.25360000 2.42433046
0.25400000 2.40911562
0.25440000 2.39410480
0.25480000 2.37910911
0.25520000 2.36395204
0.25560000 2.34847129
0.25600000 2.33252023
0.25640000 2.31596903
0.25680000 2.29870549
0.25720000 2.28063560
0.25760000 2.26168373
0.25800000 2.24179254
0.25840000 2.22092269
0.25880000 2.19905221
0.25920000 2.17617569
0.25960000 2.15230330
0.26000000 2.12745960
0.26040000 2.10168226
0.26080000 2.07502063
0.26120000 2.04753429
0.26160000 2.01929149
0.26200000 1.99036770
0.26240000 1.96084399
0.26280000 1.93080562
0.26320000 1.90034059
0.26360000 1.86953829
0.26400000 1.83848824
0.26440000 1.80727896
0.26480000 1.77599688
0.26520000 1.74472547
0.26560000 1.71354440
0.26600000 1.68252890
0.26640000 1.65174918
0.26680000 1.62127000
0.26720000 1.59115034
0.26760000 1.56144318
0.26800000 1.53219538
0.26840000 1.50344765
0.26880000 1.47523458
0.26920000 1.44758474
0.26960000 1.42052087
0.27000000 1.39406008
0.27040000 1.36821412
0.27080000 1.34298968
0.27120000 1.31838868
0.27160000 1.29440863
0.27200000 1.27104299
0.27240000 1.24828153
0.27280000 1.22611069
0.27320000 1.20451396
0.27360000 1.18347229
0.27400000 1.16296443
0.27440000 1.14296735
0.27480000 1.12345660
0.27520000 1.10440670
0.27560000 1.08579152
0.27600000 1.06758466
0.27640000 1.04975979
0.27680000 1.03229109
0.27720000 1.01515354
0.27760000 0.99832327
0.27800000 0.98177796
0.27840000 0.96549706
0.27880000 0.94946216
0.27920000 0.93365721
0.27960000 0.91806876
0.28000000 0.90268618
0.28040000 0.88750176
0.28080000 0.87251089
0.28120000 0.85771207
0.28160000 0.84310690
0.28200000 0.82870008
0.28240000 0.81449925
0.28280000 0.80051486
0.28320000 0.78675988
0.28360000 0.77324959
0.28400000 0.76000116
0.28440000 0.74703330
0.28480000 0.73436583
0.28520000 0.72201915
0.28560000 0.71001379
0.28600000 0.69836982
0.28640000 0.68710636
0.28680000 0.67624100
0.28720000 0.66578927
0.28760000 0.65576410
0.28800000 0.64617539
0.28840000 0.63702951
0.28880000 0.62832890
0.28920000 0.62007179
0.28960000 0.61225190
0.29000000 0.60485825
0.29040000 0.59787508
0.29080000 0.59128180
0.29120000 0.58505311
0.29160000 0.57915914
0.29200000 0.57356570
0.29240000 0.56823464
0.29280000 0.56312425
0.29320000 0.55818981
0.29360000 0.55338409
0.29400000 0.54865803
0.29440000 0.54396141
0.29480000 0.53924353
0.29520000 0.53445395
0.29560000 0.52954324
0.29600000 0.52446374
0.29640000 0.51917021
0.29680000 0.51362058
0.29720000 0.50777656
0.29760000 0.50160423
0.29800000 0.49507456
0.29840000 0.48816383
0.29880000 0.48085402
0.29920000 0.47313304
0.29960000 0.46499491
0.30000000 0.45643984
0.30040000 0.44747415
0.30080000 0.43811021
0.30120000 0.42836614
0.30160000 0.41826555
0.30200000 0.40783710
0.30240000 0.39711403
0.30280000 0.38613362
0.30320000 0.37493657
0.30360000 0.36356638
0.30400000 0.35206865
0.30440000 0.34049037
0.30480000 0.32887922
0.30520000 0.31728287
0.30560000 0.30574829
0.30600000 0.29432108
0.30640000 0.28304488
0.30680000 0.27196075
0.30720000 0.26110672
0.30760000 0.25051731
0.30800000 0.24022316
0.30840000 0.23025074
0.30880000 0.22062214
0.30920000 0.21135491
0.30960000 0.20246202
0.31000000 0.19395190
0.31040000 0.18582849
0.31080000 0.17809146
0.31120000 0.17073640
0.31160000 0.16375513
0.31200000 0.15713606
0.31240000 0.15086452
0.31280000 0.14492324
0.31320000 0.13929276
0.31360000 0.13395187
0.31400000 0.12887812
0.31440000 0.12404823
0.31480000 0.11943858
0.31520000 0.11502561
0.31560000 0.11078626
0.31600000 0.10669831
0.31640000 0.10274073
0.31680000 0.09889397
0.31720000 0.09514021
0.31760000 0.09146356
0.31800000 0.08785020
0.31840000 0.08428853
0.31880000 0.08076914
0.31920000 0.07728490
0.31960000 0.07383087
0.32000000 0.07040426
0.32040000 0.06700427
0.32080000 0.06363200
0.32120000 0.06029021
0.32160000 0.05698318
0.32200000 0.05371646
0.32240000 0.05049666
0.32280000 0.04733119
0.32320000 0.04422805
0.32360000 0.04119559
0.32400000 0.03824227
0.32440000 0.03537646
0.32480000 0.03260624
0.32520000 0.02993920
0.32560000 0.02738231
0.32600000 0.02494175
0.32640000 0.02262281
0.32680000 0.02042981
0.32720000 0.01836601
0.32760000 0.01643361
0.32800000 0.01463369
0.32840000 0.01296624
0.32880000 0.01143018
0.32920000 0.01002341
0.32960000 0.00874288
0.33000000 0.00758464
0.33040000 0.00654399
0.33080000 0.00561549
0.33120000 0.00479315
0.33160000 0.00407049
0.33200000 0.00344066
0.33240000 0.00289658
0.33280000 0.00243101
0.33320000 0.00203667
0.33360000 0.00170633
0.33400000 0.00143292
0.33440000 0.00120958
0.33480000 0.00102977
0.33520000 0.00088729
0.33560000 0.00077634
0.33600000 0.00069157
0.33640000 0.00062812
0.33680000 0.00058158
0.33720000 0.00054807
0.33760000 0.00052418
0.33800000 0.00050701
0.33840000 0.00049409
0.33880000 0.00048342
0.33920000 0.00047340
0.33960000 0.00046281
0.34000000 0.00045078
0.34040000 0.00043672
0.34080000 0.00042032
0.34120000 0.00040150
0.34160000 0.00038035
0.34200000 0.00035711
0.34240000 0.00033213
0.34280000 0.00030584
0.34320000 0.00027871
0.34360000 0.00025123
0.34400000 0.00022390
0.34440000 0.00019719
0.34480000 0.00017151
0.34520000 0.00014725
0.34560000 0.00012473
0.34600000 0.00010420
0.34640000 0.00008585
0.34680000 0.00006979
0.34720000 0.00005607
0.34760000 0.00004468
0.34800000 0.00003556
0.34840000 0.00002858
0.34880000 0.00002360
0.34920000 0.00002041
0.34960000 0.00001881
0.35000000 0.00001856
