0.15000000 0.00026773
0.15040000 0.00028393
0.15080000 0.00030095
0.15120000 0.00031898
0.15160000 0.00033822
0.15200000 0.00035893
0.15240000 0.00038139
0.15280000 0.00040593
0.15320000 0.00043290
0.15360000 0.00046267
0.15400000 0.00049565
0.15440000 0.00053227
0.15480000 0.00057297
0.15520000 0.00061823
0.15560000 0.00066851
0.15600000 0.00072428
0.15640000 0.00078601
0.15680000 0.00085417
0.15720000 0.00092921
0.15760000 0.00101157
0.15800000 0.00110165
0.15840000 0.00119985
0.15880000 0.00130653
0.15920000 0.00142202
0.15960000 0.00154664
0.16000000 0.00168067
0.16040000 0.00182438
0.16080000 0.00197801
0.16120000 0.00214181
0.16160000 0.00231601
0.16200000 0.00250089
0.16240000 0.00269670
0.16280000 0.00290377
0.16320000 0.00312246
0.16360000 0.00335320
0.16400000 0.00359652
0.16440000 0.00385301
0.16480000 0.00412341
0.16520000 0.00440858
0.16560000 0.00470951
0.16600000 0.00502736
0.16640000 0.00536345
0.16680000 0.00571928
0.16720000 0.00609653
0.16760000 0.00649705
0.16800000 0.00692288
0.16840000 0.00737626
0.16880000 0.00785956
0.16920000 0.00837534
0.16960000 0.00892630
0.17000000 0.00951524
0.17040000 0.01014509
0.17080000 0.01081885
0.17120000 0.01153957
0.17160000 0.01231033
0.17200000 0.01313421
0.17240000 0.01401423
0.17280000 0.01495338
0.17320000 0.01595453
0.17360000 0.01702048
0.17400000 0.01815384
0.17440000 0.01935713
0.17480000 0.02063265
0.17520000 0.02198257
0.17560000 0.02340890
0.17600000 0.02491347
0.17640000 0.02649799
0.17680000 0.02816404
0.17720000 0.02991315
0.17760000 0.03174678
0.17800000 0.03366643
0.17840000 0.03567363
0.17880000 0.03777007
0.17920000 0.03995764
0.17960000 0.04223847
0.18000000 0.04461507
0.18040000 0.04709035
0.18080000 0.04966771
0.18120000 0.05235116
0.18160000 0.05514531
0.18200000 0.05805551
0.18240000 0.06108787
0.18280000 0.06424930
0.18320000 0.06754758
0.18360000 0.07099139
0.18400000 0.07459027
0.18440000 0.07835470
0.18480000 0.08229602
0.18520000 0.08642644
0.18560000 0.09075899
0.18600000 0.09530748
0.18640000 0.10008638
0.18680000 0.10511083
0.18720000 0.11039647
0.18760000 0.11595939
0.18800000 0.12181602
0.18840000 0.12798302
0.18880000 0.13447717
0.18920000 0.14131532
0.18960000 0.14851419
0.19000000 0.15609041
0.19040000 0.16406033
0.19080000 0.17244003
0.19120000 0.18124523
0.19160000 0.19049127
0.19200000 0.20019309
0.19240000 0.21036525
0.19280000 0.22102193
0.19320000 0.23217697
0.19360000 0.24384394
0.19400000 0.25603617
0.19440000 0.26876691
0.19480000 0.28204933
0.19520000 0.29589667
0.19560000 0.31032234
0.19600000 0.32533996
0.19640000 0.34096352
0.19680000 0.35720737
0.19720000 0.37408632
0.19760000 0.39161569
0.19800000 0.40981121
0.19840000 0.42868911
0.19880000 0.44826594
0.19920000 0.46855852
0.19960000 0.48958378
0.20000000 0.51135852
0.20040000 0.53389925
0.20080000 0.55722182
0.20120000 0.58134117
0.20160000 0.60627097
0.20200000 0.63202320
0.20240000 0.65860780
0.20280000 0.68603225
0.20320000 0.71430112
0.20360000 0.74341570
0.20400000 0.77337361
0.20440000 0.80416843
0.20480000 0.83578940
0.20520000 0.86822115
0.20560000 0.90144352
0.20600000 0.93543143
0.20640000 0.97015490
0.20680000 1.00557908
0.20720000 1.04166446
0.20760000 1.07836716
0.20800000 1.11563934
0.20840000 1.15342975
0.20880000 1.19168434
0.20920000 1.23034704
0.20960000 1.26936060
0.21000000 1.30866758
0.21040000 1.34821135
0.21080000 1.38793720
0.21120000 1.42779350
0.21160000 1.46773283
0.21200000 1.50771321
0.21240000 1.54769918
0.21280000 1.58766295
0.21320000 1.62758538
0.21360000 1.66745692
0.21400000 1.70727836
0.21440000 1.74706147
0.21480000 1.78682938
0.21520000 1.82661690
0.21560000 1.86647040
0.21600000 1.90644764
0.21640000 1.94661723
0.21680000 1.98705784
0.21720000 2.02785716
0.21760000 2.06911060
0.21800000 2.11091967
0.21840000 2.15339020
0.21880000 2.19663022
0.21920000 2.24074774
0.21960000 2.28584826
0.22000000 2.33203222
0.22040000 2.37939227
0.22080000 2.42801050
0.22120000 2.47795571
0.22160000 2.52928064
0.22200000 2.58201931
0.22240000 2.63618450
0.22280000 2.69176546
0.22320000 2.74872575
0.22360000 2.80700152
0.22400000 2.86649999
0.22440000 2.92709841
0.22480000 2.98864333
0.22520000 3.05095045
0.22560000 3.11380484
0.22600000 3.17696166
0.22640000 3.24014740
0.22680000 3.30306165
0.22720000 3.36537929
0.22760000 3.42675319
0.22800000 3.48681739
0.22840000 3.54519062
0.22880000 3.60148029
0.22920000 3.65528670
0.22960000 3.70620761
0.23000000 3.75384296
0.23040000 3.79779973
0.23080000 3.83769693
0.23120000 3.87317044
0.23160000 3.90387796
0.23200000 3.92950361
0.23240000 3.94976244
0.23280000 3.96440454
0.23320000 3.97321880
0.23360000 3.97603626
0.23400000 3.97273294
0.23440000 3.96323207
0.23480000 3.94750584
0.23520000 3.92557644
0.23560000 3.89751647
0.23600000 3.86344873
0.23640000 3.82354529
0.23680000 3.77802600
0.23720000 3.72715623
0.23760000 3.67124418
0.23800000 3.61063745
0.23840000 3.54571925
0.23880000 3.47690402
0.23920000 3.40463276
0.23960000 3.32936799
0.24000000 3.25158844
0.24040000 3.17178362
0.24080000 3.09044826
0.24120000 3.00807678
0.24160000 2.92515778
0.24200000 2.84216875
0.24240000 2.75957099
0.24280000 2.67780477
0.24320000 2.59728498
0.24360000 2.51839710
0.24400000 2.44149369
0.24440000 2.36689143
0.24480000 2.29486866
0.24520000 2.22566355
0.24560000 2.15947281
0.24600000 2.09645109
0.24640000 2.03671085
0.24680000 1.98032291
0.24720000 1.92731750
0.24760000 1.87768588
0.24800000 1.83138233
0.24840000 1.78832673
0.24880000 1.74840743
0.24920000 1.71148438
0.24960000 1.67739270
0.25000000 1.64594627
0.25040000 1.61694155
0.25080000 1.59016148
0.25120000 1.56537928
0.25160000 1.54236233
0.25200000 1.52087584
0.25240000 1.50068641
0.25280000 1.48156531
0.25320000 1.46329155
0.25360000 1.44565466
0.25400000 1.42845707
0.25440000 1.41151625
0.25480000 1.39466639
0.25520000 1.37775973
0.25560000 1.36066754
0.25600000 1.34328070
0.25640000 1.32550990
0.25680000 1.30728558
0.25720000 1.28855743
0.25760000 1.26929368
0.25800000 1.24948009
0.25840000 1.22911875
0.25880000 1.20822662
0.25920000 1.18683397
0.25960000 1.16498268
0.26000000 1.14272447
0.26040000 1.12011909
0.26080000 1.09723248
0.26120000 1.07413503
0.26160000 1.05089980
0.26200000 1.02760092
0.26240000 1.00431207
0.26280000 0.98110506
0.26320000 0.95804864
0.26360000 0.93520741
0.26400000 0.91264093
0.26440000 0.89040300
0.26480000 0.86854115
0.26520000 0.84709625
0.26560000 0.82610233
0.26600000 0.80558655
0.26640000 0.78556933
0.26680000 0.76606458
0.26720000 0.74708006
0.26760000 0.72861787
0.26800000 0.71067500
0.26840000 0.69324389
0.26880000 0.67631312
0.26920000 0.65986806
0.26960000 0.64389157
0.27000000 0.62836465
0.27040000 0.61326708
0.27080000 0.59857805
0.27120000 0.58427669
0.27160000 0.57034254
0.27200000 0.55675606
0.27240000 0.54349889
0.27280000 0.53055421
0.27320000 0.51790689
0.27360000 0.50554367
0.27400000 0.49345318
0.27440000 0.48162595
0.27480000 0.47005436
0.27520000 0.45873250
0.27560000 0.44765600
0.27600000 0.43682183
0.27640000 0.42622809
0.27680000 0.41587372
0.27720000 0.40575828
0.27760000 0.39588164
0.27800000 0.38624379
0.27840000 0.37684454
0.27880000 0.36768334
0.27920000 0.35875910
0.27960000 0.35007000
0.28000000 0.34161339
0.28040000 0.33338572
0.28080000 0.32538249
0.28120000 0.31759825
0.28160000 0.31002665
0.28200000 0.30266051
0.28240000 0.29549193
0.28280000 0.28851244
0.28320000 0.28171316
0.28360000 0.27508500
0.28400000 0.26861884
0.28440000 0.26230575
0.28480000 0.25613723
0.28520000 0.25010536
0.28560000 0.24420307
0.28600000 0.23842428
0.28640000 0.23276405
0.28680000 0.22721879
0.28720000 0.22178630
0.28760000 0.21646587
0.28800000 0.21125836
0.28840000 0.20616615
0.28880000 0.20119317
0.28920000 0.19634478
0.28960000 0.19162772
0.29000000 0.18704995
0.29040000 0.18262048
0.29080000 0.17834918
0.29120000 0.17424659
0.29160000 0.17032364
0.29200000 0.16659139
0.29240000 0.16306083
0.29280000 0.15974253
0.29320000 0.15664643
0.29360000 0.15378153
0.29400000 0.15115569
0.29440000 0.14877533
0.29480000 0.14664525
0.29520000 0.14476846
0.29560000 0.14314594
0.29600000 0.14177660
0.29640000 0.14065710
0.29680000 0.13978188
0.29720000 0.13914303
0.29760000 0.13873039
0.29800000 0.13853157
0.29840000 0.13853206
0.29880000 0.13871531
0.29920000 0.13906295
0.29960000 0.13955493
0.30000000 0.14016979
0.30040000 0.14088485
0.30080000 0.14167651
0.30120000 0.14252050
0.30160000 0.14339221
0.30200000 0.14426692
0.30240000 0.14512014
0.30280000 0.14592792
0.30320000 0.14666706
0.30360000 0.14731544
0.30400000 0.14785226
0.30440000 0.14825825
0.30480000 0.14851590
0.30520000 0.14860964
0.30560000 0.14852595
0.30600000 0.14825354
0.30640000 0.14778338
0.30680000 0.14710880
0.30720000 0.14622546
0.30760000 0.14513139
0.30800000 0.14382688
0.30840000 0.14231447
0.30880000 0.14059880
0.30920000 0.13868648
0.30960000 0.13658599
0.31000000 0.13430741
0.31040000 0.13186232
0.31080000 0.12926355
0.31120000 0.12652498
0.31160000 0.12366130
0.31200000 0.12068783
0.31240000 0.11762025
0.31280000 0.11447443
0.31320000 0.11126619
0.31360000 0.10801112
0.31400000 0.10472440
0.31440000 0.10142062
0.31480000 0.09811365
0.31520000 0.09481649
0.31560000 0.09154120
0.31600000 0.08829875
0.31640000 0.08509901
0.31680000 0.08195071
0.31720000 0.07886136
0.31760000 0.07583731
0.31800000 0.07288373
0.31840000 0.07000467
0.31880000 0.06720309
0.31920000 0.06448094
0.31960000 0.06183922
0.32000000 0.05927808
0.32040000 0.05679694
0.32080000 0.05439453
0.32120000 0.05206904
0.32160000 0.04981822
0.32200000 0.04763947
0.32240000 0.04552995
0.32280000 0.04348666
0.32320000 0.04150657
0.32360000 0.03958665
0.32400000 0.03772397
0.32440000 0.03591577
0.32480000 0.03415952
0.32520000 0.03245292
0.32560000 0.03079398
0.32600000 0.02918103
0.32640000 0.02761270
0.32680000 0.02608797
0.32720000 0.02460614
0.32760000 0.02316681
0.32800000 0.02176985
0.32840000 0.02041539
0.32880000 0.01910379
0.32920000 0.01783558
0.32960000 0.01661143
0.33000000 0.01543210
0.33040000 0.01429840
0.33080000 0.01321118
0.33120000 0.01217121
0.33160000 0.01117922
0.33200000 0.01023582
0.33240000 0.00934149
0.33280000 0.00849654
0.33320000 0.00770107
0.33360000 0.00695499
0.33400000 0.00625800
0.33440000 0.00560953
0.33480000 0.00500881
0.33520000 0.00445484
0.33560000 0.00394639
0.33600000 0.00348201
0.33640000 0.00306006
0.33680000 0.00267874
0.33720000 0.00233608
0.33760000 0.00202997
0.33800000 0.00175821
0.33840000 0.00151851
0.33880000 0.00130852
0.33920000 0.00112589
0.33960000 0.00096824
0.34000000 0.00083322
0.34040000 0.00071855
0.34080000 0.00062198
0.34120000 0.00054137
0.34160000 0.00047469
0.34200000 0.00042003
0.34240000 0.00037558
0.34280000 0.00033972
0.34320000 0.00031092
0.34360000 0.00028785
0.34400000 0.00026930
0.34440000 0.00025421
0.34480000 0.00024167
0.34520000 0.00023093
0.34560000 0.00022133
0.34600000 0.00021238
0.34640000 0.00020366
0.34680000 0.00019489
0.34720000 0.00018585
0.34760000 0.00017644
0.34800000 0.00016658
0.34840000 0.00015630
0.34880000 0.00014563
0.34920000 0.00013467
0.34960000 0.00012352
0.35000000 0.00011231
