0.15000000 0.00026518
0.15040000 0.00028395
0.15080000 0.00030382
0.15120000 0.00032493
0.15160000 0.00034747
0.15200000 0.00037162
0.15240000 0.00039760
0.15280000 0.00042566
0.15320000 0.00045607
0.15360000 0.00048914
0.15400000 0.00052518
0.15440000 0.00056455
0.15480000 0.00060761
0.15520000 0.00065475
0.15560000 0.00070637
0.15600000 0.00076288
0.15640000 0.00082472
0.15680000 0.00089232
0.15720000 0.00096610
0.15760000 0.00104652
0.15800000 0.00113400
0.15840000 0.00122899
0.15880000 0.00133190
0.15920000 0.00144318
0.15960000 0.00156322
0.16000000 0.00169244
0.16040000 0.00183126
0.16080000 0.00198007
0.16120000 0.00213929
0.16160000 0.00230933
0.16200000 0.00249063
0.16240000 0.00268363
0.16280000 0.00288882
0.16320000 0.00310671
0.16360000 0.00333786
0.16400000 0.00358288
0.16440000 0.00384247
0.16480000 0.00411738
0.16520000 0.00440846
0.16560000 0.00471666
0.16600000 0.00504304
0.16640000 0.00538877
0.16680000 0.00575515
0.16720000 0.00614360
0.16760000 0.00655569
0.16800000 0.00699314
0.16840000 0.00745779
0.16880000 0.00795163
0.16920000 0.00847680
0.16960000 0.00903558
0.17000000 0.00963035
0.17040000 0.01026365
0.17080000 0.01093810
0.17120000 0.01165646
0.17160000 0.01242154
0.17200000 0.01323625
0.17240000 0.01410356
0.17280000 0.01502649
0.17320000 0.01600807
0.17360000 0.01705140
0.17400000 0.01815954
0.17440000 0.01933560
0.17480000 0.02058265
0.17520000 0.02190378
0.17560000 0.02330204
0.17600000 0.02478051
0.17640000 0.02634225
0.17680000 0.02799033
0.17720000 0.02972788
0.17760000 0.03155804
0.17800000 0.03348405
0.17840000 0.03550924
0.17880000 0.03763708
0.17920000 0.03987122
0.17960000 0.04221551
0.18000000 0.04467405
0.18040000 0.04725123
0.18080000 0.04995180
0.18120000 0.05278086
0.18160000 0.05574395
0.18200000 0.05884707
0.18240000 0.06209672
0.18280000 0.06549992
0.18320000 0.06906426
0.18360000 0.07279791
0.18400000 0.07670965
0.18440000 0.08080885
0.18480000 0.08510550
0.18520000 0.08961019
0.18560000 0.09433410
0.18600000 0.09928899
0.18640000 0.10448716
0.18680000 0.10994139
0.18720000 0.11566496
0.18760000 0.12167153
0.18800000 0.12797514
0.18840000 0.13459015
0.18880000 0.14153114
0.18920000 0.14881290
0.18960000 0.15645034
0.19000000 0.16445846
0.19040000 0.17285227
0.19080000 0.18164675
0.19120000 0.19085683
0.19160000 0.20049731
0.19200000 0.21058288
0.19240000 0.22112809
0.19280000 0.23214729
0.19320000 0.24365472
0.19360000 0.25566443
0.19400000 0.26819036
0.19440000 0.28124635
0.19480000 0.29484616
0.19520000 0.30900351
0.19560000 0.32373214
0.19600000 0.33904584
0.19640000 0.35495853
0.19680000 0.37148423
0.19720000 0.38863718
0.19760000 0.40643184
0.19800000 0.42488291
0.19840000 0.44400534
0.19880000 0.46381435
0.19920000 0.48432540
0.19960000 0.50555417
0.20000000 0.52751651
0.20040000 0.55022834
0.20080000 0.57370563
0.20120000 0.59796425
0.20160000 0.62301983
0.20200000 0.64888768
0.20240000 0.67558260
0.20280000 0.70311871
0.20320000 0.73150930
0.20360000 0.76076663
0.20400000 0.79090177
0.20440000 0.82192437
0.20480000 0.85384258
0.20520000 0.88666277
0.20560000 0.92038949
0.20600000 0.95502528
0.20640000 0.99057058
0.20680000 1.02702367
0.20720000 1.06438060
0.20760000 1.10263524
0.20800000 1.14177923
0.20840000 1.18180211
0.20880000 1.22269140
0.20920000 1.26443276
0.20960000 1.30701016
0.21000000 1.35040613
0.21040000 1.39460196
0.21080000 1.43957805
0.21120000 1.48531416
0.21160000 1.53178976
0.21200000 1.57898433
0.21240000 1.62687773
0.21280000 1.67545053
0.21320000 1.72468427
0.21360000 1.77456181
0.21400000 1.82506755
0.21440000 1.87618766
0.21480000 1.92791024
0.21520000 1.98022541
0.21560000 2.03312540
0.21600000 2.08660446
0.21640000 2.14065879
0.21680000 2.19528635
0.21720000 2.25048658
0.21760000 2.30626005
0.21800000 2.36260801
0.21840000 2.41953189
0.21880000 2.47703271
0.21920000 2.53511040
0.21960000 2.59376306
0.22000000 2.65298623
0.22040000 2.71277202
0.22080000 2.77310829
0.22120000 2.83397777
0.22160000 2.89535722
0.22200000 2.95721654
0.22240000 3.01951802
0.22280000 3.08221550
0.22320000 3.14525371
0.22360000 3.20856765
0.22400000 3.27208206
0.22440000 3.33571101
0.22480000 3.39935759
0.22520000 3.46291383
0.22560000 3.52626062
0.22600000 3.58926792
0.22640000 3.65179509
0.22680000 3.71369133
0.22720000 3.77479641
0.22760000 3.83494142
0.22800000 3.89394984
0.22840000 3.95163864
0.22880000 4.00781962
0.22920000 4.06230083
0.22960000 4.11488815
0.23000000 4.16538698
0.23040000 4.21360401
0.23080000 4.25934905
0.23120000 4.30243697
0.23160000 4.34268958
0.23200000 4.37993760
0.23240000 4.41402260
0.23280000 4.44479880
0.23320000 4.47213495
0.23360000 4.49591603
0.23400000 4.51604484
0.23440000 4.53244346
0.23480000 4.54505460
0.23520000 4.55384268
0.23560000 4.55879478
0.23600000 4.55992138
0.23640000 4.55725682
0.23680000 4.55085959
0.23720000 4.54081233
0.23760000 4.52722161
0.23800000 4.51021742
0.23840000 4.48995242
0.23880000 4.46660101
0.23920000 4.44035805
0.23960000 4.41143740
0.24000000 4.38007026
0.24040000 4.34650330
0.24080000 4.31099652
0.24120000 4.27382109
0.24160000 4.23525692
0.24200000 4.19559018
0.24240000 4.15511068
0.24280000 4.11410924
0.24320000 4.07287499
0.24360000 4.03169264
0.24400000 3.99083982
0.24440000 3.95058444
0.24480000 3.91118220
0.24520000 3.87287408
0.24560000 3.83588412
0.24600000 3.80041729
0.24640000 3.76665754
0.24680000 3.73476614
0.24720000 3.70488024
0.24760000 3.67711160
0.24800000 3.65154574
0.24840000 3.62824128
0.24880000 3.60722963
0.24920000 3.58851493
0.24960000 3.57207437
0.25000000 3.55785874
0.25040000 3.54579335
0.25080000 3.53577919
0.25120000 3.52769438
0.25160000 3.52139591
0.25200000 3.51672157
0.25240000 3.51349212
0.25280000 3.51151368
0.25320000 3.51058019
0.25360000 3.51047613
0.25400000 3.51097919
0.25440000 3.51186308
0.25480000 3.51290038
0.25520000 3.51386527
0.25560000 3.51453632
0.25600000 3.51469911
0.25640000 3.51414875
0.25680000 3.51269225
0.25720000 3.51015067
0.25760000 3.50636108
0.25800000 3.50117822
0.25840000 3.49447598
0.25880000 3.48614847
0.25920000 3.47611090
0.25960000 3.46430011
0.26000000 3.45067476
0.26040000 3.43521524
0.26080000 3.41792327
0.26120000 3.39882116
0.26160000 3.37795088
0.26200000 3.35537278
0.26240000 3.33116408
0.26280000 3.30541723
0.26320000 3.27823799
0.26360000 3.24974343
0.26400000 3.22005977
0.26440000 3.18932023
0.26480000 3.15766270
0.26520000 3.12522758
0.26560000 3.09215554
0.26600000 3.05858541
0.26640000 3.02465213
0.26680000 2.99048494
0.26720000 2.95620562
0.26760000 2.92192701
0.26800000 2.88775174
0.26840000 2.85377113
0.26880000 2.82006442
0.26920000 2.78669823
0.26960000 2.75372620
0.27000000 2.72118904
0.27040000 2.68911465
0.27080000 2.65751861
0.27120000 2.62640481
0.27160000 2.59576635
0.27200000 2.56558651
0.27240000 2.53583996
0.27280000 2.50649409
0.27320000 2.47751033
0.27360000 2.44884562
0.27400000 2.42045392
0.27440000 2.39228757
0.27480000 2.36429881
0.27520000 2.33644106
0.27560000 2.30867018
0.27600000 2.28094562
0.27640000 2.25323141
0.27680000 2.22549695
0.27720000 2.19771768
0.27760000 2.16987557
0.27800000 2.14195933
0.27840000 2.11396457
0.27880000 2.08589362
0.27920000 2.05775529
0.27960000 2.02956440
0.28000000 2.00134114
0.28040000 1.97311038
0.28080000 1.94490072
0.28120000 1.91674360
0.28160000 1.88867225
0.28200000 1.86072062
0.28240000 1.83292229
0.28280000 1.80530941
0.28320000 1.77791170
0.28360000 1.75075543
0.28400000 1.72386256
0.28440000 1.69725002
0.28480000 1.67092899
0.28520000 1.64490445
0.28560000 1.61917481
0.28600000 1.59373174
0.28640000 1.56856014
0.28680000 1.54363829
0.28720000 1.51893818
0.28760000 1.49442593
0.28800000 1.47006248
0.28840000 1.44580429
0.28880000 1.42160420
0.28920000 1.39741244
0.28960000 1.37317765
0.29000000 1.34884798
0.29040000 1.32437220
0.29080000 1.29970089
0.29120000 1.27478752
0.29160000 1.24958957
0.29200000 1.22406948
0.29240000 1.19819568
0.29280000 1.17194336
0.29320000 1.14529520
0.29360000 1.11824194
0.29400000 1.09078283
0.29440000 1.06292591
0.29480000 1.03468812
0.29520000 1.00609525
0.29560000 0.97718174
0.29600000 0.94799035
0.29640000 0.91857162
0.29680000 0.88898324
0.29720000 0.85928928
0.29760000 0.82955931
0.29800000 0.79986744
0.29840000 0.77029125
0.29880000 0.74091071
0.29920000 0.71180703
0.29960000 0.68306155
0.30000000 0.65475455
0.30040000 0.62696417
0.30080000 0.59976534
0.30120000 0.57322876
0.30160000 0.54742001
0.30200000 0.52239873
0.30240000 0.49821784
0.30280000 0.47492303
0.30320000 0.45255221
0.30360000 0.43113523
0.30400000 0.41069361
0.30440000 0.39124050
0.30480000 0.37278073
0.30520000 0.35531097
0.30560000 0.33882005
0.30600000 0.32328933
0.30640000 0.30869325
0.30680000 0.29499992
0.30720000 0.28217175
0.30760000 0.27016623
0.30800000 0.25893666
0.30840000 0.24843299
0.30880000 0.23860265
0.30920000 0.22939133
0.30960000 0.22074385
0.31000000 0.21260491
0.31040000 0.20491985
0.31080000 0.19763537
0.31120000 0.19070016
0.31160000 0.18406547
0.31200000 0.17768565
0.31240000 0.17151853
0.31280000 0.16552581
0.31320000 0.15967334
0.31360000 0.15393123
0.31400000 0.14827403
0.31440000 0.14268072
0.31480000 0.13713467
0.31520000 0.13162349
0.31560000 0.12613892
0.31600000 0.12067650
0.31640000 0.11523537
0.31680000 0.10981787
0.31720000 0.10442925
0.31760000 0.09907722
0.31800000 0.09377162
0.31840000 0.08852394
0.31880000 0.08334699
0.31920000 0.07825445
0.31960000 0.07326049
0.32000000 0.06837945
0.32040000 0.06362543
0.32080000 0.05901205
0.32120000 0.05455212
0.32160000 0.05025744
0.32200000 0.04613857
0.32240000 0.04220466
0.32280000 0.03846335
0.32320000 0.03492066
0.32360000 0.03158093
0.32400000 0.02844683
0.32440000 0.02551935
0.32480000 0.02279786
0.32520000 0.02028018
0.32560000 0.01796266
0.32600000 0.01584030
0.32640000 0.01390690
0.32680000 0.01215517
0.32720000 0.01057690
0.32760000 0.00916312
0.32800000 0.00790424
0.32840000 0.00679022
0.32880000 0.00581073
0.32920000 0.00495528
0.32960000 0.00421333
0.33000000 0.00357450
0.33040000 0.00302859
0.33080000 0.00256575
0.33120000 0.00217652
0.33160000 0.00185195
0.33200000 0.00158361
0.33240000 0.00136366
0.33280000 0.00118491
0.33320000 0.00104079
0.33360000 0.00092537
0.33400000 0.00083338
0.33440000 0.00076018
0.33480000 0.00070172
0.33520000 0.00065455
0.33560000 0.00061576
0.33600000 0.00058294
0.33640000 0.00055413
0.33680000 0.00052780
0.33720000 0.00050279
0.33760000 0.00047826
0.33800000 0.00045364
0.33840000 0.00042858
0.33880000 0.00040296
0.33920000 0.00037676
0.33960000 0.00035012
0.34000000 0.00032324
0.34040000 0.00029637
0.34080000 0.00026979
0.34120000 0.00024381
0.34160000 0.00021871
0.34200000 0.00019475
0.34240000 0.00017216
0.34280000 0.00015113
0.34320000 0.00013182
0.34360000 0.00011431
0.34400000 0.00009866
0.34440000 0.00008489
0.34480000 0.00007296
0.34520000 0.00006281
0.34560000 0.00005434
0.34600000 0.00004743
0.34640000 0.00004193
0.34680000 0.00003768
0.34720000 0.00003453
0.34760000 0.00003230
0.34800000 0.00003083
0.34840000 0.00002997
0.34880000 0.00002955
0.34920000 0.00002944
0.34960000 0.00002953
0.35000000 0.00002969
