0.15000000 0.00025059
0.15040000 0.00026995
0.15080000 0.00029086
0.15120000 0.00031350
0.15160000 0.00033803
0.15200000 0.00036465
0.15240000 0.00039356
0.15280000 0.00042498
0.15320000 0.00045914
0.15360000 0.00049627
0.15400000 0.00053664
0.15440000 0.00058050
0.15480000 0.00062813
0.15520000 0.00067981
0.15560000 0.00073582
0.15600000 0.00079648
0.15640000 0.00086207
0.15680000 0.00093292
0.15720000 0.00100935
0.15760000 0.00109168
0.15800000 0.00118025
0.15840000 0.00127542
0.15880000 0.00137753
0.15920000 0.00148698
0.15960000 0.00160414
0.16000000 0.00172943
0.16040000 0.00186329
0.16080000 0.00200618
0.16120000 0.00215861
0.16160000 0.00232109
0.16200000 0.00249421
0.16240000 0.00267858
0.16280000 0.00287489
0.16320000 0.00308386
0.16360000 0.00330629
0.16400000 0.00354304
0.16440000 0.00379504
0.16480000 0.00406330
0.16520000 0.00434891
0.16560000 0.00465306
0.16600000 0.00497699
0.16640000 0.00532207
0.16680000 0.00568973
0.16720000 0.00608150
0.16760000 0.00649902
0.16800000 0.00694398
0.16840000 0.00741821
0.16880000 0.00792357
0.16920000 0.00846206
0.16960000 0.00903572
0.17000000 0.00964669
0.17040000 0.01029719
0.17080000 0.01098948
0.17120000 0.01172593
0.17160000 0.01250895
0.17200000 0.01334103
0.17240000 0.01422473
0.17280000 0.01516266
0.17320000 0.01615751
0.17360000 0.01721204
0.17400000 0.01832908
0.17440000 0.01951155
0.17480000 0.02076245
0.17520000 0.02208490
0.17560000 0.02348211
0.17600000 0.02495742
0.17640000 0.02651433
0.17680000 0.02815647
0.17720000 0.02988766
0.17760000 0.03171190
0.17800000 0.03363342
0.17840000 0.03565665
0.17880000 0.03778631
0.17920000 0.04002735
0.17960000 0.04238503
0.18000000 0.04486492
0.18040000 0.04747287
0.18080000 0.05021512
0.18120000 0.05309821
0.18160000 0.05612906
0.18200000 0.05931493
0.18240000 0.06266348
0.18280000 0.06618270
0.18320000 0.06988095
0.18360000 0.07376698
0.18400000 0.07784984
0.18440000 0.08213896
0.18480000 0.08664408
0.18520000 0.09137525
0.18560000 0.09634282
0.18600000 0.10155740
0.18640000 0.10702988
0.18680000 0.11277136
0.18720000 0.11879319
0.18760000 0.12510688
0.18800000 0.13172416
0.18840000 0.13865691
0.18880000 0.14591715
0.18920000 0.15351709
0.18960000 0.16146903
0.19000000 0.16978543
0.19040000 0.17847889
0.19080000 0.18756215
0.19120000 0.19704808
0.19160000 0.20694972
0.19200000 0.21728028
0.19240000 0.22805314
0.19280000 0.23928190
0.19320000 0.25098038
0.19360000 0.26316261
0.19400000 0.27584291
0.19440000 0.28903585
0.19480000 0.30275626
0.19520000 0.31701931
0.19560000 0.33184042
0.19600000 0.34723532
0.19640000 0.36322003
0.19680000 0.37981085
0.19720000 0.39702430
0.19760000 0.41487714
0.19800000 0.43338632
0.19840000 0.45256891
0.19880000 0.47244207
0.19920000 0.49302300
0.19960000 0.51432881
0.20000000 0.53637654
0.20040000 0.55918300
0.20080000 0.58276473
0.20120000 0.60713790
0.20160000 0.63231823
0.20200000 0.65832092
0.20240000 0.68516051
0.20280000 0.71285090
0.20320000 0.74140517
0.20360000 0.77083560
0.20400000 0.80115357
0.20440000 0.83236953
0.20480000 0.86449294
0.20520000 0.89753228
0.20560000 0.93149504
0.20600000 0.96638769
0.20640000 1.00221569
0.20680000 1.03898359
0.20720000 1.07669495
0.20760000 1.11535249
0.20800000 1.15495808
0.20840000 1.19551282
0.20880000 1.23701711
0.20920000 1.27947069
0.20960000 1.32287272
0.21000000 1.36722182
0.21040000 1.41251614
0.21080000 1.45875339
0.21120000 1.50593084
0.21160000 1.55404536
0.21200000 1.60309342
0.21240000 1.65307100
0.21280000 1.70397359
0.21320000 1.75579611
0.21360000 1.80853278
0.21400000 1.86217700
0.21440000 1.91672120
0.21480000 1.97215668
0.21520000 2.02847337
0.21560000 2.08565964
0.21600000 2.14370204
0.21640000 2.20258506
0.21680000 2.26229083
0.21720000 2.32279889
0.21760000 2.38408584
0.21800000 2.44612513
0.21840000 2.50888674
0.21880000 2.57233690
0.21920000 2.63643790
0.21960000 2.70114778
0.22000000 2.76642018
0.22040000 2.83220415
0.22080000 2.89844399
0.22120000 2.96507915
0.22160000 3.03204415
0.22200000 3.09926858
0.22240000 3.16667710
0.22280000 3.23418953
0.22320000 3.30172092
0.22360000 3.36918174
0.22400000 3.43647812
0.22440000 3.50351205
0.22480000 3.57018172
0.22520000 3.63638186
0.22560000 3.70200414
0.22600000 3.76693758
0.22640000 3.83106906
0.22680000 3.89428378
0.22720000 3.95646583
0.22760000 4.01749875
0.22800000 4.07726611
0.22840000 4.13565216
0.22880000 4.19254242
0.22920000 4.24782439
0.22960000 4.30138820
0.23000000 4.35312727
0.23040000 4.40293908
0.23080000 4.45072577
0.23120000 4.49639496
0.23160000 4.53986038
0.23200000 4.58104262
0.23240000 4.61986984
0.23280000 4.65627847
0.23320000 4.69021389
0.23360000 4.72163113
0.23400000 4.75049550
0.23440000 4.77678327
0.23480000 4.80048220
0.23520000 4.82159216
0.23560000 4.84012560
0.23600000 4.85610806
0.23640000 4.86957851
0.23680000 4.88058968
0.23720000 4.88920835
0.23760000 4.89551542
0.23800000 4.89960598
0.23840000 4.90158927
0.23880000 4.90158842
0.23920000 4.89974016
0.23960000 4.89619436
0.24000000 4.89111338
0.24040000 4.88467136
0.24080000 4.87705323
0.24120000 4.86845371
0.24160000 4.85907602
0.24200000 4.84913054
0.24240000 4.83883324
0.24280000 4.82840406
0.24320000 4.81806511
0.24360000 4.80803873
0.24400000 4.79854555
0.24440000 4.78980237
0.24480000 4.78202007
0.24520000 4.77540145
0.24560000 4.77013906
0.24600000 4.76641309
0.24640000 4.76438931
0.24680000 4.76421704
0.24720000 4.76602732
0.24760000 4.76993119
0.24800000 4.77601809
0.24840000 4.78435456
0.24880000 4.79498312
0.24920000 4.80792135
0.24960000 4.82316137
0.25000000 4.84066947
0.25040000 4.86038610
0.25080000 4.88222624
0.25120000 4.90607992
0.25160000 4.93181320
0.25200000 4.95926939
0.25240000 4.98827056
0.25280000 5.01861931
0.25320000 5.05010088
0.25360000 5.08248540
0.25400000 5.11553035
0.25440000 5.14898323
0.25480000 5.18258433
0.25520000 5.21606957
0.25560000 5.24917342
0.25600000 5.28163182
0.25640000 5.31318505
0.25680000 5.34358046
0.25720000 5.37257522
0.25760000 5.39993874
0.25800000 5.42545499
0.25840000 5.44892458
0.25880000 5.47016649
0.25920000 5.48901960
0.25960000 5.50534390
0.26000000 5.51902129
0.26040000 5.52995612
0.26080000 5.53807539
0.26120000 5.54332856
0.26160000 5.54568711
0.26200000 5.54514368
0.26240000 5.54171107
0.26280000 5.53542080
0.26320000 5.52632157
0.26360000 5.51447747
0.26400000 5.49996601
0.26440000 5.48287602
0.26480000 5.46330552
0.26520000 5.44135951
0.26560000 5.41714772
0.26600000 5.39078251
0.26640000 5.36237673
0.26680000 5.33204178
0.26720000 5.29988582
0.26760000 5.26601212
0.26800000 5.23051762
0.26840000 5.19349181
0.26880000 5.15501571
0.26920000 5.11516126
0.26960000 5.07399083
0.27000000 5.03155713
0.27040000 4.98790323
0.27080000 4.94306294
0.27120000 4.89706136
0.27160000 4.84991564
0.27200000 4.80163593
0.27240000 4.75222647
0.27280000 4.70168685
0.27320000 4.65001325
0.27360000 4.59719987
0.27400000 4.54324028
0.27440000 4.48812880
0.27480000 4.43186183
0.27520000 4.37443910
0.27560000 4.31586483
0.27600000 4.25614872
0.27640000 4.19530686
0.27680000 4.13336239
0.27720000 4.07034605
0.27760000 4.00629648
0.27800000 3.94126038
0.27840000 3.87529244
0.27880000 3.80845508
0.27920000 3.74081805
0.27960000 3.67245780
0.28000000 3.60345678
0.28040000 3.53390251
0.28080000 3.46388667
0.28120000 3.39350396
0.28160000 3.32285104
0.28200000 3.25202538
0.28240000 3.18112407
0.28280000 3.11024273
0.28320000 3.03947439
0.28360000 2.96890855
0.28400000 2.89863021
0.28440000 2.82871908
0.28480000 2.75924894
0.28520000 2.69028708
0.28560000 2.62189391
0.28600000 2.55412277
0.28640000 2.48701983
0.28680000 2.42062416
0.28720000 2.35496801
0.28760000 2.29007711
0.28800000 2.22597122
0.28840000 2.16266469
0.28880000 2.10016720
0.28920000 2.03848447
0.28960000 1.97761915
0.29000000 1.91757165
0.29040000 1.85834098
0.29080000 1.79992565
0.29120000 1.74232448
0.29160000 1.68553735
0.29200000 1.62956595
0.29240000 1.57441434
0.29280000 1.52008953
0.29320000 1.46660185
0.29360000 1.41396522
0.29400000 1.36219738
0.29440000 1.31131986
0.29480000 1.26135793
0.29520000 1.21234036
0.29560000 1.16429913
0.29600000 1.11726893
0.29640000 1.07128668
0.29680000 1.02639091
0.29720000 0.98262104
0.29760000 0.94001664
0.29800000 0.89861670
0.29840000 0.85845880
0.29880000 0.81957833
0.29920000 0.78200771
0.29960000 0.74577568
0.30000000 0.71090655
0.30040000 0.67741967
0.30080000 0.64532881
0.30120000 0.61464174
0.30160000 0.58535988
0.30200000 0.55747804
0.30240000 0.53098427
0.30280000 0.50585989
0.30320000 0.48207951
0.30360000 0.45961125
0.30400000 0.43841707
0.30440000 0.41845313
0.30480000 0.39967028
0.30520000 0.38201467
0.30560000 0.36542833
0.30600000 0.34984991
0.30640000 0.33521537
0.30680000 0.32145877
0.30720000 0.30851306
0.30760000 0.29631079
0.30800000 0.28478495
0.30840000 0.27386966
0.30880000 0.26350087
0.30920000 0.25361704
0.30960000 0.24415969
0.31000000 0.23507392
0.31040000 0.22630893
0.31080000 0.21781828
0.31120000 0.20956027
0.31160000 0.20149812
0.31200000 0.19360004
0.31240000 0.18583933
0.31280000 0.17819433
0.31320000 0.17064826
0.31360000 0.16318908
0.31400000 0.15580921
0.31440000 0.14850523
0.31480000 0.14127753
0.31520000 0.13412993
0.31560000 0.12706922
0.31600000 0.12010474
0.31640000 0.11324792
0.31680000 0.10651180
0.31720000 0.09991062
0.31760000 0.09345929
0.31800000 0.08717306
0.31840000 0.08106704
0.31880000 0.07515589
0.31920000 0.06945344
0.31960000 0.06397242
0.32000000 0.05872422
0.32040000 0.05371864
0.32080000 0.04896375
0.32120000 0.04446580
0.32160000 0.04022908
0.32200000 0.03625595
0.32240000 0.03254678
0.32280000 0.02910007
0.32320000 0.02591243
0.32360000 0.02297879
0.32400000 0.02029242
0.32440000 0.01784519
0.32480000 0.01562764
0.32520000 0.01362921
0.32560000 0.01183843
0.32600000 0.01024308
0.32640000 0.00883039
0.32680000 0.00758726
0.32720000 0.00650038
0.32760000 0.00555645
0.32800000 0.00474230
0.32840000 0.00404506
0.32880000 0.00345228
0.32920000 0.00295203
0.32960000 0.00253299
0.33000000 0.00218454
0.33040000 0.00189684
0.33080000 0.00166080
0.33120000 0.00146818
0.33160000 0.00131155
0.33200000 0.00118430
0.33240000 0.00108064
0.33280000 0.00099554
0.33320000 0.00092471
0.33360000 0.00086456
0.33400000 0.00081213
0.33440000 0.00076505
0.33480000 0.00072147
0.33520000 0.00068001
0.33560000 0.00063967
0.33600000 0.00059981
0.33640000 0.00056009
0.33680000 0.00052036
0.33720000 0.00048068
0.33760000 0.00044124
0.33800000 0.00040232
0.33840000 0.00036423
0.33880000 0.00032734
0.33920000 0.00029200
0.33960000 0.00025854
0.34000000 0.00022724
0.34040000 0.00019834
0.34080000 0.00017202
0.34120000 0.00014839
0.34160000 0.00012751
0.34200000 0.00010936
0.34240000 0.00009388
0.34280000 0.00008095
0.34320000 0.00007039
0.34360000 0.00006203
0.34400000 0.00005562
0.34440000 0.00005092
0.34480000 0.00004769
0.34520000 0.00004565
0.34560000 0.00004457
0.34600000 0.00004419
0.34640000 0.00004431
0.34680000 0.00004470
0.34720000 0.00004521
0.34760000 0.00004567
0.34800000 0.00004596
0.34840000 0.00004599
0.34880000 0.00004569
0.34920000 0.00004502
0.34960000 0.00004396
0.35000000 0.00004251
