0.15000000 0.00025103
0.15040000 0.00027220
0.15080000 0.00029493
0.15120000 0.00031932
0.15160000 0.00034546
0.15200000 0.00037348
0.15240000 0.00040350
0.15280000 0.00043565
0.15320000 0.00047011
0.15360000 0.00050703
0.15400000 0.00054661
0.15440000 0.00058905
0.15480000 0.00063459
0.15520000 0.00068348
0.15560000 0.00073600
0.15600000 0.00079244
0.15640000 0.00085314
0.15680000 0.00091846
0.15720000 0.00098878
0.15760000 0.00106450
0.15800000 0.00114608
0.15840000 0.00123398
0.15880000 0.00132870
0.15920000 0.00143077
0.15960000 0.00154075
0.16000000 0.00165923
0.16040000 0.00178682
0.16080000 0.00192416
0.16120000 0.00207192
0.16160000 0.00223081
0.16200000 0.00240156
0.16240000 0.00258491
0.16280000 0.00278166
0.16320000 0.00299262
0.16360000 0.00321864
0.16400000 0.00346060
0.16440000 0.00371942
0.16480000 0.00399605
0.16520000 0.00429148
0.16560000 0.00460677
0.16600000 0.00494300
0.16640000 0.00530130
0.16680000 0.00568289
0.16720000 0.00608901
0.16760000 0.00652101
0.16800000 0.00698027
0.16840000 0.00746827
0.16880000 0.00798658
0.16920000 0.00853683
0.16960000 0.00912075
0.17000000 0.00974016
0.17040000 0.01039700
0.17080000 0.01109327
0.17120000 0.01183110
0.17160000 0.01261270
0.17200000 0.01344039
0.17240000 0.01431659
0.17280000 0.01524382
0.17320000 0.01622469
0.17360000 0.01726190
0.17400000 0.01835826
0.17440000 0.01951665
0.17480000 0.02074003
0.17520000 0.02203146
0.17560000 0.02339405
0.17600000 0.02483101
0.17640000 0.02634562
0.17680000 0.02794122
0.17720000 0.02962125
0.17760000 0.03138922
0.17800000 0.03324872
0.17840000 0.03520346
0.17880000 0.03725721
0.17920000 0.03941393
0.17960000 0.04167765
0.18000000 0.04405259
0.18040000 0.04654317
0.18080000 0.04915396
0.18120000 0.05188982
0.18160000 0.05475584
0.18200000 0.05775741
0.18240000 0.06090025
0.18280000 0.06419045
0.18320000 0.06763450
0.18360000 0.07123932
0.18400000 0.07501230
0.18440000 0.07896133
0.18480000 0.08309485
0.18520000 0.08742185
0.18560000 0.09195191
0.18600000 0.09669523
0.18640000 0.10166263
0.18680000 0.10686559
0.18720000 0.11231622
0.18760000 0.11802728
0.18800000 0.12401219
0.18840000 0.13028500
0.18880000 0.13686036
0.18920000 0.14375354
0.18960000 0.15098036
0.19000000 0.15855717
0.19040000 0.16650082
0.19080000 0.17482860
0.19120000 0.18355820
0.19160000 0.19270766
0.19200000 0.20229531
0.19240000 0.21233972
0.19280000 0.22285963
0.19320000 0.23387390
0.19360000 0.24540146
0.19400000 0.25746122
0.19440000 0.27007204
0.19480000 0.28325266
0.19520000 0.29702165
0.19560000 0.31139733
0.19600000 0.32639773
0.19640000 0.34204053
0.19680000 0.35834299
0.19720000 0.37532192
0.19760000 0.39299357
0.19800000 0.41137359
0.19840000 0.43047695
0.19880000 0.45031790
0.19920000 0.47090982
0.19960000 0.49226518
0.20000000 0.51439545
0.20040000 0.53731094
0.20080000 0.56102077
0.20120000 0.58553268
0.20160000 0.61085296
0.20200000 0.63698627
0.20240000 0.66393555
0.20280000 0.69170188
0.20320000 0.72028430
0.20360000 0.74967977
0.20400000 0.77988295
0.20440000 0.81088617
0.20480000 0.84267928
0.20520000 0.87524961
0.20560000 0.90858193
0.20600000 0.94265841
0.20640000 0.97745862
0.20680000 1.01295965
0.20720000 1.04913616
0.20760000 1.08596054
0.20800000 1.12340311
0.20840000 1.16143239
0.20880000 1.20001538
0.20920000 1.23911793
0.20960000 1.27870517
0.21000000 1.31874196
0.21040000 1.35919339
0.21080000 1.40002537
0.21120000 1.44120518
0.21160000 1.48270209
0.21200000 1.52448801
0.21240000 1.56653812
0.21280000 1.60883146
0.21320000 1.65135157
0.21360000 1.69408703
0.21400000 1.73703196
0.21440000 1.78018651
0.21480000 1.82355714
0.21520000 1.86715693
0.21560000 1.91100566
0.21600000 1.95512989
0.21640000 1.99956271
0.21680000 2.04434352
0.21720000 2.08951755
0.21760000 2.13513520
0.21800000 2.18125123
0.21840000 2.22792380
0.21880000 2.27521330
0.21920000 2.32318100
0.21960000 2.37188762
0.22000000 2.42139167
0.22040000 2.47174772
0.22080000 2.52300459
0.22120000 2.57520339
0.22160000 2.62837561
0.22200000 2.68254110
0.22240000 2.73770617
0.22280000 2.79386167
0.22320000 2.85098119
0.22360000 2.90901941
0.22400000 2.96791062
0.22440000 3.02756743
0.22480000 3.08787973
0.22520000 3.14871394
0.22560000 3.20991259
0.22600000 3.27129420
0.22640000 3.33265356
0.22680000 3.39376233
0.22720000 3.45437013
0.22760000 3.51420592
0.22800000 3.57297986
0.22840000 3.63038550
0.22880000 3.68610236
0.22920000 3.73979889
0.22960000 3.79113569
0.23000000 3.83976911
0.23040000 3.88535496
0.23080000 3.92755252
0.23120000 3.96602866
0.23160000 4.00046202
0.23200000 4.03054724
0.23240000 4.05599912
0.23280000 4.07655666
0.23320000 4.09198700
0.23360000 4.10208899
0.23400000 4.10669657
0.23440000 4.10568172
0.23480000 4.09895702
0.23520000 4.08647771
0.23560000 4.06824329
0.23600000 4.04429846
0.23640000 4.01473364
0.23680000 3.97968474
0.23720000 3.93933245
0.23760000 3.89390081
0.23800000 3.84365526
0.23840000 3.78890013
0.23880000 3.72997553
0.23920000 3.66725374
0.23960000 3.60113522
0.24000000 3.53204413
0.24040000 3.46042358
0.24080000 3.38673057
0.24120000 3.31143082
0.24160000 3.23499335
0.24200000 3.15788519
0.24240000 3.08056604
0.24280000 3.00348310
0.24320000 2.92706608
0.24360000 2.85172254
0.24400000 2.77783358
0.24440000 2.70574990
0.24480000 2.63578839
0.24520000 2.56822923
0.24560000 2.50331358
0.24600000 2.44124177
0.24640000 2.38217225
0.24680000 2.32622104
0.24720000 2.27346181
0.24760000 2.22392668
0.24800000 2.17760744
0.24840000 2.13445746
0.24880000 2.09439397
0.24920000 2.05730097
0.24960000 2.02303238
0.25000000 1.99141560
0.25040000 1.96225536
0.25080000 1.93533772
0.25120000 1.91043424
0.25160000 1.88730615
0.25200000 1.86570858
0.25240000 1.84539461
0.25280000 1.82611926
0.25320000 1.80764315
0.25360000 1.78973600
0.25400000 1.77217975
0.25440000 1.75477128
0.25480000 1.73732483
0.25520000 1.71967391
0.25560000 1.70167279
0.25600000 1.68319761
0.25640000 1.66414692
0.25680000 1.64444190
0.25720000 1.62402613
0.25760000 1.60286492
0.25800000 1.58094437
0.25840000 1.55827003
0.25880000 1.53486529
0.25920000 1.51076962
0.25960000 1.48603652
0.26000000 1.46073141
0.26040000 1.43492939
0.26080000 1.40871300
0.26120000 1.38216997
0.26160000 1.35539109
0.26200000 1.32846808
0.26240000 1.30149169
0.26280000 1.27454993
0.26320000 1.24772652
0.26360000 1.22109954
0.26400000 1.19474031
0.26440000 1.16871257
0.26480000 1.14307180
0.26520000 1.11786492
0.26560000 1.09313009
0.26600000 1.06889681
0.26640000 1.04518622
0.26680000 1.02201154
0.26720000 0.99937869
0.26760000 0.97728707
0.26800000 0.95573036
0.26840000 0.93469745
0.26880000 0.91417342
0.26920000 0.89414044
0.26960000 0.87457880
0.27000000 0.85546776
0.27040000 0.83678639
0.27080000 0.81851435
0.27120000 0.80063252
0.27160000 0.78312357
0.27200000 0.76597236
0.27240000 0.74916624
0.27280000 0.73269521
0.27320000 0.71655200
0.27360000 0.70073196
0.27400000 0.68523290
0.27440000 0.67005482
0.27480000 0.65519958
0.27520000 0.64067045
0.27560000 0.62647168
0.27600000 0.61260800
0.27640000 0.59908416
0.27680000 0.58590442
0.27720000 0.57307208
0.27760000 0.56058915
0.27800000 0.54845588
0.27840000 0.53667058
0.27880000 0.52522935
0.27920000 0.51412598
0.27960000 0.50335189
0.28000000 0.49289624
0.28040000 0.48274600
0.28080000 0.47288621
0.28120000 0.46330029
0.28160000 0.45397036
0.28200000 0.44487771
0.28240000 0.43600323
0.28280000 0.42732789
0.28320000 0.41883326
0.28360000 0.41050203
0.28400000 0.40231843
0.28440000 0.39426874
0.28480000 0.38634168
0.28520000 0.37852872
0.28560000 0.37082441
0.28600000 0.36322657
0.28640000 0.35573638
0.28680000 0.34835842
0.28720000 0.34110063
0.28760000 0.33397412
0.28800000 0.32699297
0.28840000 0.32017384
0.28880000 0.31353566
0.28920000 0.30709907
0.28960000 0.30088596
0.29000000 0.29491887
0.29040000 0.28922041
0.29080000 0.28381263
0.29120000 0.27871640
0.29160000 0.27395083
0.29200000 0.26953267
0.29240000 0.26547579
0.29280000 0.26179066
0.29320000 0.25848400
0.29360000 0.25555836
0.29400000 0.25301192
0.29440000 0.25083827
0.29480000 0.24902636
0.29520000 0.24756049
0.29560000 0.24642046
0.29600000 0.24558173
0.29640000 0.24501570
0.29680000 0.24469015
0.29720000 0.24456960
0.29760000 0.24461589
0.29800000 0.24478868
0.29840000 0.24504610
0.29880000 0.24534537
0.29920000 0.24564346
0.29960000 0.24589771
0.30000000 0.24606653
0.30040000 0.24610994
0.30080000 0.24599027
0.30120000 0.24567258
0.30160000 0.24512525
0.30200000 0.24432033
0.30240000 0.24323396
0.30280000 0.24184658
0.30320000 0.24014319
0.30360000 0.23811343
0.30400000 0.23575163
0.30440000 0.23305676
0.30480000 0.23003234
0.30520000 0.22668619
0.30560000 0.22303021
0.30600000 0.21908006
0.30640000 0.21485476
0.30680000 0.21037630
0.30720000 0.20566917
0.30760000 0.20075991
0.30800000 0.19567659
0.30840000 0.19044832
0.30880000 0.18510478
0.30920000 0.17967571
0.30960000 0.17419049
0.31000000 0.16867768
0.31040000 0.16316464
0.31080000 0.15767718
0.31120000 0.15223926
0.31160000 0.14687274
0.31200000 0.14159715
0.31240000 0.13642956
0.31280000 0.13138449
0.31320000 0.12647386
0.31360000 0.12170699
0.31400000 0.11709063
0.31440000 0.11262913
0.31480000 0.10832447
0.31520000 0.10417654
0.31560000 0.10018323
0.31600000 0.09634073
0.31640000 0.09264376
0.31680000 0.08908575
0.31720000 0.08565920
0.31760000 0.08235585
0.31800000 0.07916697
0.31840000 0.07608359
0.31880000 0.07309673
0.31920000 0.07019762
0.31960000 0.06737784
0.32000000 0.06462956
0.32040000 0.06194561
0.32080000 0.05931964
0.32120000 0.05674616
0.32160000 0.05422066
0.32200000 0.05173957
0.32240000 0.04930033
0.32280000 0.04690132
0.32320000 0.04454188
0.32360000 0.04222220
0.32400000 0.03994326
0.32440000 0.03770676
0.32480000 0.03551502
0.32520000 0.03337083
0.32560000 0.03127740
0.32600000 0.02923820
0.32640000 0.02725686
0.32680000 0.02533707
0.32720000 0.02348245
0.32760000 0.02169648
0.32800000 0.01998239
0.32840000 0.01834309
0.32880000 0.01678107
0.32920000 0.01529840
0.32960000 0.01389666
0.33000000 0.01257688
0.33040000 0.01133956
0.33080000 0.01018464
0.33120000 0.00911154
0.33160000 0.00811911
0.33200000 0.00720572
0.33240000 0.00636926
0.33280000 0.00560719
0.33320000 0.00491657
0.33360000 0.00429414
0.33400000 0.00373634
0.33440000 0.00323939
0.33480000 0.00279935
0.33520000 0.00241216
0.33560000 0.00207367
0.33600000 0.00177977
0.33640000 0.00152636
0.33680000 0.00130943
0.33720000 0.00112508
0.33760000 0.00096961
0.33800000 0.00083946
0.33840000 0.00073131
0.33880000 0.00064207
0.33920000 0.00056888
0.33960000 0.00050917
0.34000000 0.00046058
0.34040000 0.00042104
0.34080000 0.00038873
0.34120000 0.00036205
0.34160000 0.00033967
0.34200000 0.00032044
0.34240000 0.00030344
0.34280000 0.00028791
0.34320000 0.00027330
0.34360000 0.00025916
0.34400000 0.00024519
0.34440000 0.00023121
0.34480000 0.00021710
0.34520000 0.00020286
0.34560000 0.00018850
0.34600000 0.00017411
0.34640000 0.00015979
0.34680000 0.00014566
0.34720000 0.00013186
0.34760000 0.00011852
0.34800000 0.00010577
0.34840000 0.00009371
0.34880000 0.00008243
0.34920000 0.00007202
0.34960000 0.00006253
0.35000000 0.00005398
