0.15000000 0.00025482
0.15040000 0.00027697
0.15080000 0.00030078
0.15120000 0.00032637
0.15160000 0.00035383
0.15200000 0.00038328
0.15240000 0.00041484
0.15280000 0.00044865
0.15320000 0.00048485
0.15360000 0.00052360
0.15400000 0.00056509
0.15440000 0.00060951
0.15480000 0.00065707
0.15520000 0.00070802
0.15560000 0.00076260
0.15600000 0.00082112
0.15640000 0.00088387
0.15680000 0.00095119
0.15720000 0.00102346
0.15760000 0.00110106
0.15800000 0.00118443
0.15840000 0.00127403
0.15880000 0.00137033
0.15920000 0.00147387
0.15960000 0.00158519
0.16000000 0.00170489
0.16040000 0.00183357
0.16080000 0.00197188
0.16120000 0.00212051
0.16160000 0.00228016
0.16200000 0.00245156
0.16240000 0.00263549
0.16280000 0.00283273
0.16320000 0.00304412
0.16360000 0.00327051
0.16400000 0.00351279
0.16440000 0.00377187
0.16480000 0.00404871
0.16520000 0.00434429
0.16560000 0.00465965
0.16600000 0.00499584
0.16640000 0.00535400
0.16680000 0.00573530
0.16720000 0.00614095
0.16760000 0.00657227
0.16800000 0.00703061
0.16840000 0.00751743
0.16880000 0.00803426
0.16920000 0.00858274
0.16960000 0.00916462
0.17000000 0.00978174
0.17040000 0.01043610
0.17080000 0.01112982
0.17120000 0.01186516
0.17160000 0.01264454
0.17200000 0.01347053
0.17240000 0.01434589
0.17280000 0.01527353
0.17320000 0.01625656
0.17360000 0.01729827
0.17400000 0.01840213
0.17440000 0.01957181
0.17480000 0.02081116
0.17520000 0.02212424
0.17560000 0.02351527
0.17600000 0.02498869
0.17640000 0.02654910
0.17680000 0.02820127
0.17720000 0.02995016
0.17760000 0.03180089
0.17800000 0.03375873
0.17840000 0.03582912
0.17880000 0.03801763
0.17920000 0.04032998
0.17960000 0.04277204
0.18000000 0.04534979
0.18040000 0.04806936
0.18080000 0.05093702
0.18120000 0.05395917
0.18160000 0.05714234
0.18200000 0.06049324
0.18240000 0.06401870
0.18280000 0.06772575
0.18320000 0.07162160
0.18360000 0.07571365
0.18400000 0.08000953
0.18440000 0.08451713
0.18480000 0.08924456
0.18520000 0.09420027
0.18560000 0.09939297
0.18600000 0.10483173
0.18640000 0.11052597
0.18680000 0.11648550
0.18720000 0.12272050
0.18760000 0.12924158
0.18800000 0.13605978
0.18840000 0.14318654
0.18880000 0.15063378
0.18920000 0.15841383
0.18960000 0.16653946
0.19000000 0.17502387
0.19040000 0.18388065
0.19080000 0.19312377
0.19120000 0.20276755
0.19160000 0.21282665
0.19200000 0.22331596
0.19240000 0.23425065
0.19280000 0.24564604
0.19320000 0.25751761
0.19360000 0.26988092
0.19400000 0.28275154
0.19440000 0.29614503
0.19480000 0.31007690
0.19520000 0.32456251
0.19560000 0.33961706
0.19600000 0.35525558
0.19640000 0.37149283
0.19680000 0.38834335
0.19720000 0.40582139
0.19760000 0.42394095
0.19800000 0.44271573
0.19840000 0.46215922
0.19880000 0.48228466
0.19920000 0.50310509
0.19960000 0.52463344
0.20000000 0.54688252
0.20040000 0.56986510
0.20080000 0.59359402
0.20120000 0.61808218
0.20160000 0.64334267
0.20200000 0.66938883
0.20240000 0.69623428
0.20280000 0.72389304
0.20320000 0.75237953
0.20360000 0.78170863
0.20400000 0.81189571
0.20440000 0.84295663
0.20480000 0.87490774
0.20520000 0.90776585
0.20560000 0.94154815
0.20600000 0.97627219
0.20640000 1.01195571
0.20680000 1.04861657
0.20720000 1.08627254
0.20760000 1.12494120
0.20800000 1.16463965
0.20840000 1.20538436
0.20880000 1.24719088
0.20920000 1.29007361
0.20960000 1.33404552
0.21000000 1.37911789
0.21040000 1.42529997
0.21080000 1.47259878
0.21120000 1.52101876
0.21160000 1.57056157
0.21200000 1.62122578
0.21240000 1.67300667
0.21280000 1.72589603
0.21320000 1.77988197
0.21360000 1.83494880
0.21400000 1.89107690
0.21440000 1.94824266
0.21480000 2.00641851
0.21520000 2.06557285
0.21560000 2.12567019
0.21600000 2.18667124
0.21640000 2.24853305
0.21680000 2.31120918
0.21720000 2.37464998
0.21760000 2.43880281
0.21800000 2.50361231
0.21840000 2.56902075
0.21880000 2.63496833
0.21920000 2.70139352
0.21960000 2.76823338
0.22000000 2.83542391
0.22040000 2.90290040
0.22080000 2.97059767
0.22120000 3.03845044
0.22160000 3.10639353
0.22200000 3.17436213
0.22240000 3.24229199
0.22280000 3.31011957
0.22320000 3.37778219
0.22360000 3.44521811
0.22400000 3.51236659
0.22440000 3.57916790
0.22480000 3.64556334
0.22520000 3.71149523
0.22560000 3.77690682
0.22600000 3.84174228
0.22640000 3.90594664
0.22680000 3.96946577
0.22720000 4.03224631
0.22760000 4.09423573
0.22800000 4.15538234
0.22840000 4.21563538
0.22880000 4.27494518
0.22920000 4.33326331
0.22960000 4.39054291
0.23000000 4.44673895
0.23040000 4.50180870
0.23080000 4.55571214
0.23120000 4.60841258
0.23160000 4.65987717
0.23200000 4.71007766
0.23240000 4.75899103
0.23280000 4.80660030
0.23320000 4.85289527
0.23360000 4.89787330
0.23400000 4.94154009
0.23440000 4.98391039
0.23480000 5.02500871
0.23520000 5.06486990
0.23560000 5.10353970
0.23600000 5.14107511
0.23640000 5.17754464
0.23680000 5.21302846
0.23720000 5.24761824
0.23760000 5.28141697
0.23800000 5.31453841
0.23840000 5.34710642
0.23880000 5.37925403
0.23920000 5.41112231
0.23960000 5.44285894
0.24000000 5.47461666
0.24040000 5.50655142
0.24080000 5.53882038
0.24120000 5.57157973
0.24160000 5.60498233
0.24200000 5.63917525
0.24240000 5.67429721
0.24280000 5.71047596
0.24320000 5.74782564
0.24360000 5.78644421
0.24400000 5.82641085
0.24440000 5.86778358
0.24480000 5.91059698
0.24520000 5.95486009
0.24560000 6.00055466
0.24600000 6.04763355
0.24640000 6.09601953
0.24680000 6.14560449
0.24720000 6.19624888
0.24760000 6.24778173
0.24800000 6.30000102
0.24840000 6.35267444
0.24880000 6.40554075
0.24920000 6.45831140
0.24960000 6.51067271
0.25000000 6.56228844
0.25040000 6.61280273
0.25080000 6.66184339
0.25120000 6.70902555
0.25160000 6.75395558
0.25200000 6.79623522
0.25240000 6.83546588
0.25280000 6.87125307
0.25320000 6.90321089
0.25360000 6.93096647
0.25400000 6.95416439
0.25440000 6.97247091
0.25480000 6.98557803
0.25520000 6.99320724
0.25560000 6.99511302
0.25600000 6.99108591
0.25640000 6.98095516
0.25680000 6.96459095
0.25720000 6.94190606
0.25760000 6.91285711
0.25800000 6.87744513
0.25840000 6.83571567
0.25880000 6.78775835
0.25920000 6.73370583
0.25960000 6.67373225
0.26000000 6.60805122
0.26040000 6.53691326
0.26080000 6.46060290
0.26120000 6.37943527
0.26160000 6.29375251
0.26200000 6.20391976
0.26240000 6.11032104
0.26280000 6.01335491
0.26320000 5.91343008
0.26360000 5.81096100
0.26400000 5.70636347
0.26440000 5.60005037
0.26480000 5.49242759
0.26520000 5.38389015
0.26560000 5.27481858
0.26600000 5.16557569
0.26640000 5.05650365
0.26680000 4.94792147
0.26720000 4.84012293
0.26760000 4.73337496
0.26800000 4.62791637
0.26840000 4.52395718
0.26880000 4.42167831
0.26920000 4.32123169
0.26960000 4.22274081
0.27000000 4.12630169
0.27040000 4.03198412
0.27080000 3.93983330
0.27120000 3.84987168
0.27160000 3.76210108
0.27200000 3.67650498
0.27240000 3.59305088
0.27280000 3.51169286
0.27320000 3.43237404
0.27360000 3.35502911
0.27400000 3.27958676
0.27440000 3.20597204
0.27480000 3.13410849
0.27520000 3.06392021
0.27560000 2.99533365
0.27600000 2.92827914
0.27640000 2.86269228
0.27680000 2.79851492
0.27720000 2.73569603
0.27760000 2.67419215
0.27800000 2.61396769
0.27840000 2.55499492
0.27880000 2.49725371
0.27920000 2.44073110
0.27960000 2.38542062
0.28000000 2.33132149
0.28040000 2.27843763
0.28080000 2.22677658
0.28120000 2.17634836
0.28160000 2.12716428
0.28200000 2.07923569
0.28240000 2.03257283
0.28280000 1.98718364
0.28320000 1.94307271
0.28360000 1.90024032
0.28400000 1.85868157
0.28440000 1.81838569
0.28480000 1.77933547
0.28520000 1.74150686
0.28560000 1.70486880
0.28600000 1.66938312
0.28640000 1.63500470
0.28680000 1.60168176
0.28720000 1.56935631
0.28760000 1.53796474
0.28800000 1.50743857
0.28840000 1.47770527
0.28880000 1.44868920
0.28920000 1.42031263
0.28960000 1.39249677
0.29000000 1.36516287
0.29040000 1.33823334
0.29080000 1.31163275
0.29120000 1.28528891
0.29160000 1.25913385
0.29200000 1.23310467
0.29240000 1.20714439
0.29280000 1.18120262
0.29320000 1.15523613
0.29360000 1.12920932
0.29400000 1.10309451
0.29440000 1.07687214
0.29480000 1.05053079
0.29520000 1.02406710
0.29560000 0.99748557
0.29600000 0.97079818
0.29640000 0.94402393
0.29680000 0.91718833
0.29720000 0.89032272
0.29760000 0.86346355
0.29800000 0.83665164
0.29840000 0.80993130
0.29880000 0.78334955
0.29920000 0.75695520
0.29960000 0.73079805
0.30000000 0.70492805
0.30040000 0.67939444
0.30080000 0.65424509
0.30120000 0.62952574
0.30160000 0.60527938
0.30200000 0.58154571
0.30240000 0.55836068
0.30280000 0.53575606
0.30320000 0.51375918
0.30360000 0.49239272
0.30400000 0.47167456
0.30440000 0.45161778
0.30480000 0.43223071
0.30520000 0.41351701
0.30560000 0.39547592
0.30600000 0.37810250
0.30640000 0.36138792
0.30680000 0.34531985
0.30720000 0.32988284
0.30760000 0.31505877
0.30800000 0.30082724
0.30840000 0.28716606
0.30880000 0.27405169
0.30920000 0.26145965
0.30960000 0.24936500
0.31000000 0.23774270
0.31040000 0.22656797
0.31080000 0.21581668
0.31120000 0.20546560
0.31160000 0.19549266
0.31200000 0.18587720
0.31240000 0.17660010
0.31280000 0.16764395
0.31320000 0.15899306
0.31360000 0.15063357
0.31400000 0.14255342
0.31440000 0.13474230
0.31480000 0.12719161
0.31520000 0.11989431
0.31560000 0.11284484
0.31600000 0.10603898
0.31640000 0.09947361
0.31680000 0.09314663
0.31720000 0.08705671
0.31760000 0.08120316
0.31800000 0.07558568
0.31840000 0.07020424
0.31880000 0.06505889
0.31920000 0.06014960
0.31960000 0.05547609
0.32000000 0.05103776
0.32040000 0.04683352
0.32080000 0.04286175
0.32120000 0.03912017
0.32160000 0.03560585
0.32200000 0.03231512
0.32240000 0.02924358
0.32280000 0.02638611
0.32320000 0.02373689
0.32360000 0.02128939
0.32400000 0.01903648
0.32440000 0.01697046
0.32480000 0.01508311
0.32520000 0.01336580
0.32560000 0.01180954
0.32600000 0.01040508
0.32640000 0.00914301
0.32680000 0.00801382
0.32720000 0.00700799
0.32760000 0.00611607
0.32800000 0.00532878
0.32840000 0.00463704
0.32880000 0.00403208
0.32920000 0.00350543
0.32960000 0.00304905
0.33000000 0.00265530
0.33040000 0.00231702
0.33080000 0.00202753
0.33120000 0.00178063
0.33160000 0.00157066
0.33200000 0.00139245
0.33240000 0.00124132
0.33280000 0.00111312
0.33320000 0.00100413
0.33360000 0.00091112
0.33400000 0.00083126
0.33440000 0.00076212
0.33480000 0.00070166
0.33520000 0.00064816
0.33560000 0.00060021
0.33600000 0.00055665
0.33640000 0.00051658
0.33680000 0.00047931
0.33720000 0.00044430
0.33760000 0.00041118
0.33800000 0.00037969
0.33840000 0.00034968
0.33880000 0.00032105
0.33920000 0.00029377
0.33960000 0.00026786
0.34000000 0.00024333
0.34040000 0.00022024
0.34080000 0.00019863
0.34120000 0.00017854
0.34160000 0.00015999
0.34200000 0.00014299
0.34240000 0.00012755
0.34280000 0.00011363
0.34320000 0.00010120
0.34360000 0.00009020
0.34400000 0.00008054
0.34440000 0.00007215
0.34480000 0.00006493
0.34520000 0.00005877
0.34560000 0.00005355
0.34600000 0.00004917
0.34640000 0.00004551
0.34680000 0.00004246
0.34720000 0.00003993
0.34760000 0.00003781
0.34800000 0.00003601
0.34840000 0.00003445
0.34880000 0.00003307
0.34920000 0.00003180
0.34960000 0.00003060
0.35000000 0.00002943
