0.15000000 0.00027519
0.15040000 0.00028818
0.15080000 0.00030163
0.15120000 0.00031578
0.15160000 0.00033093
0.15200000 0.00034740
0.15240000 0.00036559
0.15280000 0.00038592
0.15320000 0.00040885
0.15360000 0.00043489
0.15400000 0.00046455
0.15440000 0.00049838
0.15480000 0.00053695
0.15520000 0.00058082
0.15560000 0.00063056
0.15600000 0.00068670
0.15640000 0.00074978
0.15680000 0.00082030
0.15720000 0.00089871
0.15760000 0.00098543
0.15800000 0.00108082
0.15840000 0.00118519
0.15880000 0.00129879
0.15920000 0.00142181
0.15960000 0.00155440
0.16000000 0.00169664
0.16040000 0.00184856
0.16080000 0.00201019
0.16120000 0.00218151
0.16160000 0.00236250
0.16200000 0.00255315
0.16240000 0.00275349
0.16280000 0.00296358
0.16320000 0.00318358
0.16360000 0.00341373
0.16400000 0.00365439
0.16440000 0.00390607
0.16480000 0.00416945
0.16520000 0.00444541
0.16560000 0.00473500
0.16600000 0.00503952
0.16640000 0.00536051
0.16680000 0.00569975
0.16720000 0.00605925
0.16760000 0.00644130
0.16800000 0.00684839
0.16840000 0.00728326
0.16880000 0.00774887
0.16920000 0.00824834
0.16960000 0.00878497
0.17000000 0.00936216
0.17040000 0.00998341
0.17080000 0.01065227
0.17120000 0.01137226
0.17160000 0.01214689
0.17200000 0.01297953
0.17240000 0.01387345
0.17280000 0.01483172
0.17320000 0.01585718
0.17360000 0.01695243
0.17400000 0.01811976
0.17440000 0.01936117
0.17480000 0.02067834
0.17520000 0.02207262
0.17560000 0.02354507
0.17600000 0.02509644
0.17640000 0.02672722
0.17680000 0.02843772
0.17720000 0.03022807
0.17760000 0.03209833
0.17800000 0.03404855
0.17840000 0.03607887
0.17880000 0.03818960
0.17920000 0.04038136
0.17960000 0.04265515
0.18000000 0.04501247
0.18040000 0.04745544
0.18080000 0.04998690
0.18120000 0.05261052
0.18160000 0.05533085
0.18200000 0.05815347
0.18240000 0.06108499
0.18280000 0.06413316
0.18320000 0.06730683
0.18360000 0.07061605
0.18400000 0.07407201
0.18440000 0.07768700
0.18480000 0.08147443
0.18520000 0.08544866
0.18560000 0.08962501
0.18600000 0.09401959
0.18640000 0.09864919
0.18680000 0.10353113
0.18720000 0.10868315
0.18760000 0.11412322
0.18800000 0.11986939
0.18840000 0.12593962
0.18880000 0.13235166
0.18920000 0.13912289
0.18960000 0.14627020
0.19000000 0.15380986
0.19040000 0.16175747
0.19080000 0.17012786
0.19120000 0.17893512
0.19160000 0.18819250
0.19200000 0.19791256
0.19240000 0.20810710
0.19280000 0.21878735
0.19320000 0.22996405
0.19360000 0.24164756
0.19400000 0.25384809
0.19440000 0.26657581
0.19480000 0.27984106
0.19520000 0.29365455
0.19560000 0.30802754
0.19600000 0.32297200
0.19640000 0.33850074
0.19680000 0.35462760
0.19720000 0.37136745
0.19760000 0.38873626
0.19800000 0.40675111
0.19840000 0.42543008
0.19880000 0.44479212
0.19920000 0.46485689
0.19960000 0.48564441
0.20000000 0.50717481
0.20040000 0.52946787
0.20080000 0.55254258
0.20120000 0.57641660
0.20160000 0.60110573
0.20200000 0.62662329
0.20240000 0.65297950
0.20280000 0.68018084
0.20320000 0.70822946
0.20360000 0.73712255
0.20400000 0.76685180
0.20440000 0.79740290
0.20480000 0.82875516
0.20520000 0.86088115
0.20560000 0.89374654
0.20600000 0.92731006
0.20640000 0.96152351
0.20680000 0.99633210
0.20720000 1.03167477
0.20760000 1.06748488
0.20800000 1.10369086
0.20840000 1.14021722
0.20880000 1.17698564
0.20920000 1.21391621
0.20960000 1.25092883
0.21000000 1.28794473
0.21040000 1.32488808
0.21080000 1.36168770
0.21120000 1.39827873
0.21160000 1.43460439
0.21200000 1.47061766
0.21240000 1.50628288
0.21280000 1.54157723
0.21320000 1.57649213
0.21360000 1.61103431
0.21400000 1.64522677
0.21440000 1.67910940
0.21480000 1.71273933
0.21520000 1.74619090
0.21560000 1.77955535
0.21600000 1.81294006
0.21640000 1.84646748
0.21680000 1.88027359
0.21720000 1.91450607
0.21760000 1.94932199
0.21800000 1.98488530
0.21840000 2.02136382
0.21880000 2.05892608
0.21920000 2.09773789
0.21960000 2.13795867
0.22000000 2.17973767
0.22040000 2.22321019
0.22080000 2.26849370
0.22120000 2.31568406
0.22160000 2.36485193
0.22200000 2.41603933
0.22240000 2.46925652
0.22280000 2.52447925
0.22320000 2.58164638
0.22360000 2.64065807
0.22400000 2.70137447
0.22440000 2.76361493
0.22480000 2.82715800
0.22520000 2.89174189
0.22560000 2.95706579
0.22600000 3.02279168
0.22640000 3.08854700
0.22680000 3.15392781
0.22720000 3.21850264
0.22760000 3.28181696
0.22800000 3.34339803
0.22840000 3.40276041
0.22880000 3.45941162
0.22920000 3.51285830
0.22960000 3.56261243
0.23000000 3.60819775
0.23040000 3.64915612
0.23080000 3.68505383
0.23120000 3.71548770
0.23160000 3.74009084
0.23200000 3.75853810
0.23240000 3.77055095
0.23280000 3.77590180
0.23320000 3.77441770
0.23360000 3.76598330
0.23400000 3.75054305
0.23440000 3.72810255
0.23480000 3.69872912
0.23520000 3.66255147
0.23560000 3.61975857
0.23600000 3.57059758
0.23640000 3.51537108
0.23680000 3.45443351
0.23720000 3.38818686
0.23760000 3.31707574
0.23800000 3.24158195
0.23840000 3.16221849
0.23880000 3.07952323
0.23920000 2.99405235
0.23960000 2.90637355
0.24000000 2.81705923
0.24040000 2.72667971
0.24080000 2.63579662
0.24120000 2.54495653
0.24160000 2.45468488
0.24200000 2.36548046
0.24240000 2.27781031
0.24280000 2.19210523
0.24320000 2.10875593
0.24360000 2.02810988
0.24400000 1.95046887
0.24440000 1.87608727
0.24480000 1.80517112
0.24520000 1.73787782
0.24560000 1.67431666
0.24600000 1.61454996
0.24640000 1.55859488
0.24680000 1.50642574
0.24720000 1.45797698
0.24760000 1.41314649
0.24800000 1.37179931
0.24840000 1.33377169
0.24880000 1.29887529
0.24920000 1.26690159
0.24960000 1.23762632
0.25000000 1.21081385
0.25040000 1.18622149
0.25080000 1.16360367
0.25120000 1.14271579
0.25160000 1.12331791
0.25200000 1.10517796
0.25240000 1.08807473
0.25280000 1.07180033
0.25320000 1.05616232
0.25360000 1.04098531
0.25400000 1.02611224
0.25440000 1.01140516
0.25480000 0.99674559
0.25520000 0.98203452
0.25560000 0.96719207
0.25600000 0.95215676
0.25640000 0.93688452
0.25680000 0.92134752
0.25720000 0.90553267
0.25760000 0.88944011
0.25800000 0.87308146
0.25840000 0.85647811
0.25880000 0.83965946
0.25920000 0.82266114
0.25960000 0.80552333
0.26000000 0.78828920
0.26040000 0.77100338
0.26080000 0.75371066
0.26120000 0.73645484
0.26160000 0.71927766
0.26200000 0.70221804
0.26240000 0.68531144
0.26280000 0.66858937
0.26320000 0.65207913
0.26360000 0.63580369
0.26400000 0.61978172
0.26440000 0.60402770
0.26480000 0.58855227
0.26520000 0.57336251
0.26560000 0.55846241
0.26600000 0.54385333
0.26640000 0.52953452
0.26680000 0.51550361
0.26720000 0.50175710
0.26760000 0.48829088
0.26800000 0.47510058
0.26840000 0.46218203
0.26880000 0.44953148
0.26920000 0.43714593
0.26960000 0.42502323
0.27000000 0.41316221
0.27040000 0.40156272
0.27080000 0.39022554
0.27120000 0.37915233
0.27160000 0.36834544
0.27200000 0.35780774
0.27240000 0.34754237
0.27280000 0.33755249
0.27320000 0.32784106
0.27360000 0.31841050
0.27400000 0.30926254
0.27440000 0.30039789
0.27480000 0.29181614
0.27520000 0.28351551
0.27560000 0.27549282
0.27600000 0.26774333
0.27640000 0.26026077
0.27680000 0.25303736
0.27720000 0.24606389
0.27760000 0.23932980
0.27800000 0.23282340
0.27840000 0.22653203
0.27880000 0.22044229
0.27920000 0.21454030
0.27960000 0.20881199
0.28000000 0.20324332
0.28040000 0.19782059
0.28080000 0.19253069
0.28120000 0.18736135
0.28160000 0.18230134
0.28200000 0.17734070
0.28240000 0.17247086
0.28280000 0.16768475
0.28320000 0.16297693
0.28360000 0.15834358
0.28400000 0.15378248
0.28440000 0.14929300
0.28480000 0.14487599
0.28520000 0.14053363
0.28560000 0.13626933
0.28600000 0.13208749
0.28640000 0.12799334
0.28680000 0.12399268
0.28720000 0.12009171
0.28760000 0.11629674
0.28800000 0.11261404
0.28840000 0.10904956
0.28880000 0.10560880
0.28920000 0.10229660
0.28960000 0.09911700
0.29000000 0.09607315
0.29040000 0.09316718
0.29080000 0.09040022
0.29120000 0.08777229
0.29160000 0.08528241
0.29200000 0.08292857
0.29240000 0.08070784
0.29280000 0.07861646
0.29320000 0.07664998
0.29360000 0.07480335
0.29400000 0.07307114
0.29440000 0.07144762
0.29480000 0.06992699
0.29520000 0.06850347
0.29560000 0.06717151
0.29600000 0.06592590
0.29640000 0.06476187
0.29680000 0.06367522
0.29720000 0.06266240
0.29760000 0.06172055
0.29800000 0.06084752
0.29840000 0.06004189
0.29880000 0.05930294
0.29920000 0.05863060
0.29960000 0.05802537
0.30000000 0.05748824
0.30040000 0.05702055
0.30080000 0.05662389
0.30120000 0.05629998
0.30160000 0.05605044
0.30200000 0.05587675
0.30240000 0.05578003
0.30280000 0.05576092
0.30320000 0.05581946
0.30360000 0.05595494
0.30400000 0.05616585
0.30440000 0.05644975
0.30480000 0.05680323
0.30520000 0.05722189
0.30560000 0.05770028
0.30600000 0.05823197
0.30640000 0.05880956
0.30680000 0.05942472
0.30720000 0.06006833
0.30760000 0.06073053
0.30800000 0.06140088
0.30840000 0.06206849
0.30880000 0.06272216
0.30920000 0.06335056
0.30960000 0.06394239
0.31000000 0.06448655
0.31040000 0.06497227
0.31080000 0.06538935
0.31120000 0.06572825
0.31160000 0.06598024
0.31200000 0.06613755
0.31240000 0.06619345
0.31280000 0.06614236
0.31320000 0.06597995
0.31360000 0.06570310
0.31400000 0.06531003
0.31440000 0.06480024
0.31480000 0.06417452
0.31520000 0.06343491
0.31560000 0.06258462
0.31600000 0.06162799
0.31640000 0.06057040
0.31680000 0.05941812
0.31720000 0.05817825
0.31760000 0.05685856
0.31800000 0.05546738
0.31840000 0.05401344
0.31880000 0.05250577
0.31920000 0.05095353
0.31960000 0.04936592
0.32000000 0.04775202
0.32040000 0.04612069
0.32080000 0.04448047
0.32120000 0.04283948
0.32160000 0.04120534
0.32200000 0.03958511
0.32240000 0.03798519
0.32280000 0.03641136
0.32320000 0.03486868
0.32360000 0.03336152
0.32400000 0.03189353
0.32440000 0.03046767
0.32480000 0.02908622
0.32520000 0.02775084
0.32560000 0.02646256
0.32600000 0.02522188
0.32640000 0.02402879
0.32680000 0.02288282
0.32720000 0.02178314
0.32760000 0.02072859
0.32800000 0.01971774
0.32840000 0.01874896
0.32880000 0.01782048
0.32920000 0.01693043
0.32960000 0.01607690
0.33000000 0.01525798
0.33040000 0.01447181
0.33080000 0.01371660
0.33120000 0.01299066
0.33160000 0.01229243
0.33200000 0.01162049
0.33240000 0.01097357
0.33280000 0.01035055
0.33320000 0.00975048
0.33360000 0.00917256
0.33400000 0.00861612
0.33440000 0.00808063
0.33480000 0.00756569
0.33520000 0.00707098
0.33560000 0.00659629
0.33600000 0.00614145
0.33640000 0.00570636
0.33680000 0.00529093
0.33720000 0.00489512
0.33760000 0.00451883
0.33800000 0.00416200
0.33840000 0.00382449
0.33880000 0.00350616
0.33920000 0.00320678
0.33960000 0.00292609
0.34000000 0.00266376
0.34040000 0.00241939
0.34080000 0.00219252
0.34120000 0.00198262
0.34160000 0.00178910
0.34200000 0.00161133
0.34240000 0.00144862
0.34280000 0.00130022
0.34320000 0.00116538
0.34360000 0.00104328
0.34400000 0.00093313
0.34440000 0.00083409
0.34480000 0.00074534
0.34520000 0.00066606
0.34560000 0.00059545
0.34600000 0.00053272
0.34640000 0.00047713
0.34680000 0.00042796
0.34720000 0.00038452
0.34760000 0.00034618
0.34800000 0.00031234
0.34840000 0.00028246
0.34880000 0.00025603
0.34920000 0.00023262
0.34960000 0.00021180
0.35000000 0.00019323
