0.15000000 0.00025200
0.15040000 0.00027434
0.15080000 0.00029829
0.15120000 0.00032393
0.15160000 0.00035133
0.15200000 0.00038057
0.15240000 0.00041175
0.15280000 0.00044496
0.15320000 0.00048033
0.15360000 0.00051800
0.15400000 0.00055812
0.15440000 0.00060086
0.15480000 0.00064643
0.15520000 0.00069507
0.15560000 0.00074702
0.15600000 0.00080260
0.15640000 0.00086211
0.15680000 0.00092594
0.15720000 0.00099447
0.15760000 0.00106814
0.15800000 0.00114744
0.15840000 0.00123288
0.15880000 0.00132500
0.15920000 0.00142441
0.15960000 0.00153172
0.16000000 0.00164759
0.16040000 0.00177273
0.16080000 0.00190786
0.16120000 0.00205372
0.16160000 0.00221110
0.16200000 0.00238080
0.16240000 0.00256364
0.16280000 0.00276048
0.16320000 0.00297216
0.16360000 0.00319959
0.16400000 0.00344365
0.16440000 0.00370526
0.16480000 0.00398536
0.16520000 0.00428491
0.16560000 0.00460488
0.16600000 0.00494629
0.16640000 0.00531017
0.16680000 0.00569761
0.16720000 0.00610972
0.16760000 0.00654768
0.16800000 0.00701273
0.16840000 0.00750617
0.16880000 0.00802936
0.16920000 0.00858378
0.16960000 0.00917098
0.17000000 0.00979262
0.17040000 0.01045047
0.17080000 0.01114641
0.17120000 0.01188246
0.17160000 0.01266077
0.17200000 0.01348361
0.17240000 0.01435341
0.17280000 0.01527271
0.17320000 0.01624423
0.17360000 0.01727079
0.17400000 0.01835538
0.17440000 0.01950110
0.17480000 0.02071119
0.17520000 0.02198900
0.17560000 0.02333801
0.17600000 0.02476179
0.17640000 0.02626401
0.17680000 0.02784843
0.17720000 0.02951890
0.17760000 0.03127936
0.17800000 0.03313379
0.17840000 0.03508626
0.17880000 0.03714093
0.17920000 0.03930200
0.17960000 0.04157379
0.18000000 0.04396069
0.18040000 0.04646721
0.18080000 0.04909797
0.18120000 0.05185778
0.18160000 0.05475158
0.18200000 0.05778456
0.18240000 0.06096212
0.18280000 0.06428998
0.18320000 0.06777414
0.18360000 0.07142100
0.18400000 0.07523736
0.18440000 0.07923048
0.18480000 0.08340814
0.18520000 0.08777864
0.18560000 0.09235089
0.18600000 0.09713443
0.18640000 0.10213946
0.18680000 0.10737688
0.18720000 0.11285833
0.18760000 0.11859616
0.18800000 0.12460349
0.18840000 0.13089418
0.18880000 0.13748285
0.18920000 0.14438482
0.18960000 0.15161614
0.19000000 0.15919352
0.19040000 0.16713431
0.19080000 0.17545639
0.19120000 0.18417820
0.19160000 0.19331861
0.19200000 0.20289684
0.19240000 0.21293244
0.19280000 0.22344515
0.19320000 0.23445481
0.19360000 0.24598133
0.19400000 0.25804453
0.19440000 0.27066410
0.19480000 0.28385949
0.19520000 0.29764980
0.19560000 0.31205376
0.19600000 0.32708960
0.19640000 0.34277496
0.19680000 0.35912687
0.19720000 0.37616166
0.19760000 0.39389487
0.19800000 0.41234125
0.19840000 0.43151465
0.19880000 0.45142797
0.19920000 0.47209317
0.19960000 0.49352113
0.20000000 0.51572166
0.20040000 0.53870345
0.20080000 0.56247397
0.20120000 0.58703945
0.20160000 0.61240482
0.20200000 0.63857361
0.20240000 0.66554794
0.20280000 0.69332839
0.20320000 0.72191396
0.20360000 0.75130199
0.20400000 0.78148807
0.20440000 0.81246600
0.20480000 0.84422769
0.20520000 0.87676312
0.20560000 0.91006029
0.20600000 0.94410521
0.20640000 0.97888186
0.20680000 1.01437221
0.20720000 1.05055630
0.20760000 1.08741225
0.20800000 1.12491645
0.20840000 1.16304365
0.20880000 1.20176716
0.20920000 1.24105915
0.20960000 1.28089085
0.21000000 1.32123292
0.21040000 1.36205582
0.21080000 1.40333023
0.21120000 1.44502750
0.21160000 1.48712008
0.21200000 1.52958214
0.21240000 1.57238996
0.21280000 1.61552259
0.21320000 1.65896228
0.21360000 1.70269502
0.21400000 1.74671107
0.21440000 1.79100529
0.21480000 1.83557762
0.21520000 1.88043331
0.21560000 1.92558317
0.21600000 1.97104364
0.21640000 2.01683680
0.21680000 2.06299024
0.21720000 2.10953673
0.21760000 2.15651382
0.21800000 2.20396324
0.21840000 2.25193011
0.21880000 2.30046208
0.21920000 2.34960818
0.21960000 2.39941766
0.22000000 2.44993855
0.22040000 2.50121621
0.22080000 2.55329163
0.22120000 2.60619981
0.22160000 2.65996791
0.22200000 2.71461344
0.22240000 2.77014245
0.22280000 2.82654771
0.22320000 2.88380695
0.22360000 2.94188120
0.22400000 3.00071330
0.22440000 3.06022654
0.22480000 3.12032347
0.22520000 3.18088507
0.22560000 3.24177006
0.22600000 3.30281464
0.22640000 3.36383244
0.22680000 3.42461492
0.22720000 3.48493211
0.22760000 3.54453370
0.22800000 3.60315056
0.22840000 3.66049661
0.22880000 3.71627109
0.22920000 3.77016118
0.22960000 3.82184491
0.23000000 3.87099446
0.23040000 3.91727965
0.23080000 3.96037168
0.23120000 3.99994704
0.23160000 4.03569158
0.23200000 4.06730453
0.23240000 4.09450266
0.23280000 4.11702424
0.23320000 4.13463297
0.23360000 4.14712164
0.23400000 4.15431558
0.23440000 4.15607575
0.23480000 4.15230145
0.23520000 4.14293263
0.23560000 4.12795164
0.23600000 4.10738456
0.23640000 4.08130188
0.23680000 4.04981863
0.23720000 4.01309394
0.23760000 3.97132999
0.23800000 3.92477028
0.23840000 3.87369748
0.23880000 3.81843057
0.23920000 3.75932156
0.23960000 3.69675170
0.24000000 3.63112722
0.24040000 3.56287480
0.24080000 3.49243670
0.24120000 3.42026563
0.24160000 3.34681954
0.24200000 3.27255629
0.24240000 3.19792842
0.24280000 3.12337789
0.24320000 3.04933113
0.24360000 2.97619425
0.24400000 2.90434865
0.24440000 2.83414697
0.24480000 2.76590952
0.24520000 2.69992124
0.24560000 2.63642918
0.24600000 2.57564055
0.24640000 2.51772143
0.24680000 2.46279608
0.24720000 2.41094683
0.24760000 2.36221464
0.24800000 2.31660022
0.24840000 2.27406569
0.24880000 2.23453686
0.24920000 2.19790582
0.24960000 2.16403412
0.25000000 2.13275619
0.25040000 2.10388308
0.25080000 2.07720646
0.25120000 2.05250268
0.25160000 2.02953700
0.25200000 2.00806776
0.25240000 1.98785045
0.25280000 1.96864171
0.25320000 1.95020309
0.25360000 1.93230455
0.25400000 1.91472759
0.25440000 1.89726817
0.25480000 1.87973905
0.25520000 1.86197186
0.25560000 1.84381867
0.25600000 1.82515309
0.25640000 1.80587099
0.25680000 1.78589073
0.25720000 1.76515300
0.25760000 1.74362024
0.25800000 1.72127573
0.25840000 1.69812233
0.25880000 1.67418094
0.25920000 1.64948873
0.25960000 1.62409718
0.26000000 1.59806999
0.26040000 1.57148087
0.26080000 1.54441135
0.26120000 1.51694856
0.26160000 1.48918306
0.26200000 1.46120681
0.26240000 1.43311126
0.26280000 1.40498554
0.26320000 1.37691501
0.26360000 1.34897982
0.26400000 1.32125388
0.26440000 1.29380395
0.26480000 1.26668902
0.26520000 1.23995994
0.26560000 1.21365924
0.26600000 1.18782120
0.26640000 1.16247207
0.26680000 1.13763055
0.26720000 1.11330829
0.26760000 1.08951067
0.26800000 1.06623748
0.26840000 1.04348389
0.26880000 1.02124124
0.26920000 0.99949797
0.26960000 0.97824048
0.27000000 0.95745397
0.27040000 0.93712319
0.27080000 0.91723310
0.27120000 0.89776949
0.27160000 0.87871941
0.27200000 0.86007153
0.27240000 0.84181640
0.27280000 0.82394654
0.27320000 0.80645645
0.27360000 0.78934256
0.27400000 0.77260294
0.27440000 0.75623713
0.27480000 0.74024576
0.27520000 0.72463013
0.27560000 0.70939189
0.27600000 0.69453250
0.27640000 0.68005292
0.27680000 0.66595313
0.27720000 0.65223182
0.27760000 0.63888608
0.27800000 0.62591112
0.27840000 0.61330017
0.27880000 0.60104431
0.27920000 0.58913255
0.27960000 0.57755186
0.28000000 0.56628734
0.28040000 0.55532249
0.28080000 0.54463951
0.28120000 0.53421965
0.28160000 0.52404371
0.28200000 0.51409243
0.28240000 0.50434701
0.28280000 0.49478964
0.28320000 0.48540391
0.28360000 0.47617537
0.28400000 0.46709186
0.28440000 0.45814399
0.28480000 0.44932535
0.28520000 0.44063282
0.28560000 0.43206671
0.28600000 0.42363078
0.28640000 0.41533227
0.28680000 0.40718175
0.28720000 0.39919287
0.28760000 0.39138210
0.28800000 0.38376832
0.28840000 0.37637233
0.28880000 0.36921633
0.28920000 0.36232333
0.28960000 0.35571654
0.29000000 0.34941869
0.29040000 0.34345138
0.29080000 0.33783445
0.29120000 0.33258530
0.29160000 0.32771835
0.29200000 0.32324449
0.29240000 0.31917056
0.29280000 0.31549904
0.29320000 0.31222766
0.29360000 0.30934923
0.29400000 0.30685153
0.29440000 0.30471730
0.29480000 0.30292432
0.29520000 0.30144565
0.29560000 0.30024988
0.29600000 0.29930158
0.29640000 0.29856175
0.29680000 0.29798839
0.29720000 0.29753713
0.29760000 0.29716186
0.29800000 0.29681551
0.29840000 0.29645070
0.29880000 0.29602056
0.29920000 0.29547942
0.29960000 0.29478349
0.30000000 0.29389161
0.30040000 0.29276581
0.30080000 0.29137190
0.30120000 0.28967994
0.30160000 0.28766468
0.30200000 0.28530589
0.30240000 0.28258854
0.30280000 0.27950299
0.30320000 0.27604501
0.30360000 0.27221574
0.30400000 0.26802153
0.30440000 0.26347372
0.30480000 0.25858832
0.30520000 0.25338567
0.30560000 0.24788991
0.30600000 0.24212857
0.30640000 0.23613198
0.30680000 0.22993270
0.30720000 0.22356497
0.30760000 0.21706405
0.30800000 0.21046569
0.30840000 0.20380553
0.30880000 0.19711854
0.30920000 0.19043851
0.30960000 0.18379760
0.31000000 0.17722589
0.31040000 0.17075105
0.31080000 0.16439801
0.31120000 0.15818872
0.31160000 0.15214202
0.31200000 0.14627348
0.31240000 0.14059538
0.31280000 0.13511675
0.31320000 0.12984343
0.31360000 0.12477821
0.31400000 0.11992099
0.31440000 0.11526904
0.31480000 0.11081726
0.31520000 0.10655844
0.31560000 0.10248359
0.31600000 0.09858227
0.31640000 0.09484291
0.31680000 0.09125315
0.31720000 0.08780016
0.31760000 0.08447094
0.31800000 0.08125265
0.31840000 0.07813281
0.31880000 0.07509961
0.31920000 0.07214210
0.31960000 0.06925031
0.32000000 0.06641549
0.32040000 0.06363012
0.32080000 0.06088805
0.32120000 0.05818449
0.32160000 0.05551604
0.32200000 0.05288065
0.32240000 0.05027754
0.32280000 0.04770716
0.32320000 0.04517106
0.32360000 0.04267178
0.32400000 0.04021268
0.32440000 0.03779783
0.32480000 0.03543185
0.32520000 0.03311973
0.32560000 0.03086669
0.32600000 0.02867804
0.32640000 0.02655903
0.32680000 0.02451467
0.32720000 0.02254968
0.32760000 0.02066836
0.32800000 0.01887444
0.32840000 0.01717108
0.32880000 0.01556079
0.32920000 0.01404535
0.32960000 0.01262582
0.33000000 0.01130254
0.33040000 0.01007511
0.33080000 0.00894241
0.33120000 0.00790266
0.33160000 0.00695345
0.33200000 0.00609178
0.33240000 0.00531414
0.33280000 0.00461660
0.33320000 0.00399482
0.33360000 0.00344419
0.33400000 0.00295988
0.33440000 0.00253689
0.33480000 0.00217016
0.33520000 0.00185463
0.33560000 0.00158529
0.33600000 0.00135724
0.33640000 0.00116577
0.33680000 0.00100637
0.33720000 0.00087477
0.33760000 0.00076701
0.33800000 0.00067940
0.33840000 0.00060860
0.33880000 0.00055160
0.33920000 0.00050570
0.33960000 0.00046854
0.34000000 0.00043808
0.34040000 0.00041260
0.34080000 0.00039064
0.34120000 0.00037105
0.34160000 0.00035289
0.34200000 0.00033546
0.34240000 0.00031825
0.34280000 0.00030093
0.34320000 0.00028330
0.34360000 0.00026530
0.34400000 0.00024694
0.34440000 0.00022833
0.34480000 0.00020962
0.34520000 0.00019099
0.34560000 0.00017265
0.34600000 0.00015480
0.34640000 0.00013764
0.34680000 0.00012136
0.34720000 0.00010612
0.34760000 0.00009204
0.34800000 0.00007922
0.34840000 0.00006774
0.34880000 0.00005761
0.34920000 0.00004884
0.34960000 0.00004140
0.35000000 0.00003523
