0.15000000 0.00026310
0.15040000 0.00028543
0.15080000 0.00030922
0.15120000 0.00033457
0.15160000 0.00036157
0.15200000 0.00039032
0.15240000 0.00042095
0.15280000 0.00045359
0.15320000 0.00048840
0.15360000 0.00052556
0.15400000 0.00056528
0.15440000 0.00060777
0.15480000 0.00065331
0.15520000 0.00070216
0.15560000 0.00075465
0.15600000 0.00081110
0.15640000 0.00087190
0.15680000 0.00093743
0.15720000 0.00100814
0.15760000 0.00108447
0.15800000 0.00116692
0.15840000 0.00125600
0.15880000 0.00135224
0.15920000 0.00145622
0.15960000 0.00156851
0.16000000 0.00168972
0.16040000 0.00182047
0.16080000 0.00196140
0.16120000 0.00211318
0.16160000 0.00227646
0.16200000 0.00245193
0.16240000 0.00264029
0.16280000 0.00284225
0.16320000 0.00305853
0.16360000 0.00328988
0.16400000 0.00353706
0.16440000 0.00380086
0.16480000 0.00408209
0.16520000 0.00438160
0.16560000 0.00470028
0.16600000 0.00503908
0.16640000 0.00539899
0.16680000 0.00578107
0.16720000 0.00618646
0.16760000 0.00661640
0.16800000 0.00707220
0.16840000 0.00755530
0.16880000 0.00806726
0.16920000 0.00860976
0.16960000 0.00918463
0.17000000 0.00979386
0.17040000 0.01043959
0.17080000 0.01112412
0.17120000 0.01184995
0.17160000 0.01261976
0.17200000 0.01343638
0.17240000 0.01430288
0.17280000 0.01522249
0.17320000 0.01619861
0.17360000 0.01723487
0.17400000 0.01833503
0.17440000 0.01950307
0.17480000 0.02074309
0.17520000 0.02205937
0.17560000 0.02345635
0.17600000 0.02493857
0.17640000 0.02651073
0.17680000 0.02817762
0.17720000 0.02994414
0.17760000 0.03181529
0.17800000 0.03379615
0.17840000 0.03589190
0.17880000 0.03810778
0.17920000 0.04044911
0.17960000 0.04292130
0.18000000 0.04552984
0.18040000 0.04828030
0.18080000 0.05117839
0.18120000 0.05422990
0.18160000 0.05744080
0.18200000 0.06081720
0.18240000 0.06436541
0.18280000 0.06809195
0.18320000 0.07200362
0.18360000 0.07610745
0.18400000 0.08041084
0.18440000 0.08492149
0.18480000 0.08964752
0.18520000 0.09459743
0.18560000 0.09978019
0.18600000 0.10520521
0.18640000 0.11088242
0.18680000 0.11682221
0.18720000 0.12303553
0.18760000 0.12953381
0.18800000 0.13632902
0.18840000 0.14343363
0.18880000 0.15086059
0.18920000 0.15862332
0.18960000 0.16673566
0.19000000 0.17521183
0.19040000 0.18406642
0.19080000 0.19331428
0.19120000 0.20297049
0.19160000 0.21305029
0.19200000 0.22356902
0.19240000 0.23454208
0.19280000 0.24598479
0.19320000 0.25791241
0.19360000 0.27034000
0.19400000 0.28328243
0.19440000 0.29675430
0.19480000 0.31076990
0.19520000 0.32534318
0.19560000 0.34048774
0.19600000 0.35621679
0.19640000 0.37254323
0.19680000 0.38947957
0.19720000 0.40703804
0.19760000 0.42523062
0.19800000 0.44406905
0.19840000 0.46356498
0.19880000 0.48372999
0.19920000 0.50457571
0.19960000 0.52611390
0.20000000 0.54835656
0.20040000 0.57131605
0.20080000 0.59500513
0.20120000 0.61943714
0.20160000 0.64462602
0.20200000 0.67058642
0.20240000 0.69733374
0.20280000 0.72488419
0.20320000 0.75325481
0.20360000 0.78246346
0.20400000 0.81252881
0.20440000 0.84347024
0.20480000 0.87530783
0.20520000 0.90806218
0.20560000 0.94175428
0.20600000 0.97640537
0.20640000 1.01203669
0.20680000 1.04866929
0.20720000 1.08632375
0.20760000 1.12501993
0.20800000 1.16477664
0.20840000 1.20561140
0.20880000 1.24754007
0.20920000 1.29057657
0.20960000 1.33473257
0.21000000 1.38001719
0.21040000 1.42643668
0.21080000 1.47399423
0.21120000 1.52268968
0.21160000 1.57251932
0.21200000 1.62347573
0.21240000 1.67554765
0.21280000 1.72871992
0.21320000 1.78297337
0.21360000 1.83828492
0.21400000 1.89462756
0.21440000 1.95197049
0.21480000 2.01027927
0.21520000 2.06951600
0.21560000 2.12963956
0.21600000 2.19060586
0.21640000 2.25236816
0.21680000 2.31487738
0.21720000 2.37808242
0.21760000 2.44193054
0.21800000 2.50636766
0.21840000 2.57133876
0.21880000 2.63678813
0.21920000 2.70265975
0.21960000 2.76889752
0.22000000 2.83544555
0.22040000 2.90224829
0.22080000 2.96925078
0.22120000 3.03639872
0.22160000 3.10363853
0.22200000 3.17091742
0.22240000 3.23818333
0.22280000 3.30538487
0.22320000 3.37247125
0.22360000 3.43939211
0.22400000 3.50609738
0.22440000 3.57253714
0.22480000 3.63866137
0.22520000 3.70441985
0.22560000 3.76976198
0.22600000 3.83463664
0.22640000 3.89899212
0.22680000 3.96277607
0.22720000 4.02593555
0.22760000 4.08841709
0.22800000 4.15016688
0.22840000 4.21113102
0.22880000 4.27125590
0.22920000 4.33048857
0.22960000 4.38877733
0.23000000 4.44607235
0.23040000 4.50232631
0.23080000 4.55749525
0.23120000 4.61153937
0.23160000 4.66442396
0.23200000 4.71612027
0.23240000 4.76660653
0.23280000 4.81586883
0.23320000 4.86390208
0.23360000 4.91071086
0.23400000 4.95631020
0.23440000 5.00072631
0.23480000 5.04399712
0.23520000 5.08617273
0.23560000 5.12731565
0.23600000 5.16750088
0.23640000 5.20681574
0.23680000 5.24535954
0.23720000 5.28324294
0.23760000 5.32058712
0.23800000 5.35752269
0.23840000 5.39418830
0.23880000 5.43072910
0.23920000 5.46729491
0.23960000 5.50403812
0.24000000 5.54111154
0.24040000 5.57866593
0.24080000 5.61684748
0.24120000 5.65579513
0.24160000 5.69563785
0.24200000 5.73649189
0.24240000 5.77845803
0.24280000 5.82161892
0.24320000 5.86603648
0.24360000 5.91174948
0.24400000 5.95877134
0.24440000 6.00708818
0.24480000 6.05665707
0.24520000 6.10740477
0.24560000 6.15922666
0.24600000 6.21198620
0.24640000 6.26551476
0.24680000 6.31961187
0.24720000 6.37404596
0.24760000 6.42855556
0.24800000 6.48285091
0.24840000 6.53661612
0.24880000 6.58951164
0.24920000 6.64117723
0.24960000 6.69123527
0.25000000 6.73929443
0.25040000 6.78495361
0.25080000 6.82780617
0.25120000 6.86744427
0.25160000 6.90346346
0.25200000 6.93546721
0.25240000 6.96307158
0.25280000 6.98590968
0.25320000 7.00363615
0.25360000 7.01593136
0.25400000 7.02250536
0.25440000 7.02310156
0.25480000 7.01750002
0.25520000 7.00552029
0.25560000 6.98702388
0.25600000 6.96191612
0.25640000 6.93014758
0.25680000 6.89171489
0.25720000 6.84666104
0.25760000 6.79507507
0.25800000 6.73709123
0.25840000 6.67288761
0.25880000 6.60268416
0.25920000 6.52674033
0.25960000 6.44535218
0.26000000 6.35884903
0.26040000 6.26758990
0.26080000 6.17195943
0.26120000 6.07236374
0.26160000 5.96922598
0.26200000 5.86298180
0.26240000 5.75407477
0.26280000 5.64295179
0.26320000 5.53005858
0.26360000 5.41583530
0.26400000 5.30071239
0.26440000 5.18510663
0.26480000 5.06941753
0.26520000 4.95402401
0.26560000 4.83928156
0.26600000 4.72551971
0.26640000 4.61304000
0.26680000 4.50211441
0.26720000 4.39298418
0.26760000 4.28585919
0.26800000 4.18091771
0.26840000 4.07830666
0.26880000 3.97814223
0.26920000 3.88051091
0.26960000 3.78547092
0.27000000 3.69305391
0.27040000 3.60326696
0.27080000 3.51609478
0.27120000 3.43150219
0.27160000 3.34943660
0.27200000 3.26983073
0.27240000 3.19260520
0.27280000 3.11767128
0.27320000 3.04493348
0.27360000 2.97429204
0.27400000 2.90564535
0.27440000 2.83889214
0.27480000 2.77393350
0.27520000 2.71067463
0.27560000 2.64902642
0.27600000 2.58890668
0.27640000 2.53024114
0.27680000 2.47296422
0.27720000 2.41701940
0.27760000 2.36235949
0.27800000 2.30894651
0.27840000 2.25675140
0.27880000 2.20575351
0.27920000 2.15593986
0.27960000 2.10730429
0.28000000 2.05984644
0.28040000 2.01357061
0.28080000 1.96848457
0.28120000 1.92459830
0.28160000 1.88192278
0.28200000 1.84046868
0.28240000 1.80024521
0.28280000 1.76125896
0.28320000 1.72351288
0.28360000 1.68700537
0.28400000 1.65172946
0.28440000 1.61767219
0.28480000 1.58481410
0.28520000 1.55312893
0.28560000 1.52258343
0.28600000 1.49313741
0.28640000 1.46474384
0.28680000 1.43734925
0.28720000 1.41089413
0.28760000 1.38531354
0.28800000 1.36053787
0.28840000 1.33649359
0.28880000 1.31310417
0.28920000 1.29029104
0.28960000 1.26797457
0.29000000 1.24607510
0.29040000 1.22451393
0.29080000 1.20321437
0.29120000 1.18210263
0.29160000 1.16110880
0.29200000 1.14016761
0.29240000 1.11921923
0.29280000 1.09820994
0.29320000 1.07709261
0.29360000 1.05582721
0.29400000 1.03438109
0.29440000 1.01272920
0.29480000 0.99085416
0.29520000 0.96874622
0.29560000 0.94640312
0.29600000 0.92382984
0.29640000 0.90103821
0.29680000 0.87804650
0.29720000 0.85487887
0.29760000 0.83156478
0.29800000 0.80813835
0.29840000 0.78463766
0.29880000 0.76110404
0.29920000 0.73758129
0.29960000 0.71411502
0.30000000 0.69075185
0.30040000 0.66753871
0.30080000 0.64452219
0.30120000 0.62174789
0.30160000 0.59925981
0.30200000 0.57709984
0.30240000 0.55530731
0.30280000 0.53391852
0.30320000 0.51296648
0.30360000 0.49248060
0.30400000 0.47248653
0.30440000 0.45300601
0.30480000 0.43405684
0.30520000 0.41565287
0.30560000 0.39780411
0.30600000 0.38051681
0.30640000 0.36379367
0.30680000 0.34763406
0.30720000 0.33203424
0.30760000 0.31698769
0.30800000 0.30248540
0.30840000 0.28851620
0.30880000 0.27506705
0.30920000 0.26212345
0.30960000 0.24966972
0.31000000 0.23768931
0.31040000 0.22616514
0.31080000 0.21507987
0.31120000 0.20441617
0.31160000 0.19415693
0.31200000 0.18428553
0.31240000 0.17478595
0.31280000 0.16564295
0.31320000 0.15684221
0.31360000 0.14837037
0.31400000 0.14021513
0.31440000 0.13236524
0.31480000 0.12481055
0.31520000 0.11754192
0.31560000 0.11055126
0.31600000 0.10383139
0.31640000 0.09737601
0.31680000 0.09117958
0.31720000 0.08523725
0.31760000 0.07954472
0.31800000 0.07409815
0.31840000 0.06889403
0.31880000 0.06392909
0.31920000 0.05920018
0.31960000 0.05470416
0.32000000 0.05043783
0.32040000 0.04639781
0.32080000 0.04258053
0.32120000 0.03898208
0.32160000 0.03559824
0.32200000 0.03242441
0.32240000 0.02945557
0.32280000 0.02668629
0.32320000 0.02411071
0.32360000 0.02172258
0.32400000 0.01951523
0.32440000 0.01748166
0.32480000 0.01561451
0.32520000 0.01390615
0.32560000 0.01234871
0.32600000 0.01093415
0.32640000 0.00965427
0.32680000 0.00850083
0.32720000 0.00746554
0.32760000 0.00654017
0.32800000 0.00571659
0.32840000 0.00498680
0.32880000 0.00434302
0.32920000 0.00377767
0.32960000 0.00328350
0.33000000 0.00285354
0.33040000 0.00248118
0.33080000 0.00216017
0.33120000 0.00188466
0.33160000 0.00164919
0.33200000 0.00144872
0.33240000 0.00127862
0.33280000 0.00113467
0.33320000 0.00101304
0.33360000 0.00091031
0.33400000 0.00082343
0.33440000 0.00074971
0.33480000 0.00068682
0.33520000 0.00063273
0.33560000 0.00058572
0.33600000 0.00054432
0.33640000 0.00050734
0.33680000 0.00047380
0.33720000 0.00044290
0.33760000 0.00041404
0.33800000 0.00038675
0.33840000 0.00036070
0.33880000 0.00033567
0.33920000 0.00031151
0.33960000 0.00028814
0.34000000 0.00026556
0.34040000 0.00024379
0.34080000 0.00022286
0.34120000 0.00020285
0.34160000 0.00018382
0.34200000 0.00016584
0.34240000 0.00014898
0.34280000 0.00013328
0.34320000 0.00011879
0.34360000 0.00010553
0.34400000 0.00009350
0.34440000 0.00008269
0.34480000 0.00007308
0.34520000 0.00006462
0.34560000 0.00005725
0.34600000 0.00005092
0.34640000 0.00004554
0.34680000 0.00004103
0.34720000 0.00003729
0.34760000 0.00003425
0.34800000 0.00003181
0.34840000 0.00002988
0.34880000 0.00002836
0.34920000 0.00002719
0.34960000 0.00002629
0.35000000 0.00002557
