0.15000000 0.00028180
0.15040000 0.00029514
0.15080000 0.00030879
0.15120000 0.00032299
0.15160000 0.00033802
0.15200000 0.00035419
0.15240000 0.00037189
0.15280000 0.00039154
0.15320000 0.00041361
0.15360000 0.00043860
0.15400000 0.00046706
0.15440000 0.00049954
0.15480000 0.00053665
0.15520000 0.00057898
0.15560000 0.00062712
0.15600000 0.00068166
0.15640000 0.00074318
0.15680000 0.00081222
0.15720000 0.00088930
0.15760000 0.00097487
0.15800000 0.00106936
0.15840000 0.00117312
0.15880000 0.00128645
0.15920000 0.00140959
0.15960000 0.00154270
0.16000000 0.00168591
0.16040000 0.00183928
0.16080000 0.00200282
0.16120000 0.00217651
0.16160000 0.00236033
0.16200000 0.00255424
0.16240000 0.00275822
0.16280000 0.00297228
0.16320000 0.00319650
0.16360000 0.00343104
0.16400000 0.00367618
0.16440000 0.00393231
0.16480000 0.00420001
0.16520000 0.00448001
0.16560000 0.00477327
0.16600000 0.00508095
0.16640000 0.00540446
0.16680000 0.00574547
0.16720000 0.00610587
0.16760000 0.00648785
0.16800000 0.00689383
0.16840000 0.00732648
0.16880000 0.00778871
0.16920000 0.00828362
0.16960000 0.00881452
0.17000000 0.00938485
0.17040000 0.00999817
0.17080000 0.01065812
0.17120000 0.01136836
0.17160000 0.01213255
0.17200000 0.01295425
0.17240000 0.01383694
0.17280000 0.01478392
0.17320000 0.01579830
0.17360000 0.01688292
0.17400000 0.01804038
0.17440000 0.01927295
0.17480000 0.02058259
0.17520000 0.02197091
0.17560000 0.02343923
0.17600000 0.02498852
0.17640000 0.02661950
0.17680000 0.02833262
0.17720000 0.03012813
0.17760000 0.03200618
0.17800000 0.03396683
0.17840000 0.03601020
0.17880000 0.03813651
0.17920000 0.04034623
0.17960000 0.04264017
0.18000000 0.04501957
0.18040000 0.04748625
0.18080000 0.05004270
0.18120000 0.05269218
0.18160000 0.05543886
0.18200000 0.05828784
0.18240000 0.06124531
0.18280000 0.06431854
0.18320000 0.06751599
0.18360000 0.07084727
0.18400000 0.07432319
0.18440000 0.07795576
0.18480000 0.08175809
0.18520000 0.08574439
0.18560000 0.08992987
0.18600000 0.09433062
0.18640000 0.09896352
0.18680000 0.10384609
0.18720000 0.10899634
0.18760000 0.11443264
0.18800000 0.12017350
0.18840000 0.12623748
0.18880000 0.13264295
0.18920000 0.13940801
0.18960000 0.14655029
0.19000000 0.15408686
0.19040000 0.16203411
0.19080000 0.17040766
0.19120000 0.17922232
0.19160000 0.18849204
0.19200000 0.19822996
0.19240000 0.20844840
0.19280000 0.21915894
0.19320000 0.23037251
0.19360000 0.24209955
0.19400000 0.25435012
0.19440000 0.26713406
0.19480000 0.28046121
0.19520000 0.29434157
0.19560000 0.30878551
0.19600000 0.32380393
0.19640000 0.33940845
0.19680000 0.35561155
0.19720000 0.37242667
0.19760000 0.38986830
0.19800000 0.40795203
0.19840000 0.42669447
0.19880000 0.44611323
0.19920000 0.46622674
0.19960000 0.48705402
0.20000000 0.50861449
0.20040000 0.53092751
0.20080000 0.55401207
0.20120000 0.57788629
0.20160000 0.60256690
0.20200000 0.62806871
0.20240000 0.65440399
0.20280000 0.68158192
0.20320000 0.70960792
0.20360000 0.73848312
0.20400000 0.76820375
0.20440000 0.79876065
0.20480000 0.83013884
0.20520000 0.86231711
0.20560000 0.89526780
0.20600000 0.92895665
0.20640000 0.96334276
0.20680000 0.99837878
0.20720000 1.03401116
0.20760000 1.07018062
0.20800000 1.10682276
0.20840000 1.14386889
0.20880000 1.18124692
0.20920000 1.21888251
0.20960000 1.25670030
0.21000000 1.29462531
0.21040000 1.33258437
0.21080000 1.37050772
0.21120000 1.40833060
0.21160000 1.44599490
0.21200000 1.48345073
0.21240000 1.52065803
0.21280000 1.55758800
0.21320000 1.59422447
0.21360000 1.63056506
0.21400000 1.66662216
0.21440000 1.70242362
0.21480000 1.73801328
0.21520000 1.77345103
0.21560000 1.80881271
0.21600000 1.84418953
0.21640000 1.87968723
0.21680000 1.91542481
0.21720000 1.95153290
0.21760000 1.98815182
0.21800000 2.02542926
0.21840000 2.06351760
0.21880000 2.10257108
0.21920000 2.14274254
0.21960000 2.18418013
0.22000000 2.22702374
0.22040000 2.27140145
0.22080000 2.31742581
0.22120000 2.36519035
0.22160000 2.41476598
0.22200000 2.46619775
0.22240000 2.51950176
0.22280000 2.57466238
0.22320000 2.63162990
0.22360000 2.69031856
0.22400000 2.75060515
0.22440000 2.81232804
0.22480000 2.87528692
0.22520000 2.93924304
0.22560000 3.00392018
0.22600000 3.06900613
0.22640000 3.13415499
0.22680000 3.19898991
0.22720000 3.26310658
0.22760000 3.32607718
0.22800000 3.38745491
0.22840000 3.44677895
0.22880000 3.50357981
0.22920000 3.55738500
0.22960000 3.60772495
0.23000000 3.65413901
0.23040000 3.69618158
0.23080000 3.73342808
0.23120000 3.76548091
0.23160000 3.79197502
0.23200000 3.81258325
0.23240000 3.82702117
0.23280000 3.83505147
0.23320000 3.83648766
0.23360000 3.83119727
0.23400000 3.81910416
0.23440000 3.80019022
0.23480000 3.77449621
0.23520000 3.74212178
0.23560000 3.70322476
0.23600000 3.65801956
0.23640000 3.60677482
0.23680000 3.54981038
0.23720000 3.48749341
0.23760000 3.42023410
0.23800000 3.34848057
0.23840000 3.27271351
0.23880000 3.19344023
0.23920000 3.11118857
0.23960000 3.02650049
0.24000000 2.93992557
0.24040000 2.85201463
0.24080000 2.76331324
0.24120000 2.67435562
0.24160000 2.58565868
0.24200000 2.49771655
0.24240000 2.41099546
0.24280000 2.32592920
0.24320000 2.24291518
0.24360000 2.16231101
0.24400000 2.08443186
0.24440000 2.00954846
0.24480000 1.93788576
0.24520000 1.86962234
0.24560000 1.80489050
0.24600000 1.74377693
0.24640000 1.68632413
0.24680000 1.63253229
0.24720000 1.58236176
0.24760000 1.53573597
0.24800000 1.49254471
0.24840000 1.45264780
0.24880000 1.41587897
0.24920000 1.38204989
0.24960000 1.35095434
0.25000000 1.32237243
0.25040000 1.29607466
0.25080000 1.27182602
0.25120000 1.24938976
0.25160000 1.22853106
0.25200000 1.20902033
0.25240000 1.19063621
0.25280000 1.17316827
0.25320000 1.15641924
0.25360000 1.14020690
0.25400000 1.12436559
0.25440000 1.10874728
0.25480000 1.09322221
0.25520000 1.07767929
0.25560000 1.06202598
0.25600000 1.04618797
0.25640000 1.03010850
0.25680000 1.01374741
0.25720000 0.99708007
0.25760000 0.98009599
0.25800000 0.96279741
0.25840000 0.94519773
0.25880000 0.92731987
0.25920000 0.90919472
0.25960000 0.89085943
0.26000000 0.87235595
0.26040000 0.85372945
0.26080000 0.83502703
0.26120000 0.81629639
0.26160000 0.79758474
0.26200000 0.77893786
0.26240000 0.76039922
0.26280000 0.74200938
0.26320000 0.72380544
0.26360000 0.70582075
0.26400000 0.68808464
0.26440000 0.67062235
0.26480000 0.65345510
0.26520000 0.63660020
0.26560000 0.62007125
0.26600000 0.60387848
0.26640000 0.58802902
0.26680000 0.57252732
0.26720000 0.55737552
0.26760000 0.54257383
0.26800000 0.52812091
0.26840000 0.51401422
0.26880000 0.50025036
0.26920000 0.48682533
0.26960000 0.47373479
0.27000000 0.46097424
0.27040000 0.44853915
0.27080000 0.43642509
0.27120000 0.42462774
0.27160000 0.41314296
0.27200000 0.40196668
0.27240000 0.39109493
0.27280000 0.38052368
0.27320000 0.37024885
0.27360000 0.36026608
0.27400000 0.35057075
0.27440000 0.34115779
0.27480000 0.33202166
0.27520000 0.32315622
0.27560000 0.31455473
0.27600000 0.30620980
0.27640000 0.29811338
0.27680000 0.29025682
0.27720000 0.28263089
0.27760000 0.27522585
0.27800000 0.26803160
0.27840000 0.26103774
0.27880000 0.25423373
0.27920000 0.24760904
0.27960000 0.24115328
0.28000000 0.23485639
0.28040000 0.22870873
0.28080000 0.22270129
0.28120000 0.21682577
0.28160000 0.21107470
0.28200000 0.20544154
0.28240000 0.19992077
0.28280000 0.19450788
0.28320000 0.18919945
0.28360000 0.18399311
0.28400000 0.17888749
0.28440000 0.17388224
0.28480000 0.16897786
0.28520000 0.16417568
0.28560000 0.15947770
0.28600000 0.15488651
0.28640000 0.15040512
0.28680000 0.14603683
0.28720000 0.14178512
0.28760000 0.13765349
0.28800000 0.13364537
0.28840000 0.12976396
0.28880000 0.12601217
0.28920000 0.12239252
0.28960000 0.11890706
0.29000000 0.11555737
0.29040000 0.11234448
0.29080000 0.10926890
0.29120000 0.10633061
0.29160000 0.10352909
0.29200000 0.10086338
0.29240000 0.09833212
0.29280000 0.09593362
0.29320000 0.09366596
0.29360000 0.09152700
0.29400000 0.08951454
0.29440000 0.08762633
0.29480000 0.08586018
0.29520000 0.08421401
0.29560000 0.08268588
0.29600000 0.08127405
0.29640000 0.07997700
0.29680000 0.07879341
0.29720000 0.07772221
0.29760000 0.07676246
0.29800000 0.07591339
0.29840000 0.07517431
0.29880000 0.07454453
0.29920000 0.07402328
0.29960000 0.07360965
0.30000000 0.07330246
0.30040000 0.07310017
0.30080000 0.07300079
0.30120000 0.07300178
0.30160000 0.07309996
0.30200000 0.07329144
0.30240000 0.07357154
0.30280000 0.07393475
0.30320000 0.07437470
0.30360000 0.07488416
0.30400000 0.07545499
0.30440000 0.07607822
0.30480000 0.07674410
0.30520000 0.07744212
0.30560000 0.07816114
0.30600000 0.07888948
0.30640000 0.07961505
0.30680000 0.08032545
0.30720000 0.08100818
0.30760000 0.08165073
0.30800000 0.08224079
0.30840000 0.08276639
0.30880000 0.08321604
0.30920000 0.08357894
0.30960000 0.08384508
0.31000000 0.08400539
0.31040000 0.08405188
0.31080000 0.08397771
0.31120000 0.08377734
0.31160000 0.08344652
0.31200000 0.08298242
0.31240000 0.08238359
0.31280000 0.08165000
0.31320000 0.08078301
0.31360000 0.07978533
0.31400000 0.07866096
0.31440000 0.07741513
0.31480000 0.07605416
0.31520000 0.07458540
0.31560000 0.07301708
0.31600000 0.07135815
0.31640000 0.06961820
0.31680000 0.06780727
0.31720000 0.06593571
0.31760000 0.06401403
0.31800000 0.06205278
0.31840000 0.06006237
0.31880000 0.05805300
0.31920000 0.05603447
0.31960000 0.05401614
0.32000000 0.05200678
0.32040000 0.05001453
0.32080000 0.04804682
0.32120000 0.04611030
0.32160000 0.04421086
0.32200000 0.04235355
0.32240000 0.04054262
0.32280000 0.03878151
0.32320000 0.03707287
0.32360000 0.03541862
0.32400000 0.03381997
0.32440000 0.03227747
0.32480000 0.03079109
0.32520000 0.02936028
0.32560000 0.02798405
0.32600000 0.02666099
0.32640000 0.02538943
0.32680000 0.02416744
0.32720000 0.02299292
0.32760000 0.02186366
0.32800000 0.02077744
0.32840000 0.01973201
0.32880000 0.01872522
0.32920000 0.01775500
0.32960000 0.01681942
0.33000000 0.01591672
0.33040000 0.01504531
0.33080000 0.01420382
0.33120000 0.01339106
0.33160000 0.01260606
0.33200000 0.01184803
0.33240000 0.01111637
0.33280000 0.01041067
0.33320000 0.00973063
0.33360000 0.00907611
0.33400000 0.00844707
0.33440000 0.00784353
0.33480000 0.00726559
0.33520000 0.00671337
0.33560000 0.00618698
0.33600000 0.00568653
0.33640000 0.00521208
0.33680000 0.00476364
0.33720000 0.00434115
0.33760000 0.00394445
0.33800000 0.00357329
0.33840000 0.00322732
0.33880000 0.00290609
0.33920000 0.00260903
0.33960000 0.00233548
0.34000000 0.00208465
0.34040000 0.00185570
0.34080000 0.00164766
0.34120000 0.00145953
0.34160000 0.00129021
0.34200000 0.00113858
0.34240000 0.00100346
0.34280000 0.00088366
0.34320000 0.00077798
0.34360000 0.00068523
0.34400000 0.00060421
0.34440000 0.00053379
0.34480000 0.00047285
0.34520000 0.00042031
0.34560000 0.00037518
0.34600000 0.00033650
0.34640000 0.00030340
0.34680000 0.00027506
0.34720000 0.00025076
0.34760000 0.00022984
0.34800000 0.00021170
0.34840000 0.00019584
0.34880000 0.00018182
0.34920000 0.00016925
0.34960000 0.00015783
0.35000000 0.00014730
