0.15000000 0.00024687
0.15040000 0.00026799
0.15080000 0.00029092
0.15120000 0.00031578
0.15160000 0.00034271
0.15200000 0.00037186
0.15240000 0.00040338
0.15280000 0.00043743
0.15320000 0.00047417
0.15360000 0.00051378
0.15400000 0.00055643
0.15440000 0.00060233
0.15480000 0.00065166
0.15520000 0.00070466
0.15560000 0.00076153
0.15600000 0.00082253
0.15640000 0.00088792
0.15680000 0.00095797
0.15720000 0.00103298
0.15760000 0.00111328
0.15800000 0.00119921
0.15840000 0.00129115
0.15880000 0.00138951
0.15920000 0.00149471
0.15960000 0.00160725
0.16000000 0.00172762
0.16040000 0.00185637
0.16080000 0.00199410
0.16120000 0.00214145
0.16160000 0.00229908
0.16200000 0.00246774
0.16240000 0.00264819
0.16280000 0.00284126
0.16320000 0.00304783
0.16360000 0.00326881
0.16400000 0.00350520
0.16440000 0.00375801
0.16480000 0.00402834
0.16520000 0.00431731
0.16560000 0.00462612
0.16600000 0.00495601
0.16640000 0.00530828
0.16680000 0.00568427
0.16720000 0.00608540
0.16760000 0.00651312
0.16800000 0.00696897
0.16840000 0.00745451
0.16880000 0.00797141
0.16920000 0.00852138
0.16960000 0.00910621
0.17000000 0.00972775
0.17040000 0.01038796
0.17080000 0.01108886
0.17120000 0.01183260
0.17160000 0.01262141
0.17200000 0.01345762
0.17240000 0.01434373
0.17280000 0.01528231
0.17320000 0.01627612
0.17360000 0.01732805
0.17400000 0.01844115
0.17440000 0.01961866
0.17480000 0.02086398
0.17520000 0.02218071
0.17560000 0.02357266
0.17600000 0.02504385
0.17640000 0.02659850
0.17680000 0.02824107
0.17720000 0.02997624
0.17760000 0.03180893
0.17800000 0.03374431
0.17840000 0.03578775
0.17880000 0.03794490
0.17920000 0.04022163
0.17960000 0.04262403
0.18000000 0.04515844
0.18040000 0.04783143
0.18080000 0.05064978
0.18120000 0.05362049
0.18160000 0.05675077
0.18200000 0.06004803
0.18240000 0.06351987
0.18280000 0.06717411
0.18320000 0.07101871
0.18360000 0.07506186
0.18400000 0.07931190
0.18440000 0.08377734
0.18480000 0.08846690
0.18520000 0.09338947
0.18560000 0.09855411
0.18600000 0.10397009
0.18640000 0.10964688
0.18680000 0.11559417
0.18720000 0.12182186
0.18760000 0.12834011
0.18800000 0.13515932
0.18840000 0.14229017
0.18880000 0.14974364
0.18920000 0.15753099
0.18960000 0.16566384
0.19000000 0.17415411
0.19040000 0.18301411
0.19080000 0.19225648
0.19120000 0.20189425
0.19160000 0.21194082
0.19200000 0.22240996
0.19240000 0.23331581
0.19280000 0.24467289
0.19320000 0.25649605
0.19360000 0.26880046
0.19400000 0.28160162
0.19440000 0.29491529
0.19480000 0.30875745
0.19520000 0.32314432
0.19560000 0.33809223
0.19600000 0.35361766
0.19640000 0.36973713
0.19680000 0.38646717
0.19720000 0.40382428
0.19760000 0.42182486
0.19800000 0.44048520
0.19840000 0.45982137
0.19880000 0.47984924
0.19920000 0.50058441
0.19960000 0.52204220
0.20000000 0.54423762
0.20040000 0.56718533
0.20080000 0.59089969
0.20120000 0.61539470
0.20160000 0.64068403
0.20200000 0.66678107
0.20240000 0.69369890
0.20280000 0.72145036
0.20320000 0.75004806
0.20360000 0.77950446
0.20400000 0.80983185
0.20440000 0.84104245
0.20480000 0.87314844
0.20520000 0.90616196
0.20560000 0.94009519
0.20600000 0.97496032
0.20640000 1.01076963
0.20680000 1.04753539
0.20720000 1.08526995
0.20760000 1.12398560
0.20800000 1.16369458
0.20840000 1.20440898
0.20880000 1.24614061
0.20920000 1.28890092
0.20960000 1.33270082
0.21000000 1.37755053
0.21040000 1.42345936
0.21080000 1.47043553
0.21120000 1.51848590
0.21160000 1.56761575
0.21200000 1.61782852
0.21240000 1.66912553
0.21280000 1.72150571
0.21320000 1.77496535
0.21360000 1.82949779
0.21400000 1.88509322
0.21440000 1.94173837
0.21480000 1.99941637
0.21520000 2.05810647
0.21560000 2.11778393
0.21600000 2.17841986
0.21640000 2.23998115
0.21680000 2.30243038
0.21720000 2.36572581
0.21760000 2.42982145
0.21800000 2.49466707
0.21840000 2.56020840
0.21880000 2.62638723
0.21920000 2.69314165
0.21960000 2.76040630
0.22000000 2.82811262
0.22040000 2.89618923
0.22080000 2.96456221
0.22120000 3.03315552
0.22160000 3.10189133
0.22200000 3.17069047
0.22240000 3.23947276
0.22280000 3.30815749
0.22320000 3.37666373
0.22360000 3.44491074
0.22400000 3.51281832
0.22440000 3.58030713
0.22480000 3.64729901
0.22520000 3.71371728
0.22560000 3.77948692
0.22600000 3.84453486
0.22640000 3.90879010
0.22680000 3.97218392
0.22720000 4.03465002
0.22760000 4.09612458
0.22800000 4.15654640
0.22840000 4.21585699
0.22880000 4.27400066
0.22920000 4.33092458
0.22960000 4.38657892
0.23000000 4.44091697
0.23040000 4.49389527
0.23080000 4.54547381
0.23120000 4.59561626
0.23160000 4.64429018
0.23200000 4.69146742
0.23240000 4.73712438
0.23280000 4.78124249
0.23320000 4.82380862
0.23360000 4.86481559
0.23400000 4.90426267
0.23440000 4.94215618
0.23480000 4.97851003
0.23520000 5.01334628
0.23560000 5.04669574
0.23600000 5.07859848
0.23640000 5.10910436
0.23680000 5.13827341
0.23720000 5.16617622
0.23760000 5.19289419
0.23800000 5.21851966
0.23840000 5.24315587
0.23880000 5.26691688
0.23920000 5.28992715
0.23960000 5.31232110
0.24000000 5.33424236
0.24040000 5.35584287
0.24080000 5.37728180
0.24120000 5.39872416
0.24160000 5.42033937
0.24200000 5.44229946
0.24240000 5.46477721
0.24280000 5.48794411
0.24320000 5.51196809
0.24360000 5.53701126
0.24400000 5.56322747
0.24440000 5.59075981
0.24480000 5.61973819
0.24520000 5.65027679
0.24560000 5.68247171
0.24600000 5.71639861
0.24640000 5.75211058
0.24680000 5.78963611
0.24720000 5.82897736
0.24760000 5.87010867
0.24800000 5.91297530
0.24840000 5.95749264
0.24880000 6.00354566
0.24920000 6.05098879
0.24960000 6.09964620
0.25000000 6.14931249
0.25040000 6.19975380
0.25080000 6.25070934
0.25120000 6.30189329
0.25160000 6.35299716
0.25200000 6.40369245
0.25240000 6.45363368
0.25280000 6.50246173
0.25320000 6.54980744
0.25360000 6.59529538
0.25400000 6.63854785
0.25440000 6.67918895
0.25480000 6.71684868
0.25520000 6.75116708
0.25560000 6.78179827
0.25600000 6.80841437
0.25640000 6.83070918
0.25680000 6.84840173
0.25720000 6.86123939
0.25760000 6.86900078
0.25800000 6.87149815
0.25840000 6.86857942
0.25880000 6.86012980
0.25920000 6.84607280
0.25960000 6.82637088
0.26000000 6.80102555
0.26040000 6.77007692
0.26080000 6.73360291
0.26120000 6.69171782
0.26160000 6.64457056
0.26200000 6.59234246
0.26240000 6.53524469
0.26280000 6.47351534
0.26320000 6.40741626
0.26360000 6.33722965
0.26400000 6.26325451
0.26440000 6.18580296
0.26480000 6.10519649
0.26520000 6.02176229
0.26560000 5.93582959
0.26600000 5.84772613
0.26640000 5.75777482
0.26680000 5.66629064
0.26720000 5.57357776
0.26760000 5.47992697
0.26800000 5.38561348
0.26840000 5.29089504
0.26880000 5.19601041
0.26920000 5.10117825
0.26960000 5.00659638
0.27000000 4.91244141
0.27040000 4.81886867
0.27080000 4.72601261
0.27120000 4.63398739
0.27160000 4.54288786
0.27200000 4.45279070
0.27240000 4.36375586
0.27280000 4.27582810
0.27320000 4.18903873
0.27360000 4.10340742
0.27400000 4.01894401
0.27440000 3.93565039
0.27480000 3.85352232
0.27520000 3.77255116
0.27560000 3.69272554
0.27600000 3.61403282
0.27640000 3.53646048
0.27680000 3.45999723
0.27720000 3.38463400
0.27760000 3.31036466
0.27800000 3.23718658
0.27840000 3.16510091
0.27880000 3.09411274
0.27920000 3.02423093
0.27960000 2.95546790
0.28000000 2.88783913
0.28040000 2.82136262
0.28080000 2.75605812
0.28120000 2.69194634
0.28160000 2.62904811
0.28200000 2.56738341
0.28240000 2.50697048
0.28280000 2.44782490
0.28320000 2.38995877
0.28360000 2.33337985
0.28400000 2.27809092
0.28440000 2.22408917
0.28480000 2.17136574
0.28520000 2.11990544
0.28560000 2.06968651
0.28600000 2.02068067
0.28640000 1.97285321
0.28680000 1.92616334
0.28720000 1.88056456
0.28760000 1.83600527
0.28800000 1.79242947
0.28840000 1.74977752
0.28880000 1.70798707
0.28920000 1.66699400
0.28960000 1.62673342
0.29000000 1.58714069
0.29040000 1.54815246
0.29080000 1.50970768
0.29120000 1.47174858
0.29160000 1.43422152
0.29200000 1.39707789
0.29240000 1.36027481
0.29280000 1.32377571
0.29320000 1.28755089
0.29360000 1.25157784
0.29400000 1.21584149
0.29440000 1.18033426
0.29480000 1.14505607
0.29520000 1.11001409
0.29560000 1.07522244
0.29600000 1.04070177
0.29640000 1.00647868
0.29680000 0.97258504
0.29720000 0.93905733
0.29760000 0.90593576
0.29800000 0.87326344
0.29840000 0.84108551
0.29880000 0.80944820
0.29920000 0.77839793
0.29960000 0.74798045
0.30000000 0.71823997
0.30040000 0.68921837
0.30080000 0.66095444
0.30120000 0.63348325
0.30160000 0.60683556
0.30200000 0.58103735
0.30240000 0.55610943
0.30280000 0.53206716
0.30320000 0.50892030
0.30360000 0.48667292
0.30400000 0.46532344
0.30440000 0.44486479
0.30480000 0.42528459
0.30520000 0.40656548
0.30560000 0.38868553
0.30600000 0.37161864
0.30640000 0.35533505
0.30680000 0.33980193
0.30720000 0.32498388
0.30760000 0.31084356
0.30800000 0.29734230
0.30840000 0.28444065
0.30880000 0.27209897
0.30920000 0.26027800
0.30960000 0.24893934
0.31000000 0.23804593
0.31040000 0.22756249
0.31080000 0.21745584
0.31120000 0.20769529
0.31160000 0.19825277
0.31200000 0.18910312
0.31240000 0.18022414
0.31280000 0.17159670
0.31320000 0.16320469
0.31360000 0.15503500
0.31400000 0.14707742
0.31440000 0.13932443
0.31480000 0.13177109
0.31520000 0.12441475
0.31560000 0.11725480
0.31600000 0.11029245
0.31640000 0.10353035
0.31680000 0.09697237
0.31720000 0.09062327
0.31760000 0.08448838
0.31800000 0.07857335
0.31840000 0.07288388
0.31880000 0.06742543
0.31920000 0.06220304
0.31960000 0.05722108
0.32000000 0.05248311
0.32040000 0.04799172
0.32080000 0.04374842
0.32120000 0.03975356
0.32160000 0.03600624
0.32200000 0.03250435
0.32240000 0.02924452
0.32280000 0.02622218
0.32320000 0.02343157
0.32360000 0.02086588
0.32400000 0.01851728
0.32440000 0.01637704
0.32480000 0.01443568
0.32520000 0.01268305
0.32560000 0.01110848
0.32600000 0.00970092
0.32640000 0.00844906
0.32680000 0.00734147
0.32720000 0.00636672
0.32760000 0.00551350
0.32800000 0.00477070
0.32840000 0.00412757
0.32880000 0.00357373
0.32920000 0.00309933
0.32960000 0.00269502
0.33000000 0.00235208
0.33040000 0.00206239
0.33080000 0.00181851
0.33120000 0.00161365
0.33160000 0.00144170
0.33200000 0.00129721
0.33240000 0.00117536
0.33280000 0.00107196
0.33320000 0.00098340
0.33360000 0.00090661
0.33400000 0.00083904
0.33440000 0.00077859
0.33480000 0.00072359
0.33520000 0.00067271
0.33560000 0.00062498
0.33600000 0.00057968
0.33640000 0.00053631
0.33680000 0.00049458
0.33720000 0.00045435
0.33760000 0.00041558
0.33800000 0.00037833
0.33840000 0.00034269
0.33880000 0.00030881
0.33920000 0.00027684
0.33960000 0.00024691
0.34000000 0.00021916
0.34040000 0.00019367
0.34080000 0.00017051
0.34120000 0.00014970
0.34160000 0.00013123
0.34200000 0.00011504
0.34240000 0.00010106
0.34280000 0.00008915
0.34320000 0.00007918
0.34360000 0.00007096
0.34400000 0.00006433
0.34440000 0.00005908
0.34480000 0.00005501
0.34520000 0.00005193
0.34560000 0.00004964
0.34600000 0.00004797
0.34640000 0.00004675
0.34680000 0.00004581
0.34720000 0.00004504
0.34760000 0.00004431
0.34800000 0.00004354
0.34840000 0.00004265
0.34880000 0.00004159
0.34920000 0.00004034
0.34960000 0.00003886
0.35000000 0.00003717
