0.15000000 0.00025254
0.15040000 0.00027172
0.15080000 0.00029239
0.15120000 0.00031471
0.15160000 0.00033885
0.15200000 0.00036502
0.15240000 0.00039342
0.15280000 0.00042427
0.15320000 0.00045782
0.15360000 0.00049431
0.15400000 0.00053401
0.15440000 0.00057720
0.15480000 0.00062417
0.15520000 0.00067521
0.15560000 0.00073063
0.15600000 0.00079075
0.15640000 0.00085589
0.15680000 0.00092638
0.15720000 0.00100255
0.15760000 0.00108475
0.15800000 0.00117333
0.15840000 0.00126863
0.15880000 0.00137104
0.15920000 0.00148092
0.15960000 0.00159867
0.16000000 0.00172469
0.16040000 0.00185941
0.16080000 0.00200328
0.16120000 0.00215677
0.16160000 0.00232040
0.16200000 0.00249471
0.16240000 0.00268029
0.16280000 0.00287779
0.16320000 0.00308791
0.16360000 0.00331139
0.16400000 0.00354906
0.16440000 0.00380183
0.16480000 0.00407066
0.16520000 0.00435661
0.16560000 0.00466084
0.16600000 0.00498457
0.16640000 0.00532915
0.16680000 0.00569599
0.16720000 0.00608662
0.16760000 0.00650267
0.16800000 0.00694586
0.16840000 0.00741802
0.16880000 0.00792104
0.16920000 0.00845696
0.16960000 0.00902785
0.17000000 0.00963590
0.17040000 0.01028338
0.17080000 0.01097261
0.17120000 0.01170603
0.17160000 0.01248609
0.17200000 0.01331536
0.17240000 0.01419643
0.17280000 0.01513197
0.17320000 0.01612472
0.17360000 0.01717747
0.17400000 0.01829306
0.17440000 0.01947441
0.17480000 0.02072454
0.17520000 0.02204650
0.17560000 0.02344348
0.17600000 0.02491875
0.17640000 0.02647570
0.17680000 0.02811787
0.17720000 0.02984894
0.17760000 0.03167277
0.17800000 0.03359342
0.17840000 0.03561514
0.17880000 0.03774244
0.17920000 0.03998009
0.17960000 0.04233312
0.18000000 0.04480689
0.18040000 0.04740705
0.18080000 0.05013962
0.18120000 0.05301097
0.18160000 0.05602783
0.18200000 0.05919732
0.18240000 0.06252695
0.18280000 0.06602463
0.18320000 0.06969865
0.18360000 0.07355773
0.18400000 0.07761094
0.18440000 0.08186776
0.18480000 0.08633802
0.18520000 0.09103191
0.18560000 0.09595997
0.18600000 0.10113303
0.18640000 0.10656222
0.18680000 0.11225896
0.18720000 0.11823488
0.18760000 0.12450188
0.18800000 0.13107201
0.18840000 0.13795754
0.18880000 0.14517088
0.18920000 0.15272457
0.18960000 0.16063129
0.19000000 0.16890385
0.19040000 0.17755515
0.19080000 0.18659820
0.19120000 0.19604612
0.19160000 0.20591214
0.19200000 0.21620962
0.19240000 0.22695204
0.19280000 0.23815303
0.19320000 0.24982639
0.19360000 0.26198611
0.19400000 0.27464637
0.19440000 0.28782158
0.19480000 0.30152638
0.19520000 0.31577568
0.19560000 0.33058465
0.19600000 0.34596873
0.19640000 0.36194364
0.19680000 0.37852537
0.19720000 0.39573018
0.19760000 0.41357455
0.19800000 0.43207518
0.19840000 0.45124893
0.19880000 0.47111281
0.19920000 0.49168386
0.19960000 0.51297915
0.20000000 0.53501568
0.20040000 0.55781029
0.20080000 0.58137959
0.20120000 0.60573984
0.20160000 0.63090692
0.20200000 0.65689616
0.20240000 0.68372229
0.20280000 0.71139933
0.20320000 0.73994050
0.20360000 0.76935814
0.20400000 0.79966364
0.20440000 0.83086735
0.20480000 0.86297856
0.20520000 0.89600541
0.20560000 0.92995491
0.20600000 0.96483289
0.20640000 1.00064400
0.20680000 1.03739175
0.20720000 1.07507850
0.20760000 1.11370555
0.20800000 1.15327313
0.20840000 1.19378054
0.20880000 1.23522616
0.20920000 1.27760755
0.20960000 1.32092157
0.21000000 1.36516441
0.21040000 1.41033172
0.21080000 1.45641865
0.21120000 1.50341994
0.21160000 1.55132998
0.21200000 1.60014285
0.21240000 1.64985233
0.21280000 1.70045191
0.21320000 1.75193478
0.21360000 1.80429375
0.21400000 1.85752122
0.21440000 1.91160902
0.21480000 1.96654832
0.21520000 2.02232944
0.21560000 2.07894169
0.21600000 2.13637309
0.21640000 2.19461018
0.21680000 2.25363773
0.21720000 2.31343846
0.21760000 2.37399271
0.21800000 2.43527815
0.21840000 2.49726946
0.21880000 2.55993799
0.21920000 2.62325144
0.21960000 2.68717356
0.22000000 2.75166386
0.22040000 2.81667731
0.22080000 2.88216409
0.22120000 2.94806940
0.22160000 3.01433327
0.22200000 3.08089040
0.22240000 3.14767006
0.22280000 3.21459607
0.22320000 3.28158681
0.22360000 3.34855524
0.22400000 3.41540905
0.22440000 3.48205080
0.22480000 3.54837823
0.22520000 3.61428445
0.22560000 3.67965836
0.22600000 3.74438506
0.22640000 3.80834626
0.22680000 3.87142086
0.22720000 3.93348549
0.22760000 3.99441509
0.22800000 4.05408367
0.22840000 4.11236491
0.22880000 4.16913296
0.22920000 4.22426320
0.22960000 4.27763304
0.23000000 4.32912273
0.23040000 4.37861625
0.23080000 4.42600214
0.23120000 4.47117437
0.23160000 4.51403322
0.23200000 4.55448618
0.23240000 4.59244878
0.23280000 4.62784546
0.23320000 4.66061041
0.23360000 4.69068838
0.23400000 4.71803543
0.23440000 4.74261970
0.23480000 4.76442208
0.23520000 4.78343683
0.23560000 4.79967212
0.23600000 4.81315060
0.23640000 4.82390968
0.23680000 4.83200194
0.23720000 4.83749528
0.23760000 4.84047306
0.23800000 4.84103399
0.23840000 4.83929208
0.23880000 4.83537626
0.23920000 4.82943000
0.23960000 4.82161068
0.24000000 4.81208890
0.24040000 4.80104753
0.24080000 4.78868073
0.24120000 4.77519267
0.24160000 4.76079623
0.24200000 4.74571146
0.24240000 4.73016396
0.24280000 4.71438310
0.24320000 4.69860013
0.24360000 4.68304621
0.24400000 4.66795035
0.24440000 4.65353726
0.24480000 4.64002522
0.24520000 4.62762390
0.24560000 4.61653218
0.24600000 4.60693607
0.24640000 4.59900662
0.24680000 4.59289802
0.24720000 4.58874573
0.24760000 4.58666485
0.24800000 4.58674864
0.24840000 4.58906721
0.24880000 4.59366654
0.24920000 4.60056766
0.24960000 4.60976614
0.25000000 4.62123191
0.25040000 4.63490926
0.25080000 4.65071730
0.25120000 4.66855058
0.25160000 4.68828014
0.25200000 4.70975474
0.25240000 4.73280247
0.25280000 4.75723256
0.25320000 4.78283747
0.25360000 4.80939519
0.25400000 4.83667170
0.25440000 4.86442365
0.25480000 4.89240106
0.25520000 4.92035020
0.25560000 4.94801644
0.25600000 4.97514709
0.25640000 5.00149426
0.25680000 5.02681754
0.25720000 5.05088661
0.25760000 5.07348367
0.25800000 5.09440565
0.25840000 5.11346616
0.25880000 5.13049724
0.25920000 5.14535077
0.25960000 5.15789954
0.26000000 5.16803806
0.26040000 5.17568300
0.26080000 5.18077327
0.26120000 5.18326984
0.26160000 5.18315518
0.26200000 5.18043236
0.26240000 5.17512399
0.26280000 5.16727074
0.26320000 5.15692974
0.26360000 5.14417275
0.26400000 5.12908413
0.26440000 5.11175878
0.26480000 5.09229989
0.26520000 5.07081672
0.26560000 5.04742239
0.26600000 5.02223165
0.26640000 4.99535881
0.26680000 4.96691576
0.26720000 4.93701012
0.26760000 4.90574360
0.26800000 4.87321060
0.26840000 4.83949696
0.26880000 4.80467909
0.26920000 4.76882321
0.26960000 4.73198494
0.27000000 4.69420918
0.27040000 4.65553017
0.27080000 4.61597184
0.27120000 4.57554839
0.27160000 4.53426508
0.27200000 4.49211922
0.27240000 4.44910124
0.27280000 4.40519602
0.27320000 4.36038421
0.27360000 4.31464365
0.27400000 4.26795079
0.27440000 4.22028219
0.27480000 4.17161586
0.27520000 4.12193261
0.27560000 4.07121729
0.27600000 4.01945989
0.27640000 3.96665650
0.27680000 3.91281011
0.27720000 3.85793122
0.27760000 3.80203829
0.27800000 3.74515796
0.27840000 3.68732510
0.27880000 3.62858266
0.27920000 3.56898136
0.27960000 3.50857914
0.28000000 3.44744060
0.28040000 3.38563612
0.28080000 3.32324102
0.28120000 3.26033455
0.28160000 3.19699887
0.28200000 3.13331792
0.28240000 3.06937635
0.28280000 3.00525841
0.28320000 2.94104694
0.28360000 2.87682235
0.28400000 2.81266178
0.28440000 2.74863823
0.28480000 2.68481995
0.28520000 2.62126986
0.28560000 2.55804516
0.28600000 2.49519710
0.28640000 2.43277082
0.28680000 2.37080544
0.28720000 2.30933424
0.28760000 2.24838495
0.28800000 2.18798018
0.28840000 2.12813802
0.28880000 2.06887264
0.28920000 2.01019499
0.28960000 1.95211359
0.29000000 1.89463529
0.29040000 1.83776612
0.29080000 1.78151203
0.29120000 1.72587972
0.29160000 1.67087728
0.29200000 1.61651490
0.29240000 1.56280540
0.29280000 1.50976468
0.29320000 1.45741213
0.29360000 1.40577082
0.29400000 1.35486765
0.29440000 1.30473331
0.29480000 1.25540220
0.29520000 1.20691213
0.29560000 1.15930396
0.29600000 1.11262118
0.29640000 1.06690928
0.29680000 1.02221512
0.29720000 0.97858624
0.29760000 0.93607007
0.29800000 0.89471312
0.29840000 0.85456021
0.29880000 0.81565361
0.29920000 0.77803227
0.29960000 0.74173107
0.30000000 0.70678010
0.30040000 0.67320403
0.30080000 0.64102156
0.30120000 0.61024498
0.30160000 0.58087974
0.30200000 0.55292429
0.30240000 0.52636986
0.30280000 0.50120048
0.30320000 0.47739304
0.30360000 0.45491753
0.30400000 0.43373732
0.30440000 0.41380956
0.30480000 0.39508573
0.30520000 0.37751215
0.30560000 0.36103073
0.30600000 0.34557960
0.30640000 0.33109392
0.30680000 0.31750663
0.30720000 0.30474930
0.30760000 0.29275288
0.30800000 0.28144855
0.30840000 0.27076845
0.30880000 0.26064642
0.30920000 0.25101870
0.30960000 0.24182451
0.31000000 0.23300666
0.31040000 0.22451200
0.31080000 0.21629182
0.31120000 0.20830216
0.31160000 0.20050408
0.31200000 0.19286376
0.31240000 0.18535257
0.31280000 0.17794709
0.31320000 0.17062894
0.31360000 0.16338466
0.31400000 0.15620545
0.31440000 0.14908686
0.31480000 0.14202848
0.31520000 0.13503349
0.31560000 0.12810829
0.31600000 0.12126202
0.31640000 0.11450608
0.31680000 0.10785371
0.31720000 0.10131945
0.31760000 0.09491877
0.31800000 0.08866754
0.31840000 0.08258167
0.31880000 0.07667671
0.31920000 0.07096748
0.31960000 0.06546778
0.32000000 0.06019012
0.32040000 0.05514547
0.32080000 0.05034311
0.32120000 0.04579047
0.32160000 0.04149304
0.32200000 0.03745432
0.32240000 0.03367584
0.32280000 0.03015715
0.32320000 0.02689591
0.32360000 0.02388797
0.32400000 0.02112749
0.32440000 0.01860713
0.32480000 0.01631813
0.32520000 0.01425055
0.32560000 0.01239345
0.32600000 0.01073506
0.32640000 0.00926296
0.32680000 0.00796430
0.32720000 0.00682599
0.32760000 0.00583482
0.32800000 0.00497769
0.32840000 0.00424169
0.32880000 0.00361430
0.32920000 0.00308347
0.32960000 0.00263771
0.33000000 0.00226621
0.33040000 0.00195888
0.33080000 0.00170639
0.33120000 0.00150022
0.33160000 0.00133266
0.33200000 0.00119685
0.33240000 0.00108668
0.33280000 0.00099688
0.33320000 0.00092287
0.33360000 0.00086083
0.33400000 0.00080756
0.33440000 0.00076046
0.33480000 0.00071750
0.33520000 0.00067711
0.33560000 0.00063814
0.33600000 0.00059984
0.33640000 0.00056172
0.33680000 0.00052356
0.33720000 0.00048534
0.33760000 0.00044720
0.33800000 0.00040936
0.33840000 0.00037213
0.33880000 0.00033585
0.33920000 0.00030089
0.33960000 0.00026756
0.34000000 0.00023617
0.34040000 0.00020699
0.34080000 0.00018022
0.34120000 0.00015599
0.34160000 0.00013440
0.34200000 0.00011545
0.34240000 0.00009912
0.34280000 0.00008531
0.34320000 0.00007388
0.34360000 0.00006466
0.34400000 0.00005745
0.34440000 0.00005200
0.34480000 0.00004809
0.34520000 0.00004546
0.34560000 0.00004386
0.34600000 0.00004307
0.34640000 0.00004286
0.34680000 0.00004302
0.34720000 0.00004337
0.34760000 0.00004376
0.34800000 0.00004405
0.34840000 0.00004413
0.34880000 0.00004394
0.34920000 0.00004342
0.34960000 0.00004254
0.35000000 0.00004130
