0.15000000 0.00027063
0.15040000 0.00028773
0.15080000 0.00030498
0.15120000 0.00032261
0.15160000 0.00034089
0.15200000 0.00036022
0.15240000 0.00038105
0.15280000 0.00040390
0.15320000 0.00042936
0.15360000 0.00045804
0.15400000 0.00049059
0.15440000 0.00052764
0.15480000 0.00056981
0.15520000 0.00061766
0.15560000 0.00067169
0.15600000 0.00073230
0.15640000 0.00079980
0.15680000 0.00087439
0.15720000 0.00095614
0.15760000 0.00104502
0.15800000 0.00114087
0.15840000 0.00124349
0.15880000 0.00135257
0.15920000 0.00146781
0.15960000 0.00158888
0.16000000 0.00171555
0.16040000 0.00184763
0.16080000 0.00198511
0.16120000 0.00212814
0.16160000 0.00227710
0.16200000 0.00243264
0.16240000 0.00259566
0.16280000 0.00276739
0.16320000 0.00294933
0.16360000 0.00314330
0.16400000 0.00335136
0.16440000 0.00357583
0.16480000 0.00381919
0.16520000 0.00408405
0.16560000 0.00437310
0.16600000 0.00468899
0.16640000 0.00503429
0.16680000 0.00541140
0.16720000 0.00582250
0.16760000 0.00626945
0.16800000 0.00675381
0.16840000 0.00727674
0.16880000 0.00783902
0.16920000 0.00844109
0.16960000 0.00908301
0.17000000 0.00976460
0.17040000 0.01048545
0.17080000 0.01124505
0.17120000 0.01204289
0.17160000 0.01287859
0.17200000 0.01375204
0.17240000 0.01466348
0.17280000 0.01561369
0.17320000 0.01660404
0.17360000 0.01763663
0.17400000 0.01871429
0.17440000 0.01984068
0.17480000 0.02102023
0.17520000 0.02225814
0.17560000 0.02356030
0.17600000 0.02493312
0.17640000 0.02638349
0.17680000 0.02791852
0.17720000 0.02954536
0.17760000 0.03127104
0.17800000 0.03310224
0.17840000 0.03504508
0.17880000 0.03710496
0.17920000 0.03928642
0.17960000 0.04159304
0.18000000 0.04402736
0.18040000 0.04659094
0.18080000 0.04928436
0.18120000 0.05210740
0.18160000 0.05505921
0.18200000 0.05813859
0.18240000 0.06134423
0.18280000 0.06467511
0.18320000 0.06813084
0.18360000 0.07171203
0.18400000 0.07542067
0.18440000 0.07926046
0.18480000 0.08323714
0.18520000 0.08735869
0.18560000 0.09163556
0.18600000 0.09608068
0.18640000 0.10070951
0.18680000 0.10553987
0.18720000 0.11059181
0.18760000 0.11588720
0.18800000 0.12144943
0.18840000 0.12730292
0.18880000 0.13347261
0.18920000 0.13998342
0.18960000 0.14685973
0.19000000 0.15412488
0.19040000 0.16180068
0.19080000 0.16990707
0.19120000 0.17846183
0.19160000 0.18748042
0.19200000 0.19697598
0.19240000 0.20695945
0.19280000 0.21743982
0.19320000 0.22842456
0.19360000 0.23992014
0.19400000 0.25193264
0.19440000 0.26446844
0.19480000 0.27753494
0.19520000 0.29114128
0.19560000 0.30529899
0.19600000 0.32002254
0.19640000 0.33532978
0.19680000 0.35124217
0.19720000 0.36778484
0.19760000 0.38498635
0.19800000 0.40287825
0.19840000 0.42149437
0.19880000 0.44086991
0.19920000 0.46104019
0.19960000 0.48203933
0.20000000 0.50389874
0.20040000 0.52664550
0.20080000 0.55030075
0.20120000 0.57487811
0.20160000 0.60038226
0.20200000 0.62680763
0.20240000 0.65413746
0.20280000 0.68234314
0.20320000 0.71138390
0.20360000 0.74120698
0.20400000 0.77174821
0.20440000 0.80293305
0.20480000 0.83467805
0.20520000 0.86689272
0.20560000 0.89948172
0.20600000 0.93234734
0.20640000 0.96539218
0.20680000 0.99852185
0.20720000 1.03164773
0.20760000 1.06468953
0.20800000 1.09757765
0.20840000 1.13025512
0.20880000 1.16267922
0.20920000 1.19482247
0.20960000 1.22667311
0.21000000 1.25823498
0.21040000 1.28952680
0.21080000 1.32058084
0.21120000 1.35144110
0.21160000 1.38216107
0.21200000 1.41280107
0.21240000 1.44342544
0.21280000 1.47409965
0.21320000 1.50488745
0.21360000 1.53584822
0.21400000 1.56703480
0.21440000 1.59849164
0.21480000 1.63025373
0.21520000 1.66234610
0.21560000 1.69478417
0.21600000 1.72757477
0.21640000 1.76071800
0.21680000 1.79420973
0.21720000 1.82804467
0.21760000 1.86221991
0.21800000 1.89673875
0.21840000 1.93161451
0.21880000 1.96687433
0.21920000 2.00256245
0.21960000 2.03874295
0.22000000 2.07550169
0.22040000 2.11294711
0.22080000 2.15120996
0.22120000 2.19044164
0.22160000 2.23081111
0.22200000 2.27250050
0.22240000 2.31569922
0.22280000 2.36059684
0.22320000 2.40737492
0.22360000 2.45619787
0.22400000 2.50720328
0.22440000 2.56049193
0.22480000 2.61611788
0.22520000 2.67407905
0.22560000 2.73430863
0.22600000 2.79666770
0.22640000 2.86093945
0.22680000 2.92682532
0.22720000 2.99394328
0.22760000 3.06182854
0.22800000 3.12993672
0.22840000 3.19764963
0.22880000 3.26428350
0.22920000 3.32909972
0.22960000 3.39131763
0.23000000 3.45012930
0.23040000 3.50471575
0.23080000 3.55426430
0.23120000 3.59798644
0.23160000 3.63513587
0.23200000 3.66502603
0.23240000 3.68704663
0.23280000 3.70067875
0.23320000 3.70550790
0.23360000 3.70123486
0.23400000 3.68768361
0.23440000 3.66480653
0.23480000 3.63268627
0.23520000 3.59153461
0.23560000 3.54168808
0.23600000 3.48360063
0.23640000 3.41783348
0.23680000 3.34504258
0.23720000 3.26596398
0.23760000 3.18139760
0.23800000 3.09218994
0.23840000 2.99921613
0.23880000 2.90336197
0.23920000 2.80550648
0.23960000 2.70650528
0.24000000 2.60717549
0.24040000 2.50828231
0.24080000 2.41052773
0.24120000 2.31454151
0.24160000 2.22087466
0.24200000 2.12999534
0.24240000 2.04228730
0.24280000 1.95805064
0.24320000 1.87750472
0.24360000 1.80079298
0.24400000 1.72798933
0.24440000 1.65910586
0.24480000 1.59410134
0.24520000 1.53289025
0.24560000 1.47535204
0.24600000 1.42134004
0.24640000 1.37068994
0.24680000 1.32322749
0.24720000 1.27877516
0.24760000 1.23715769
0.24800000 1.19820636
0.24840000 1.16176203
0.24880000 1.12767686
0.24920000 1.09581496
0.24960000 1.06605195
0.25000000 1.03827361
0.25040000 1.01237397
0.25080000 0.98825286
0.25120000 0.96581319
0.25160000 0.94495832
0.25200000 0.92558947
0.25240000 0.90760362
0.25280000 0.89089175
0.25320000 0.87533782
0.25360000 0.86081833
0.25400000 0.84720269
0.25440000 0.83435412
0.25480000 0.82213133
0.25520000 0.81039072
0.25560000 0.79898893
0.25600000 0.78778583
0.25640000 0.77664755
0.25680000 0.76544957
0.25720000 0.75407963
0.25760000 0.74244038
0.25800000 0.73045154
0.25840000 0.71805160
0.25880000 0.70519885
0.25920000 0.69187182
0.25960000 0.67806903
0.26000000 0.66380800
0.26040000 0.64912379
0.26080000 0.63406690
0.26120000 0.61870073
0.26160000 0.60309871
0.26200000 0.58734125
0.26240000 0.57151255
0.26280000 0.55569745
0.26320000 0.53997848
0.26360000 0.52443316
0.26400000 0.50913168
0.26440000 0.49413494
0.26480000 0.47949324
0.26520000 0.46524533
0.26560000 0.45141812
0.26600000 0.43802677
0.26640000 0.42507535
0.26680000 0.41255788
0.26720000 0.40045968
0.26760000 0.38875900
0.26800000 0.37742882
0.26840000 0.36643868
0.26880000 0.35575656
0.26920000 0.34535057
0.26960000 0.33519058
0.27000000 0.32524949
0.27040000 0.31550432
0.27080000 0.30593696
0.27120000 0.29653456
0.27160000 0.28728970
0.27200000 0.27820017
0.27240000 0.26926850
0.27280000 0.26050135
0.27320000 0.25190862
0.27360000 0.24350251
0.27400000 0.23529653
0.27440000 0.22730446
0.27480000 0.21953939
0.27520000 0.21201288
0.27560000 0.20473425
0.27600000 0.19770998
0.27640000 0.19094340
0.27680000 0.18443444
0.27720000 0.17817973
0.27760000 0.17217269
0.27800000 0.16640397
0.27840000 0.16086183
0.27880000 0.15553275
0.27920000 0.15040207
0.27960000 0.14545459
0.28000000 0.14067519
0.28040000 0.13604948
0.28080000 0.13156424
0.28120000 0.12720788
0.28160000 0.12297070
0.28200000 0.11884510
0.28240000 0.11482564
0.28280000 0.11090896
0.28320000 0.10709360
0.28360000 0.10337979
0.28400000 0.09976909
0.28440000 0.09626403
0.28480000 0.09286768
0.28520000 0.08958328
0.28560000 0.08641387
0.28600000 0.08336192
0.28640000 0.08042906
0.28680000 0.07761589
0.28720000 0.07492184
0.28760000 0.07234509
0.28800000 0.06988264
0.28840000 0.06753038
0.28880000 0.06528323
0.28920000 0.06313542
0.28960000 0.06108066
0.29000000 0.05911243
0.29040000 0.05722428
0.29080000 0.05541002
0.29120000 0.05366400
0.29160000 0.05198130
0.29200000 0.05035783
0.29240000 0.04879047
0.29280000 0.04727707
0.29320000 0.04581647
0.29360000 0.04440839
0.29400000 0.04305333
0.29440000 0.04175244
0.29480000 0.04050730
0.29520000 0.03931975
0.29560000 0.03819172
0.29600000 0.03712497
0.29640000 0.03612097
0.29680000 0.03518071
0.29720000 0.03430461
0.29760000 0.03349244
0.29800000 0.03274323
0.29840000 0.03205532
0.29880000 0.03142634
0.29920000 0.03085334
0.29960000 0.03033282
0.30000000 0.02986091
0.30040000 0.02943346
0.30080000 0.02904621
0.30120000 0.02869492
0.30160000 0.02837552
0.30200000 0.02808422
0.30240000 0.02781764
0.30280000 0.02757288
0.30320000 0.02734761
0.30360000 0.02714006
0.30400000 0.02694911
0.30440000 0.02677419
0.30480000 0.02661533
0.30520000 0.02647308
0.30560000 0.02634844
0.30600000 0.02624278
0.30640000 0.02615782
0.30680000 0.02609548
0.30720000 0.02605782
0.30760000 0.02604698
0.30800000 0.02606506
0.30840000 0.02611410
0.30880000 0.02619599
0.30920000 0.02631238
0.30960000 0.02646469
0.31000000 0.02665398
0.31040000 0.02688098
0.31080000 0.02714596
0.31120000 0.02744876
0.31160000 0.02778869
0.31200000 0.02816451
0.31240000 0.02857437
0.31280000 0.02901577
0.31320000 0.02948553
0.31360000 0.02997977
0.31400000 0.03049385
0.31440000 0.03102240
0.31480000 0.03155931
0.31520000 0.03209775
0.31560000 0.03263022
0.31600000 0.03314863
0.31640000 0.03364437
0.31680000 0.03410847
0.31720000 0.03453166
0.31760000 0.03490462
0.31800000 0.03521811
0.31840000 0.03546316
0.31880000 0.03563131
0.31920000 0.03571475
0.31960000 0.03570662
0.32000000 0.03560108
0.32040000 0.03539360
0.32080000 0.03508103
0.32120000 0.03466177
0.32160000 0.03413582
0.32200000 0.03350488
0.32240000 0.03277229
0.32280000 0.03194304
0.32320000 0.03102370
0.32360000 0.03002225
0.32400000 0.02894796
0.32440000 0.02781118
0.32480000 0.02662313
0.32520000 0.02539562
0.32560000 0.02414085
0.32600000 0.02287107
0.32640000 0.02159839
0.32680000 0.02033445
0.32720000 0.01909027
0.32760000 0.01787594
0.32800000 0.01670050
0.32840000 0.01557179
0.32880000 0.01449631
0.32920000 0.01347916
0.32960000 0.01252404
0.33000000 0.01163322
0.33040000 0.01080763
0.33080000 0.01004691
0.33120000 0.00934956
0.33160000 0.00871307
0.33200000 0.00813406
0.33240000 0.00760850
0.33280000 0.00713185
0.33320000 0.00669923
0.33360000 0.00630567
0.33400000 0.00594617
0.33440000 0.00561593
0.33480000 0.00531042
0.33520000 0.00502554
0.33560000 0.00475764
0.33600000 0.00450359
0.33640000 0.00426086
0.33680000 0.00402744
0.33720000 0.00380188
0.33760000 0.00358325
0.33800000 0.00337106
0.33840000 0.00316520
0.33880000 0.00296591
0.33920000 0.00277363
0.33960000 0.00258897
0.34000000 0.00241263
0.34040000 0.00224531
0.34080000 0.00208765
0.34120000 0.00194019
0.34160000 0.00180332
0.34200000 0.00167724
0.34240000 0.00156197
0.34280000 0.00145731
0.34320000 0.00136287
0.34360000 0.00127808
0.34400000 0.00120222
0.34440000 0.00113444
0.34480000 0.00107379
0.34520000 0.00101927
0.34560000 0.00096988
0.34600000 0.00092463
0.34640000 0.00088256
0.34680000 0.00084282
0.34720000 0.00080466
0.34760000 0.00076744
0.34800000 0.00073066
0.34840000 0.00069397
0.34880000 0.00065714
0.34920000 0.00062007
0.34960000 0.00058278
0.35000000 0.00054540
