0.15000000 0.00028035
0.15040000 0.00029440
0.15080000 0.00030885
0.15120000 0.00032390
0.15160000 0.00033982
0.15200000 0.00035691
0.15240000 0.00037553
0.15280000 0.00039608
0.15320000 0.00041900
0.15360000 0.00044478
0.15400000 0.00047392
0.15440000 0.00050698
0.15480000 0.00054451
0.15520000 0.00058710
0.15560000 0.00063531
0.15600000 0.00068974
0.15640000 0.00075093
0.15680000 0.00081944
0.15720000 0.00089577
0.15760000 0.00098040
0.15800000 0.00107375
0.15840000 0.00117620
0.15880000 0.00128808
0.15920000 0.00140966
0.15960000 0.00154115
0.16000000 0.00168271
0.16040000 0.00183445
0.16080000 0.00199644
0.16120000 0.00216872
0.16160000 0.00235131
0.16200000 0.00254423
0.16240000 0.00274752
0.16280000 0.00296123
0.16320000 0.00318550
0.16360000 0.00342051
0.16400000 0.00366656
0.16440000 0.00392407
0.16480000 0.00419360
0.16520000 0.00447590
0.16560000 0.00477188
0.16600000 0.00508267
0.16640000 0.00540962
0.16680000 0.00575431
0.16720000 0.00611858
0.16760000 0.00650450
0.16800000 0.00691437
0.16840000 0.00735076
0.16880000 0.00781642
0.16920000 0.00831435
0.16960000 0.00884770
0.17000000 0.00941980
0.17040000 0.01003407
0.17080000 0.01069404
0.17120000 0.01140327
0.17160000 0.01216534
0.17200000 0.01298375
0.17240000 0.01386196
0.17280000 0.01480325
0.17320000 0.01581077
0.17360000 0.01688744
0.17400000 0.01803594
0.17440000 0.01925870
0.17480000 0.02055783
0.17520000 0.02193519
0.17560000 0.02339231
0.17600000 0.02493047
0.17640000 0.02655066
0.17680000 0.02825366
0.17720000 0.03004009
0.17760000 0.03191040
0.17800000 0.03386504
0.17840000 0.03590444
0.17880000 0.03802917
0.17920000 0.04024000
0.17960000 0.04253799
0.18000000 0.04492462
0.18040000 0.04740190
0.18080000 0.04997245
0.18120000 0.05263960
0.18160000 0.05540752
0.18200000 0.05828125
0.18240000 0.06126686
0.18280000 0.06437142
0.18320000 0.06760310
0.18360000 0.07097122
0.18400000 0.07448618
0.18440000 0.07815956
0.18480000 0.08200399
0.18520000 0.08603318
0.18560000 0.09026180
0.18600000 0.09470543
0.18640000 0.09938040
0.18680000 0.10430374
0.18720000 0.10949300
0.18760000 0.11496612
0.18800000 0.12074127
0.18840000 0.12683671
0.18880000 0.13327063
0.18920000 0.14006102
0.18960000 0.14722550
0.19000000 0.15478125
0.19040000 0.16274485
0.19080000 0.17113221
0.19120000 0.17995854
0.19160000 0.18923828
0.19200000 0.19898509
0.19240000 0.20921190
0.19280000 0.21993093
0.19320000 0.23115381
0.19360000 0.24289161
0.19400000 0.25515504
0.19440000 0.26795455
0.19480000 0.28130051
0.19520000 0.29520338
0.19560000 0.30967386
0.19600000 0.32472309
0.19640000 0.34036277
0.19680000 0.35660534
0.19720000 0.37346405
0.19760000 0.39095308
0.19800000 0.40908754
0.19840000 0.42788351
0.19880000 0.44735792
0.19920000 0.46752850
0.19960000 0.48841355
0.20000000 0.51003174
0.20040000 0.53240182
0.20080000 0.55554225
0.20120000 0.57947079
0.20160000 0.60420407
0.20200000 0.62975708
0.20240000 0.65614265
0.20280000 0.68337089
0.20320000 0.71144865
0.20360000 0.74037899
0.20400000 0.77016062
0.20440000 0.80078745
0.20480000 0.83224814
0.20520000 0.86452576
0.20560000 0.89759749
0.20600000 0.93143449
0.20640000 0.96600181
0.20680000 1.00125851
0.20720000 1.03715784
0.20760000 1.07364762
0.20800000 1.11067073
0.20840000 1.14816582
0.20880000 1.18606806
0.20920000 1.22431015
0.20960000 1.26282339
0.21000000 1.30153887
0.21040000 1.34038879
0.21080000 1.37930787
0.21120000 1.41823475
0.21160000 1.45711349
0.21200000 1.49589503
0.21240000 1.53453861
0.21280000 1.57301316
0.21320000 1.61129851
0.21360000 1.64938652
0.21400000 1.68728204
0.21440000 1.72500361
0.21480000 1.76258397
0.21520000 1.80007028
0.21560000 1.83752407
0.21600000 1.87502081
0.21640000 1.91264930
0.21680000 1.95051056
0.21720000 1.98871655
0.21760000 2.02738839
0.21800000 2.06665444
0.21840000 2.10664796
0.21880000 2.14750453
0.21920000 2.18935928
0.21960000 2.23234386
0.22000000 2.27658326
0.22040000 2.32219261
0.22080000 2.36927382
0.22120000 2.41791231
0.22160000 2.46817376
0.22200000 2.52010108
0.22240000 2.57371149
0.22280000 2.62899387
0.22320000 2.68590654
0.22360000 2.74437525
0.22400000 2.80429177
0.22440000 2.86551282
0.22480000 2.92785960
0.22520000 2.99111786
0.22560000 3.05503847
0.22600000 3.11933869
0.22640000 3.18370392
0.22680000 3.24779006
0.22720000 3.31122650
0.22760000 3.37361951
0.22800000 3.43455623
0.22840000 3.49360905
0.22880000 3.55034041
0.22920000 3.60430790
0.22960000 3.65506957
0.23000000 3.70218951
0.23040000 3.74524337
0.23080000 3.78382402
0.23120000 3.81754702
0.23160000 3.84605595
0.23200000 3.86902745
0.23240000 3.88617593
0.23280000 3.89725785
0.23320000 3.90207546
0.23360000 3.90048001
0.23400000 3.89237433
0.23440000 3.87771472
0.23480000 3.85651214
0.23520000 3.82883267
0.23560000 3.79479726
0.23600000 3.75458065
0.23640000 3.70840967
0.23680000 3.65656080
0.23720000 3.59935696
0.23760000 3.53716390
0.23800000 3.47038580
0.23840000 3.39946053
0.23880000 3.32485442
0.23920000 3.24705673
0.23960000 3.16657387
0.24000000 3.08392340
0.24040000 2.99962807
0.24080000 2.91420978
0.24120000 2.82818369
0.24160000 2.74205260
0.24200000 2.65630148
0.24240000 2.57139249
0.24280000 2.48776032
0.24320000 2.40580813
0.24360000 2.32590393
0.24400000 2.24837759
0.24440000 2.17351848
0.24480000 2.10157372
0.24520000 2.03274702
0.24560000 1.96719828
0.24600000 1.90504371
0.24640000 1.84635657
0.24680000 1.79116851
0.24720000 1.73947145
0.24760000 1.69121983
0.24800000 1.64633345
0.24840000 1.60470054
0.24880000 1.56618115
0.24920000 1.53061086
0.24960000 1.49780450
0.25000000 1.46756013
0.25040000 1.43966292
0.25080000 1.41388903
0.25120000 1.39000943
0.25160000 1.36779352
0.25200000 1.34701255
0.25240000 1.32744280
0.25280000 1.30886846
0.25320000 1.29108423
0.25360000 1.27389748
0.25400000 1.25713017
0.25440000 1.24062031
0.25480000 1.22422309
0.25520000 1.20781164
0.25560000 1.19127742
0.25600000 1.17453032
0.25640000 1.15749839
0.25680000 1.14012728
0.25720000 1.12237954
0.25760000 1.10423350
0.25800000 1.08568216
0.25840000 1.06673180
0.25880000 1.04740055
0.25920000 1.02771680
0.25960000 1.00771769
0.26000000 0.98744744
0.26040000 0.96695587
0.26080000 0.94629680
0.26120000 0.92552667
0.26160000 0.90470315
0.26200000 0.88388391
0.26240000 0.86312555
0.26280000 0.84248258
0.26320000 0.82200662
0.26360000 0.80174571
0.26400000 0.78174377
0.26440000 0.76204022
0.26480000 0.74266969
0.26520000 0.72366190
0.26560000 0.70504166
0.26600000 0.68682891
0.26640000 0.66903893
0.26680000 0.65168256
0.26720000 0.63476654
0.26760000 0.61829382
0.26800000 0.60226401
0.26840000 0.58667374
0.26880000 0.57151712
0.26920000 0.55678611
0.26960000 0.54247097
0.27000000 0.52856062
0.27040000 0.51504301
0.27080000 0.50190542
0.27120000 0.48913479
0.27160000 0.47671793
0.27200000 0.46464177
0.27240000 0.45289350
0.27280000 0.44146072
0.27320000 0.43033156
0.27360000 0.41949471
0.27400000 0.40893947
0.27440000 0.39865581
0.27480000 0.38863429
0.27520000 0.37886607
0.27560000 0.36934290
0.27600000 0.36005702
0.27640000 0.35100114
0.27680000 0.34216839
0.27720000 0.33355225
0.27760000 0.32514650
0.27800000 0.31694520
0.27840000 0.30894261
0.27880000 0.30113320
0.27920000 0.29351158
0.27960000 0.28607253
0.28000000 0.27881095
0.28040000 0.27172190
0.28080000 0.26480056
0.28120000 0.25804226
0.28160000 0.25144251
0.28200000 0.24499699
0.28240000 0.23870157
0.28280000 0.23255237
0.28320000 0.22654572
0.28360000 0.22067824
0.28400000 0.21494683
0.28440000 0.20934867
0.28480000 0.20388131
0.28520000 0.19854258
0.28560000 0.19333070
0.28600000 0.18824423
0.28640000 0.18328209
0.28680000 0.17844359
0.28720000 0.17372838
0.28760000 0.16913652
0.28800000 0.16466840
0.28840000 0.16032481
0.28880000 0.15610688
0.28920000 0.15201607
0.28960000 0.14805419
0.29000000 0.14422334
0.29040000 0.14052595
0.29080000 0.13696467
0.29120000 0.13354241
0.29160000 0.13026226
0.29200000 0.12712748
0.29240000 0.12414143
0.29280000 0.12130754
0.29320000 0.11862922
0.29360000 0.11610982
0.29400000 0.11375256
0.29440000 0.11156042
0.29480000 0.10953612
0.29520000 0.10768197
0.29560000 0.10599983
0.29600000 0.10449101
0.29640000 0.10315617
0.29680000 0.10199524
0.29720000 0.10100736
0.29760000 0.10019076
0.29800000 0.09954271
0.29840000 0.09905948
0.29880000 0.09873624
0.29920000 0.09856708
0.29960000 0.09854494
0.30000000 0.09866163
0.30040000 0.09890780
0.30080000 0.09927301
0.30120000 0.09974577
0.30160000 0.10031356
0.30200000 0.10096295
0.30240000 0.10167968
0.30280000 0.10244878
0.30320000 0.10325469
0.30360000 0.10408142
0.30400000 0.10491270
0.30440000 0.10573213
0.30480000 0.10652337
0.30520000 0.10727029
0.30560000 0.10795718
0.30600000 0.10856891
0.30640000 0.10909109
0.30680000 0.10951025
0.30720000 0.10981398
0.30760000 0.10999109
0.30800000 0.11003170
0.30840000 0.10992739
0.30880000 0.10967125
0.30920000 0.10925797
0.30960000 0.10868387
0.31000000 0.10794693
0.31040000 0.10704677
0.31080000 0.10598467
0.31120000 0.10476346
0.31160000 0.10338750
0.31200000 0.10186258
0.31240000 0.10019579
0.31280000 0.09839542
0.31320000 0.09647083
0.31360000 0.09443226
0.31400000 0.09229074
0.31440000 0.09005785
0.31480000 0.08774563
0.31520000 0.08536633
0.31560000 0.08293233
0.31600000 0.08045594
0.31640000 0.07794924
0.31680000 0.07542397
0.31720000 0.07289137
0.31760000 0.07036210
0.31800000 0.06784613
0.31840000 0.06535263
0.31880000 0.06288993
0.31920000 0.06046548
0.31960000 0.05808580
0.32000000 0.05575647
0.32040000 0.05348214
0.32080000 0.05126652
0.32120000 0.04911247
0.32160000 0.04702196
0.32200000 0.04499622
0.32240000 0.04303572
0.32280000 0.04114030
0.32320000 0.03930921
0.32360000 0.03754122
0.32400000 0.03583471
0.32440000 0.03418770
0.32480000 0.03259799
0.32520000 0.03106323
0.32560000 0.02958096
0.32600000 0.02814873
0.32640000 0.02676410
0.32680000 0.02542476
0.32720000 0.02412854
0.32760000 0.02287344
0.32800000 0.02165770
0.32840000 0.02047977
0.32880000 0.01933835
0.32920000 0.01823240
0.32960000 0.01716112
0.33000000 0.01612394
0.33040000 0.01512052
0.33080000 0.01415071
0.33120000 0.01321453
0.33160000 0.01231214
0.33200000 0.01144382
0.33240000 0.01060990
0.33280000 0.00981079
0.33320000 0.00904687
0.33360000 0.00831852
0.33400000 0.00762608
0.33440000 0.00696978
0.33480000 0.00634976
0.33520000 0.00576605
0.33560000 0.00521853
0.33600000 0.00470692
0.33640000 0.00423079
0.33680000 0.00378954
0.33720000 0.00338242
0.33760000 0.00300851
0.33800000 0.00266674
0.33840000 0.00235588
0.33880000 0.00207461
0.33920000 0.00182147
0.33960000 0.00159490
0.34000000 0.00139328
0.34040000 0.00121493
0.34080000 0.00105812
0.34120000 0.00092113
0.34160000 0.00080221
0.34200000 0.00069965
0.34240000 0.00061177
0.34280000 0.00053697
0.34320000 0.00047368
0.34360000 0.00042043
0.34400000 0.00037585
0.34440000 0.00033866
0.34480000 0.00030769
0.34520000 0.00028186
0.34560000 0.00026023
0.34600000 0.00024196
0.34640000 0.00022631
0.34680000 0.00021265
0.34720000 0.00020046
0.34760000 0.00018931
0.34800000 0.00017885
0.34840000 0.00016882
0.34880000 0.00015903
0.34920000 0.00014934
0.34960000 0.00013967
0.35000000 0.00013001
