0.15000000 0.00026300
0.15040000 0.00028036
0.15080000 0.00029827
0.15120000 0.00031694
0.15160000 0.00033666
0.15200000 0.00035776
0.15240000 0.00038067
0.15280000 0.00040582
0.15320000 0.00043371
0.15360000 0.00046486
0.15400000 0.00049979
0.15440000 0.00053903
0.15480000 0.00058307
0.15520000 0.00063236
0.15560000 0.00068731
0.15600000 0.00074825
0.15640000 0.00081544
0.15680000 0.00088904
0.15720000 0.00096915
0.15760000 0.00105578
0.15800000 0.00114887
0.15840000 0.00124832
0.15880000 0.00135399
0.15920000 0.00146574
0.15960000 0.00158348
0.16000000 0.00170715
0.16040000 0.00183680
0.16080000 0.00197261
0.16120000 0.00211493
0.16160000 0.00226430
0.16200000 0.00242145
0.16240000 0.00258737
0.16280000 0.00276328
0.16320000 0.00295063
0.16360000 0.00315110
0.16400000 0.00336657
0.16440000 0.00359908
0.16480000 0.00385083
0.16520000 0.00412406
0.16560000 0.00442108
0.16600000 0.00474413
0.16640000 0.00509540
0.16680000 0.00547691
0.16720000 0.00589051
0.16760000 0.00633780
0.16800000 0.00682014
0.16840000 0.00733858
0.16880000 0.00789392
0.16920000 0.00848670
0.16960000 0.00911722
0.17000000 0.00978560
0.17040000 0.01049187
0.17080000 0.01123602
0.17120000 0.01201810
0.17160000 0.01283834
0.17200000 0.01369721
0.17240000 0.01459556
0.17280000 0.01553466
0.17320000 0.01651634
0.17360000 0.01754299
0.17400000 0.01861763
0.17440000 0.01974392
0.17480000 0.02092613
0.17520000 0.02216911
0.17560000 0.02347822
0.17600000 0.02485920
0.17640000 0.02631808
0.17680000 0.02786105
0.17720000 0.02949426
0.17760000 0.03122371
0.17800000 0.03305505
0.17840000 0.03499348
0.17880000 0.03704361
0.17920000 0.03920937
0.17960000 0.04149393
0.18000000 0.04389974
0.18040000 0.04642850
0.18080000 0.04908127
0.18120000 0.05185863
0.18160000 0.05476079
0.18200000 0.05778787
0.18240000 0.06094015
0.18280000 0.06421831
0.18320000 0.06762378
0.18360000 0.07115899
0.18400000 0.07482771
0.18440000 0.07863524
0.18480000 0.08258868
0.18520000 0.08669711
0.18560000 0.09097162
0.18600000 0.09542542
0.18640000 0.10007374
0.18680000 0.10493372
0.18720000 0.11002423
0.18760000 0.11536557
0.18800000 0.12097913
0.18840000 0.12688704
0.18880000 0.13311175
0.18920000 0.13967557
0.18960000 0.14660032
0.19000000 0.15390691
0.19040000 0.16161502
0.19080000 0.16974283
0.19120000 0.17830690
0.19160000 0.18732204
0.19200000 0.19680142
0.19240000 0.20675666
0.19280000 0.21719817
0.19320000 0.22813548
0.19360000 0.23957770
0.19400000 0.25153402
0.19440000 0.26401434
0.19480000 0.27702973
0.19520000 0.29059305
0.19560000 0.30471937
0.19600000 0.31942636
0.19640000 0.33473455
0.19680000 0.35066737
0.19720000 0.36725109
0.19760000 0.38451451
0.19800000 0.40248842
0.19840000 0.42120495
0.19880000 0.44069660
0.19920000 0.46099522
0.19960000 0.48213076
0.20000000 0.50413000
0.20040000 0.52701517
0.20080000 0.55080266
0.20120000 0.57550170
0.20160000 0.60111327
0.20200000 0.62762913
0.20240000 0.65503114
0.20280000 0.68329088
0.20320000 0.71236953
0.20360000 0.74221822
0.20400000 0.77277863
0.20440000 0.80398408
0.20480000 0.83576083
0.20520000 0.86802980
0.20560000 0.90070849
0.20600000 0.93371313
0.20640000 0.96696086
0.20680000 1.00037210
0.20720000 1.03387266
0.20760000 1.06739586
0.20800000 1.10088436
0.20840000 1.13429163
0.20880000 1.16758310
0.20920000 1.20073682
0.20960000 1.23374365
0.21000000 1.26660701
0.21040000 1.29934210
0.21080000 1.33197464
0.21120000 1.36453932
0.21160000 1.39707781
0.21200000 1.42963665
0.21240000 1.46226491
0.21280000 1.49501198
0.21320000 1.52792533
0.21360000 1.56104866
0.21400000 1.59442030
0.21440000 1.62807209
0.21480000 1.66202886
0.21520000 1.69630838
0.21560000 1.73092207
0.21600000 1.76587620
0.21640000 1.80117373
0.21680000 1.83681669
0.21720000 1.87280887
0.21760000 1.90915883
0.21800000 1.94588303
0.21840000 1.98300887
0.21880000 2.02057742
0.21920000 2.05864579
0.21960000 2.09728877
0.22000000 2.13659969
0.22040000 2.17669028
0.22080000 2.21768944
0.22120000 2.25974083
0.22160000 2.30299930
0.22200000 2.34762601
0.22240000 2.39378254
0.22280000 2.44162392
0.22320000 2.49129085
0.22360000 2.54290135
0.22400000 2.59654199
0.22440000 2.65225917
0.22480000 2.71005062
0.22520000 2.76985757
0.22560000 2.83155786
0.22600000 2.89496030
0.22640000 2.95980070
0.22680000 3.02573967
0.22720000 3.09236247
0.22760000 3.15918114
0.22800000 3.22563878
0.22840000 3.29111620
0.22880000 3.35494077
0.22920000 3.41639725
0.22960000 3.47474052
0.23000000 3.52920976
0.23040000 3.57904383
0.23080000 3.62349738
0.23120000 3.66185728
0.23160000 3.69345883
0.23200000 3.71770135
0.23240000 3.73406267
0.23280000 3.74211201
0.23320000 3.74152096
0.23360000 3.73207210
0.23400000 3.71366514
0.23440000 3.68632016
0.23480000 3.65017814
0.23520000 3.60549847
0.23560000 3.55265371
0.23600000 3.49212167
0.23640000 3.42447513
0.23680000 3.35036936
0.23720000 3.27052809
0.23760000 3.18572800
0.23800000 3.09678258
0.23840000 3.00452549
0.23880000 2.90979416
0.23920000 2.81341389
0.23960000 2.71618309
0.24000000 2.61885977
0.24040000 2.52214989
0.24080000 2.42669765
0.24120000 2.33307788
0.24160000 2.24179082
0.24200000 2.15325902
0.24240000 2.06782665
0.24280000 1.98576071
0.24320000 1.90725433
0.24360000 1.83243156
0.24400000 1.76135363
0.24440000 1.69402620
0.24480000 1.63040730
0.24520000 1.57041567
0.24560000 1.51393909
0.24600000 1.46084247
0.24640000 1.41097533
0.24680000 1.36417862
0.24720000 1.32029046
0.24760000 1.27915088
0.24800000 1.24060545
0.24840000 1.20450765
0.24880000 1.17072026
0.24920000 1.13911562
0.24960000 1.10957510
0.25000000 1.08198776
0.25040000 1.05624851
0.25080000 1.03225593
0.25120000 1.00990993
0.25160000 0.98910946
0.25200000 0.96975045
0.25240000 0.95172410
0.25280000 0.93491569
0.25320000 0.91920399
0.25360000 0.90446122
0.25400000 0.89055377
0.25440000 0.87734341
0.25480000 0.86468913
0.25520000 0.85244948
0.25560000 0.84048509
0.25600000 0.82866164
0.25640000 0.81685269
0.25680000 0.80494256
0.25720000 0.79282897
0.25760000 0.78042534
0.25800000 0.76766260
0.25840000 0.75449050
0.25880000 0.74087831
0.25920000 0.72681487
0.25960000 0.71230801
0.26000000 0.69738334
0.26040000 0.68208250
0.26080000 0.66646092
0.26120000 0.65058519
0.26160000 0.63453013
0.26200000 0.61837579
0.26240000 0.60220430
0.26280000 0.58609695
0.26320000 0.57013137
0.26360000 0.55437906
0.26400000 0.53890334
0.26440000 0.52375773
0.26480000 0.50898483
0.26520000 0.49461574
0.26560000 0.48066997
0.26600000 0.46715585
0.26640000 0.45407139
0.26680000 0.44140545
0.26720000 0.42913933
0.26760000 0.41724841
0.26800000 0.40570405
0.26840000 0.39447541
0.26880000 0.38353129
0.26920000 0.37284173
0.26960000 0.36237952
0.27000000 0.35212131
0.27040000 0.34204857
0.27080000 0.33214805
0.27120000 0.32241204
0.27160000 0.31283830
0.27200000 0.30342960
0.27240000 0.29419314
0.27280000 0.28513967
0.27320000 0.27628248
0.27360000 0.26763637
0.27400000 0.25921649
0.27440000 0.25103733
0.27480000 0.24311169
0.27520000 0.23544987
0.27560000 0.22805899
0.27600000 0.22094252
0.27640000 0.21410003
0.27680000 0.20752714
0.27720000 0.20121571
0.27760000 0.19515416
0.27800000 0.18932801
0.27840000 0.18372053
0.27880000 0.17831347
0.27920000 0.17308780
0.27960000 0.16802456
0.28000000 0.16310551
0.28040000 0.15831388
0.28080000 0.15363492
0.28120000 0.14905627
0.28160000 0.14456836
0.28200000 0.14016446
0.28240000 0.13584073
0.28280000 0.13159605
0.28320000 0.12743173
0.28360000 0.12335118
0.28400000 0.11935936
0.28440000 0.11546235
0.28480000 0.11166678
0.28520000 0.10797931
0.28560000 0.10440611
0.28600000 0.10095248
0.28640000 0.09762245
0.28680000 0.09441854
0.28720000 0.09134161
0.28760000 0.08839081
0.28800000 0.08556362
0.28840000 0.08285600
0.28880000 0.08026262
0.28920000 0.07777717
0.28960000 0.07539268
0.29000000 0.07310188
0.29040000 0.07089757
0.29080000 0.06877299
0.29120000 0.06672209
0.29160000 0.06473981
0.29200000 0.06282226
0.29240000 0.06096687
0.29280000 0.05917235
0.29320000 0.05743875
0.29360000 0.05576727
0.29400000 0.05416013
0.29440000 0.05262032
0.29480000 0.05115133
0.29520000 0.04975687
0.29560000 0.04844056
0.29600000 0.04720565
0.29640000 0.04605478
0.29680000 0.04498970
0.29720000 0.04401116
0.29760000 0.04311875
0.29800000 0.04231087
0.29840000 0.04158475
0.29880000 0.04093649
0.29920000 0.04036123
0.29960000 0.03985332
0.30000000 0.03940653
0.30040000 0.03901434
0.30080000 0.03867012
0.30120000 0.03836749
0.30160000 0.03810050
0.30200000 0.03786389
0.30240000 0.03765325
0.30280000 0.03746520
0.30320000 0.03729745
0.30360000 0.03714887
0.30400000 0.03701942
0.30440000 0.03691016
0.30480000 0.03682302
0.30520000 0.03676074
0.30560000 0.03672659
0.30600000 0.03672417
0.30640000 0.03675720
0.30680000 0.03682919
0.30720000 0.03694327
0.30760000 0.03710194
0.30800000 0.03730685
0.30840000 0.03755867
0.30880000 0.03785691
0.30920000 0.03819990
0.30960000 0.03858468
0.31000000 0.03900707
0.31040000 0.03946167
0.31080000 0.03994198
0.31120000 0.04044054
0.31160000 0.04094903
0.31200000 0.04145853
0.31240000 0.04195965
0.31280000 0.04244279
0.31320000 0.04289831
0.31360000 0.04331675
0.31400000 0.04368903
0.31440000 0.04400661
0.31480000 0.04426164
0.31520000 0.04444713
0.31560000 0.04455701
0.31600000 0.04458623
0.31640000 0.04453079
0.31680000 0.04438782
0.31720000 0.04415551
0.31760000 0.04383317
0.31800000 0.04342112
0.31840000 0.04292068
0.31880000 0.04233412
0.31920000 0.04166454
0.31960000 0.04091584
0.32000000 0.04009258
0.32040000 0.03919995
0.32080000 0.03824367
0.32120000 0.03722988
0.32160000 0.03616507
0.32200000 0.03505602
0.32240000 0.03390966
0.32280000 0.03273309
0.32320000 0.03153339
0.32360000 0.03031765
0.32400000 0.02909283
0.32440000 0.02786572
0.32480000 0.02664286
0.32520000 0.02543049
0.32560000 0.02423448
0.32600000 0.02306028
0.32640000 0.02191285
0.32680000 0.02079663
0.32720000 0.01971551
0.32760000 0.01867277
0.32800000 0.01767111
0.32840000 0.01671256
0.32880000 0.01579856
0.32920000 0.01492994
0.32960000 0.01410692
0.33000000 0.01332917
0.33040000 0.01259585
0.33080000 0.01190567
0.33120000 0.01125691
0.33160000 0.01064756
0.33200000 0.01007530
0.33240000 0.00953764
0.33280000 0.00903199
0.33320000 0.00855567
0.33360000 0.00810607
0.33400000 0.00768062
0.33440000 0.00727692
0.33480000 0.00689272
0.33520000 0.00652601
0.33560000 0.00617503
0.33600000 0.00583826
0.33640000 0.00551446
0.33680000 0.00520265
0.33720000 0.00490209
0.33760000 0.00461229
0.33800000 0.00433295
0.33840000 0.00406394
0.33880000 0.00380527
0.33920000 0.00355704
0.33960000 0.00331942
0.34000000 0.00309262
0.34040000 0.00287682
0.34080000 0.00267220
0.34120000 0.00247885
0.34160000 0.00229680
0.34200000 0.00212601
0.34240000 0.00196630
0.34280000 0.00181743
0.34320000 0.00167906
0.34360000 0.00155074
0.34400000 0.00143199
0.34440000 0.00132221
0.34480000 0.00122081
0.34520000 0.00112715
0.34560000 0.00104057
0.34600000 0.00096045
0.34640000 0.00088616
0.34680000 0.00081713
0.34720000 0.00075284
0.34760000 0.00069280
0.34800000 0.00063661
0.34840000 0.00058393
0.34880000 0.00053447
0.34920000 0.00048801
0.34960000 0.00044438
0.35000000 0.00040347
