0.15000000 0.00027138
0.15040000 0.00028422
0.15080000 0.00029759
0.15120000 0.00031177
0.15160000 0.00032705
0.15200000 0.00034377
0.15240000 0.00036231
0.15280000 0.00038311
0.15320000 0.00040662
0.15360000 0.00043333
0.15400000 0.00046377
0.15440000 0.00049846
0.15480000 0.00053795
0.15520000 0.00058278
0.15560000 0.00063350
0.15600000 0.00069062
0.15640000 0.00075464
0.15680000 0.00082604
0.15720000 0.00090524
0.15760000 0.00099262
0.15800000 0.00108852
0.15840000 0.00119322
0.15880000 0.00130694
0.15920000 0.00142985
0.15960000 0.00156206
0.16000000 0.00170366
0.16040000 0.00185468
0.16080000 0.00201512
0.16120000 0.00218498
0.16160000 0.00236425
0.16200000 0.00255295
0.16240000 0.00275112
0.16280000 0.00295888
0.16320000 0.00317641
0.16360000 0.00340401
0.16400000 0.00364212
0.16440000 0.00389129
0.16480000 0.00415229
0.16520000 0.00442603
0.16560000 0.00471368
0.16600000 0.00501660
0.16640000 0.00533640
0.16680000 0.00567491
0.16720000 0.00603423
0.16760000 0.00641667
0.16800000 0.00682479
0.16840000 0.00726137
0.16880000 0.00772937
0.16920000 0.00823192
0.16960000 0.00877230
0.17000000 0.00935389
0.17040000 0.00998016
0.17080000 0.01065456
0.17120000 0.01138056
0.17160000 0.01216155
0.17200000 0.01300082
0.17240000 0.01390148
0.17280000 0.01486648
0.17320000 0.01589852
0.17360000 0.01700003
0.17400000 0.01817317
0.17440000 0.01941977
0.17480000 0.02074136
0.17520000 0.02213917
0.17560000 0.02361410
0.17600000 0.02516681
0.17640000 0.02679771
0.17680000 0.02850701
0.17720000 0.03029483
0.17760000 0.03216120
0.17800000 0.03410619
0.17840000 0.03612999
0.17880000 0.03823300
0.17920000 0.04041593
0.17960000 0.04267995
0.18000000 0.04502671
0.18040000 0.04745855
0.18080000 0.04997851
0.18120000 0.05259049
0.18160000 0.05529931
0.18200000 0.05811078
0.18240000 0.06103176
0.18280000 0.06407024
0.18320000 0.06723531
0.18360000 0.07053721
0.18400000 0.07398729
0.18440000 0.07759800
0.18480000 0.08138282
0.18520000 0.08535617
0.18560000 0.08953334
0.18600000 0.09393039
0.18640000 0.09856396
0.18680000 0.10345122
0.18720000 0.10860966
0.18760000 0.11405693
0.18800000 0.11981073
0.18840000 0.12588866
0.18880000 0.13230801
0.18920000 0.13908572
0.18960000 0.14623817
0.19000000 0.15378118
0.19040000 0.16172986
0.19080000 0.17009859
0.19120000 0.17890102
0.19160000 0.18815006
0.19200000 0.19785792
0.19240000 0.20803620
0.19280000 0.21869598
0.19320000 0.22984793
0.19360000 0.24150248
0.19400000 0.25367001
0.19440000 0.26636096
0.19480000 0.27958609
0.19520000 0.29335663
0.19560000 0.30768445
0.19600000 0.32258224
0.19640000 0.33806365
0.19680000 0.35414337
0.19720000 0.37083721
0.19760000 0.38816210
0.19800000 0.40613607
0.19840000 0.42477814
0.19880000 0.44410814
0.19920000 0.46414648
0.19960000 0.48491389
0.20000000 0.50643097
0.20040000 0.52871784
0.20080000 0.55179358
0.20120000 0.57567574
0.20160000 0.60037968
0.20200000 0.62591804
0.20240000 0.65230002
0.20280000 0.67953078
0.20320000 0.70761081
0.20360000 0.73653533
0.20400000 0.76629372
0.20440000 0.79686909
0.20480000 0.82823786
0.20520000 0.86036949
0.20560000 0.89322633
0.20600000 0.92676357
0.20640000 0.96092941
0.20680000 0.99566536
0.20720000 1.03090671
0.20760000 1.06658316
0.20800000 1.10261967
0.20840000 1.13893748
0.20880000 1.17545525
0.20920000 1.21209041
0.20960000 1.24876062
0.21000000 1.28538533
0.21040000 1.32188748
0.21080000 1.35819525
0.21120000 1.39424377
0.21160000 1.42997694
0.21200000 1.46534907
0.21240000 1.50032658
0.21280000 1.53488946
0.21320000 1.56903259
0.21360000 1.60276688
0.21400000 1.63612015
0.21440000 1.66913769
0.21480000 1.70188257
0.21520000 1.73443553
0.21560000 1.76689459
0.21600000 1.79937418
0.21640000 1.83200397
0.21680000 1.86492724
0.21720000 1.89829890
0.21760000 1.93228311
0.21800000 1.96705056
0.21840000 2.00277545
0.21880000 2.03963215
0.21920000 2.07779163
0.21960000 2.11741776
0.22000000 2.15866340
0.22040000 2.20166651
0.22080000 2.24654624
0.22120000 2.29339907
0.22160000 2.34229520
0.22200000 2.39327506
0.22240000 2.44634622
0.22280000 2.50148061
0.22320000 2.55861225
0.22360000 2.61763542
0.22400000 2.67840342
0.22440000 2.74072796
0.22480000 2.80437915
0.22520000 2.86908615
0.22560000 2.93453861
0.22600000 3.00038863
0.22640000 3.06625354
0.22680000 3.13171928
0.22720000 3.19634438
0.22760000 3.25966457
0.22800000 3.32119788
0.22840000 3.38045017
0.22880000 3.43692108
0.22920000 3.49011022
0.22960000 3.53952360
0.23000000 3.58468008
0.23040000 3.62511789
0.23080000 3.66040098
0.23120000 3.69012521
0.23160000 3.71392411
0.23200000 3.73147435
0.23240000 3.74250062
0.23280000 3.74677992
0.23320000 3.74414519
0.23360000 3.73448823
0.23400000 3.71776173
0.23440000 3.69398061
0.23480000 3.66322240
0.23520000 3.62562678
0.23560000 3.58139426
0.23600000 3.53078401
0.23640000 3.47411090
0.23680000 3.41174171
0.23720000 3.34409073
0.23760000 3.27161462
0.23800000 3.19480676
0.23840000 3.11419120
0.23880000 3.03031613
0.23920000 2.94374715
0.23960000 2.85506043
0.24000000 2.76483572
0.24040000 2.67364955
0.24080000 2.58206847
0.24120000 2.49064270
0.24160000 2.39990003
0.24200000 2.31034026
0.24240000 2.22243014
0.24280000 2.13659889
0.24320000 2.05323448
0.24360000 1.97268045
0.24400000 1.89523361
0.24440000 1.82114245
0.24480000 1.75060623
0.24520000 1.68377491
0.24560000 1.62074976
0.24600000 1.56158465
0.24640000 1.50628796
0.24680000 1.45482513
0.24720000 1.40712170
0.24760000 1.36306676
0.24800000 1.32251681
0.24840000 1.28529993
0.24880000 1.25122013
0.24920000 1.22006176
0.24960000 1.19159410
0.25000000 1.16557580
0.25040000 1.14175924
0.25080000 1.11989471
0.25120000 1.09973433
0.25160000 1.08103569
0.25200000 1.06356512
0.25240000 1.04710059
0.25280000 1.03143416
0.25320000 1.01637403
0.25360000 1.00174616
0.25400000 0.98739537
0.25440000 0.97318611
0.25480000 0.95900270
0.25520000 0.94474928
0.25560000 0.93034932
0.25600000 0.91574486
0.25640000 0.90089539
0.25680000 0.88577660
0.25720000 0.87037880
0.25760000 0.85470534
0.25800000 0.83877079
0.25840000 0.82259916
0.25880000 0.80622208
0.25920000 0.78967703
0.25960000 0.77300557
0.26000000 0.75625181
0.26040000 0.73946083
0.26080000 0.72267744
0.26120000 0.70594495
0.26160000 0.68930424
0.26200000 0.67279294
0.26240000 0.65644488
0.26280000 0.64028962
0.26320000 0.62435225
0.26360000 0.60865333
0.26400000 0.59320897
0.26440000 0.57803103
0.26480000 0.56312745
0.26520000 0.54850271
0.26560000 0.53415823
0.26600000 0.52009300
0.26640000 0.50630404
0.26680000 0.49278701
0.26720000 0.47953672
0.26760000 0.46654764
0.26800000 0.45381433
0.26840000 0.44133184
0.26880000 0.42909606
0.26920000 0.41710390
0.26960000 0.40535348
0.27000000 0.39384424
0.27040000 0.38257690
0.27080000 0.37155339
0.27120000 0.36077678
0.27160000 0.35025099
0.27200000 0.33998066
0.27240000 0.32997079
0.27280000 0.32022649
0.27320000 0.31075268
0.27360000 0.30155377
0.27400000 0.29263338
0.27440000 0.28399405
0.27480000 0.27563705
0.27520000 0.26756214
0.27560000 0.25976748
0.27600000 0.25224947
0.27640000 0.24500276
0.27680000 0.23802026
0.27720000 0.23129318
0.27760000 0.22481118
0.27800000 0.21856253
0.27840000 0.21253431
0.27880000 0.20671268
0.27920000 0.20108313
0.27960000 0.19563076
0.28000000 0.19034060
0.28040000 0.18519791
0.28080000 0.18018846
0.28120000 0.17529880
0.28160000 0.17051655
0.28200000 0.16583056
0.28240000 0.16123115
0.28280000 0.15671022
0.28320000 0.15226136
0.28360000 0.14787990
0.28400000 0.14356295
0.28440000 0.13930929
0.28480000 0.13511936
0.28520000 0.13099509
0.28560000 0.12693978
0.28600000 0.12295787
0.28640000 0.11905479
0.28680000 0.11523664
0.28720000 0.11151005
0.28760000 0.10788184
0.28800000 0.10435887
0.28840000 0.10094772
0.28880000 0.09765454
0.28920000 0.09448484
0.28960000 0.09144328
0.29000000 0.08853359
0.29040000 0.08575843
0.29080000 0.08311933
0.29120000 0.08061665
0.29160000 0.07824957
0.29200000 0.07601617
0.29240000 0.07391343
0.29280000 0.07193739
0.29320000 0.07008321
0.29360000 0.06834538
0.29400000 0.06671782
0.29440000 0.06519409
0.29480000 0.06376755
0.29520000 0.06243151
0.29560000 0.06117947
0.29600000 0.06000522
0.29640000 0.05890299
0.29680000 0.05786762
0.29720000 0.05689464
0.29760000 0.05598033
0.29800000 0.05512180
0.29840000 0.05431704
0.29880000 0.05356487
0.29920000 0.05286493
0.29960000 0.05221763
0.30000000 0.05162408
0.30040000 0.05108595
0.30080000 0.05060540
0.30120000 0.05018489
0.30160000 0.04982707
0.30200000 0.04953462
0.30240000 0.04931008
0.30280000 0.04915568
0.30320000 0.04907323
0.30360000 0.04906396
0.30400000 0.04912838
0.30440000 0.04926619
0.30480000 0.04947616
0.30520000 0.04975611
0.30560000 0.05010282
0.30600000 0.05051203
0.30640000 0.05097845
0.30680000 0.05149577
0.30720000 0.05205674
0.30760000 0.05265323
0.30800000 0.05327634
0.30840000 0.05391648
0.30880000 0.05456357
0.30920000 0.05520712
0.30960000 0.05583644
0.31000000 0.05644074
0.31040000 0.05700936
0.31080000 0.05753187
0.31120000 0.05799827
0.31160000 0.05839913
0.31200000 0.05872573
0.31240000 0.05897016
0.31280000 0.05912548
0.31320000 0.05918576
0.31360000 0.05914620
0.31400000 0.05900317
0.31440000 0.05875420
0.31480000 0.05839807
0.31520000 0.05793475
0.31560000 0.05736536
0.31600000 0.05669218
0.31640000 0.05591855
0.31680000 0.05504878
0.31720000 0.05408809
0.31760000 0.05304249
0.31800000 0.05191868
0.31840000 0.05072391
0.31880000 0.04946589
0.31920000 0.04815263
0.31960000 0.04679237
0.32000000 0.04539339
0.32040000 0.04396398
0.32080000 0.04251226
0.32120000 0.04104612
0.32160000 0.03957311
0.32200000 0.03810041
0.32240000 0.03663470
0.32280000 0.03518213
0.32320000 0.03374831
0.32360000 0.03233823
0.32400000 0.03095626
0.32440000 0.02960618
0.32480000 0.02829113
0.32520000 0.02701365
0.32560000 0.02577572
0.32600000 0.02457874
0.32640000 0.02342363
0.32680000 0.02231083
0.32720000 0.02124037
0.32760000 0.02021189
0.32800000 0.01922473
0.32840000 0.01827795
0.32880000 0.01737039
0.32920000 0.01650074
0.32960000 0.01566756
0.33000000 0.01486932
0.33040000 0.01410445
0.33080000 0.01337141
0.33120000 0.01266864
0.33160000 0.01199468
0.33200000 0.01134811
0.33240000 0.01072761
0.33280000 0.01013197
0.33320000 0.00956009
0.33360000 0.00901098
0.33400000 0.00848376
0.33440000 0.00797765
0.33480000 0.00749200
0.33520000 0.00702624
0.33560000 0.00657988
0.33600000 0.00615250
0.33640000 0.00574374
0.33680000 0.00535331
0.33720000 0.00498092
0.33760000 0.00462633
0.33800000 0.00428928
0.33840000 0.00396953
0.33880000 0.00366683
0.33920000 0.00338089
0.33960000 0.00311142
0.34000000 0.00285808
0.34040000 0.00262050
0.34080000 0.00239827
0.34120000 0.00219096
0.34160000 0.00199808
0.34200000 0.00181910
0.34240000 0.00165349
0.34280000 0.00150066
0.34320000 0.00136001
0.34360000 0.00123092
0.34400000 0.00111273
0.34440000 0.00100482
0.34480000 0.00090653
0.34520000 0.00081721
0.34560000 0.00073623
0.34600000 0.00066295
0.34640000 0.00059678
0.34680000 0.00053712
0.34720000 0.00048342
0.34760000 0.00043513
0.34800000 0.00039176
0.34840000 0.00035284
0.34880000 0.00031792
0.34920000 0.00028660
0.34960000 0.00025852
0.35000000 0.00023332
