0.27000000     0.36000000     -2.50000000      1.00000000      
0.27000000     0.36000000     -2.48997996      1.00000000      
0.27000000     0.36000000     -2.47995992      1.00000000      
0.27000000     0.36000000     -2.46993988      1.00000000      
0.27000000     0.36000000     -2.45991984      1.00000000      
0.27000000     0.36000000     -2.44989980      1.00000000      
0.27000000     0.36000000     -2.43987976      1.00000000      
0.27000000     0.36000000     -2.42985972      1.00000000      
0.27000000     0.36000000     -2.41983968      1.00000000      
0.27000000     0.36000000     -2.40981964      1.00000000      
0.27000000     0.36000000     -2.39979960      1.00000000      
0.27000000     0.36000000     -2.38977956      1.00000000      
0.27000000     0.36000000     -2.37975952      1.00000000      
0.27000000     0.36000000     -2.36973948      1.00000000      
0.27000000     0.36000000     -2.35971944      1.00000000      
0.27000000     0.36000000     -2.34969940      1.00000000      
0.27000000     0.36000000     -2.33967936      1.00000000      
0.27000000     0.36000000     -2.32965932      1.00000000      
0.27000000     0.36000000     -2.31963928      1.00000000      
0.27000000     0.36000000     -2.30961924      1.00000000      
0.27000000     0.36000000     -2.29959920      1.00000000      
0.27000000     0.36000000     -2.28957916      1.00000000      
0.27000000     0.36000000     -2.27955912      1.00000000      
0.27000000     0.36000000     -2.26953908      1.00000000      
0.27000000     0.36000000     -2.25951904      1.00000000      
0.27000000     0.36000000     -2.24949900      1.00000000      
0.27000000     0.36000000     -2.23947896      1.00000000      
0.27000000     0.36000000     -2.22945892      1.00000000      
0.27000000     0.36000000     -2.21943888      1.00000000      
0.27000000     0.36000000     -2.20941884      1.00000000      
0.27000000     0.36000000     -2.19939880      1.00000000      
0.27000000     0.36000000     -2.18937876      1.00000000      
0.27000000     0.36000000     -2.17935872      1.00000000      
0.27000000     0.36000000     -2.16933868      1.00000000      
0.27000000     0.36000000     -2.15931864      1.00000000      
0.27000000     0.36000000     -2.14929860      1.00000000      
0.27000000     0.36000000     -2.13927856      1.00000000      
0.27000000     0.36000000     -2.12925852      1.00000000      
0.27000000     0.36000000     -2.11923848      1.00000000      
0.27000000     0.36000000     -2.10921844      1.00000000      
0.27000000     0.36000000     -2.09919840      1.00000000      
0.27000000     0.36000000     -2.08917836      1.00000000      
0.27000000     0.36000000     -2.07915832      1.00000000      
0.27000000     0.36000000     -2.06913828      1.00000000      
0.27000000     0.36000000     -2.05911824      1.00000000      
0.27000000     0.36000000     -2.04909820      1.00000000      
0.27000000     0.36000000     -2.03907816      1.00000000      
0.27000000     0.36000000     -2.02905812      1.00000000      
0.27000000     0.36000000     -2.01903808      1.00000000      
0.27000000     0.36000000     -2.00901804      1.00000000      
0.27000000     0.36000000     -1.99899800      1.00000000      
0.27000000     0.36000000     -1.98897796      1.00000000      
0.27000000     0.36000000     -1.97895792      1.00000000      
0.27000000     0.36000000     -1.96893788      1.00000000      
0.27000000     0.36000000     -1.95891784      1.00000000      
0.27000000     0.36000000     -1.94889780      1.00000000      
0.27000000     0.36000000     -1.93887776      1.00000000      
0.27000000     0.36000000     -1.92885772      1.00000000      
0.27000000     0.36000000     -1.91883768      1.00000000      
0.27000000     0.36000000     -1.90881764      1.00000000      
0.27000000     0.36000000     -1.89879760      1.00000000      
0.27000000     0.36000000     -1.88877756      1.00000000      
0.27000000     0.36000000     -1.87875752      1.00000000      
0.27000000     0.36000000     -1.86873747      1.00000000      
0.27000000     0.36000000     -1.85871743      1.00000000      
0.27000000     0.36000000     -1.84869739      1.00000000      
0.27000000     0.36000000     -1.83867735      1.00000000      
0.27000000     0.36000000     -1.82865731      1.00000000      
0.27000000     0.36000000     -1.81863727      1.00000000      
0.27000000     0.36000000     -1.80861723      1.00000000      
0.27000000     0.36000000     -1.79859719      1.00000000      
0.27000000     0.36000000     -1.78857715      1.00000000      
0.27000000     0.36000000     -1.77855711      1.00000000      
0.27000000     0.36000000     -1.76853707      1.00000000      
0.27000000     0.36000000     -1.75851703      1.00000000      
0.27000000     0.36000000     -1.74849699      1.00000000      
0.27000000     0.36000000     -1.73847695      1.00000000      
0.27000000     0.36000000     -1.72845691      1.00000000      
0.27000000     0.36000000     -1.71843687      1.00000000      
0.27000000     0.36000000     -1.70841683      1.00000000      
0.27000000     0.36000000     -1.69839679      1.00000000      
0.27000000     0.36000000     -1.68837675      1.00000000      
0.27000000     0.36000000     -1.67835671      1.00000000      
0.27000000     0.36000000     -1.66833667      1.00000000      
0.27000000     0.36000000     -1.65831663      1.00000000      
0.27000000     0.36000000     -1.64829659      1.00000000      
0.27000000     0.36000000     -1.63827655      1.00000000      
0.27000000     0.36000000     -1.62825651      1.00000000      
0.27000000     0.36000000     -1.61823647      1.00000000      
0.27000000     0.36000000     -1.60821643      1.00000000      
0.27000000     0.36000000     -1.59819639      1.00000000      
0.27000000     0.36000000     -1.58817635      1.00000000      
0.27000000     0.36000000     -1.57815631      1.00000000      
0.27000000     0.36000000     -1.56813627      1.00000000      
0.27000000     0.36000000     -1.55811623      1.00000000      
0.27000000     0.36000000     -1.54809619      1.00000000      
0.27000000     0.36000000     -1.53807615      1.00000000      
0.27000000     0.36000000     -1.52805611      1.00000000      
0.27000000     0.36000000     -1.51803607      1.00000000      
0.27000000     0.36000000     -1.50801603      1.00000000      
0.27000000     0.36000000     -1.49799599      1.00000000      
0.27000000     0.36000000     -1.48797595      1.00000000      
0.27000000     0.36000000     -1.47795591      1.00000000      
0.27000000     0.36000000     -1.46793587      1.00000000      
0.27000000     0.36000000     -1.45791583      1.00000000      
0.27000000     0.36000000     -1.44789579      1.00000000      
0.27000000     0.36000000     -1.43787575      1.00000000      
0.27000000     0.36000000     -1.42785571      1.00000000      
0.27000000     0.36000000     -1.41783567      1.00000000      
0.27000000     0.36000000     -1.40781563      1.00000000      
0.27000000     0.36000000     -1.39779559      1.00000000      
0.27000000     0.36000000     -1.38777555      1.00000000      
0.27000000     0.36000000     -1.37775551      1.00000000      
0.27000000     0.36000000     -1.36773547      1.00000000      
0.27000000     0.36000000     -1.35771543      1.00000000      
0.27000000     0.36000000     -1.34769539      1.00000000      
0.27000000     0.36000000     -1.33767535      1.00000000      
0.27000000     0.36000000     -1.32765531      1.00000000      
0.27000000     0.36000000     -1.31763527      1.00000000      
0.27000000     0.36000000     -1.30761523      1.00000000      
0.27000000     0.36000000     -1.29759519      1.00000000      
0.27000000     0.36000000     -1.28757515      1.00000000      
0.27000000     0.36000000     -1.27755511      1.00000000      
0.27000000     0.36000000     -1.26753507      1.00000000      
0.27000000     0.36000000     -1.25751503      1.00000000      
0.27000000     0.36000000     -1.24749499      1.00000000      
0.27000000     0.36000000     -1.23747495      1.00000000      
0.27000000     0.36000000     -1.22745491      1.00000000      
0.27000000     0.36000000     -1.21743487      1.00000000      
0.27000000     0.36000000     -1.20741483      1.00000000      
0.27000000     0.36000000     -1.19739479      1.00000000      
0.27000000     0.36000000     -1.18737475      1.00000000      
0.27000000     0.36000000     -1.17735471      1.00000000      
0.27000000     0.36000000     -1.16733467      1.00000000      
0.27000000     0.36000000     -1.15731463      1.00000000      
0.27000000     0.36000000     -1.14729459      1.00000000      
0.27000000     0.36000000     -1.13727455      1.00000000      
0.27000000     0.36000000     -1.12725451      1.00000000      
0.27000000     0.36000000     -1.11723447      1.00000000      
0.27000000     0.36000000     -1.10721443      1.00000000      
0.27000000     0.36000000     -1.09719439      1.00000000      
0.27000000     0.36000000     -1.08717435      1.00000000      
0.27000000     0.36000000     -1.07715431      1.00000000      
0.27000000     0.36000000     -1.06713427      1.00000000      
0.27000000     0.36000000     -1.05711423      1.00000000      
0.27000000     0.36000000     -1.04709419      1.00000000      
0.27000000     0.36000000     -1.03707415      1.00000000      
0.27000000     0.36000000     -1.02705411      1.00000000      
0.27000000     0.36000000     -1.01703407      1.00000000      
0.27000000     0.36000000     -1.00701403      1.00000000      
0.27000000     0.36000000     -0.99699399      1.00000000      
0.27000000     0.36000000     -0.98697395      1.00000000      
0.27000000     0.36000000     -0.97695391      1.00000000      
0.27000000     0.36000000     -0.96693387      1.00000000      
0.27000000     0.36000000     -0.95691383      1.00000000      
0.27000000     0.36000000     -0.94689379      1.00000000      
0.27000000     0.36000000     -0.93687375      1.00000000      
0.27000000     0.36000000     -0.92685371      1.00000000      
0.27000000     0.36000000     -0.91683367      1.00000000      
0.27000000     0.36000000     -0.90681363      1.00000000      
0.27000000     0.36000000     -0.89679359      1.00000000      
0.27000000     0.36000000     -0.88677355      1.00000000      
0.27000000     0.36000000     -0.87675351      1.00000000      
0.27000000     0.36000000     -0.86673347      1.00000000      
0.27000000     0.36000000     -0.85671343      1.00000000      
0.27000000     0.36000000     -0.84669339      1.00000000      
0.27000000     0.36000000     -0.83667335      1.00000000      
0.27000000     0.36000000     -0.82665331      1.00000000      
0.27000000     0.36000000     -0.81663327      1.00000000      
0.27000000     0.36000000     -0.80661323      1.00000000      
0.27000000     0.36000000     -0.79659319      1.00000000      
0.27000000     0.36000000     -0.78657315      1.00000000      
0.27000000     0.36000000     -0.77655311      1.00000000      
0.27000000     0.36000000     -0.76653307      1.00000000      
0.27000000     0.36000000     -0.75651303      1.00000000      
0.27000000     0.36000000     -0.74649299      1.00000000      
0.27000000     0.36000000     -0.73647295      1.00000000      
0.27000000     0.36000000     -0.72645291      1.00000000      
0.27000000     0.36000000     -0.71643287      1.00000000      
0.27000000     0.36000000     -0.70641283      1.00000000      
0.27000000     0.36000000     -0.69639279      1.00000000      
0.27000000     0.36000000     -0.68637275      1.00000000      
0.27000000     0.36000000     -0.67635271      1.00000000      
0.27000000     0.36000000     -0.66633267      1.00000000      
0.27000000     0.36000000     -0.65631263      1.00000000      
0.27000000     0.36000000     -0.64629259      1.00000000      
0.27000000     0.36000000     -0.63627255      1.00000000      
0.27000000     0.36000000     -0.62625251      1.00000000      
0.27000000     0.36000000     -0.61623246      1.00000000      
0.27000000     0.36000000     -0.60621242      1.00000000      
0.27000000     0.36000000     -0.59619238      1.00000000      
0.27000000     0.36000000     -0.58617234      1.00000000      
0.27000000     0.36000000     -0.57615230      1.00000000      
0.27000000     0.36000000     -0.56613226      1.00000000      
0.27000000     0.36000000     -0.55611222      1.00000000      
0.27000000     0.36000000     -0.54609218      1.00000000      
0.27000000     0.36000000     -0.53607214      1.00000000      
0.27000000     0.36000000     -0.52605210      1.00000000      
0.27000000     0.36000000     -0.51603206      1.00000000      
0.27000000     0.36000000     -0.50601202      1.00000000      
0.27000000     0.36000000     -0.49599198      1.00000000      
0.27000000     0.36000000     -0.48597194      1.00000000      
0.27000000     0.36000000     -0.47595190      1.00000000      
0.27000000     0.36000000     -0.46593186      1.00000000      
0.27000000     0.36000000     -0.45591182      1.00000000      
0.27000000     0.36000000     -0.44589178      1.00000000      
0.27000000     0.36000000     -0.43587174      1.00000000      
0.27000000     0.36000000     -0.42585170      1.00000000      
0.27000000     0.36000000     -0.41583166      1.00000000      
0.27000000     0.36000000     -0.40581162      1.00000000      
0.27000000     0.36000000     -0.39579158      1.00000000      
0.27000000     0.36000000     -0.38577154      1.00000000      
0.27000000     0.36000000     -0.37575150      1.00000000      
0.27000000     0.36000000     -0.36573146      1.04135354      
0.27000000     0.36000000     -0.35571142      1.09008756      
0.27000000     0.36000000     -0.34569138      1.14360692      
0.27000000     0.36000000     -0.33567134      1.20265282      
0.27000000     0.36000000     -0.32565130      1.26812790      
0.27000000     0.36000000     -0.31563126      1.34114267      
0.27000000     0.36000000     -0.30561122      1.42307904      
0.27000000     0.36000000     -0.29559118      1.51567859      
0.27000000     0.36000000     -0.28557114      1.62116773      
0.27000000     0.36000000     -0.27555110      1.74243910      
0.27000000     0.36000000     -0.26553106      1.88332081      
0.27000000     0.36000000     -0.25551102      2.04898797      
0.27000000     0.36000000     -0.24549098      2.20334757      
0.27000000     0.36000000     -0.23547094      2.32370951      
0.27000000     0.36000000     -0.22545090      2.45798128      
0.27000000     0.36000000     -0.21543086      2.60872204      
0.27000000     0.36000000     -0.20541082      2.77915974      
0.27000000     0.36000000     -0.19539078      2.97342484      
0.27000000     0.36000000     -0.18537074      3.19688954      
0.27000000     0.36000000     -0.17535070      3.45667220      
0.27000000     0.36000000     -0.16533066      3.76240962      
0.27000000     0.36000000     -0.15531062      4.12747888      
0.27000000     0.36000000     -0.14529058      4.70966064      
0.27000000     0.36000000     -0.13527054      5.98865436      
0.27000000     0.36000000     -0.12525050      8.22129641      
0.27000000     0.36000000     -0.11523046      8.29864224      
0.27000000     0.36000000     -0.10521042      8.29864224      
0.27000000     0.36000000     -0.09519038      8.29864224      
0.27000000     0.36000000     -0.08517034      8.29864224      
0.27000000     0.36000000     -0.07515030      8.29864224      
0.27000000     0.36000000     -0.06513026      8.29864224      
0.27000000     0.36000000     -0.05511022      8.29864224      
0.27000000     0.36000000     -0.04509018      8.29864224      
0.27000000     0.36000000     -0.03507014      8.29864224      
0.27000000     0.36000000     -0.02505010      8.29864224      
0.27000000     0.36000000     -0.01503006      8.29864224      
0.27000000     0.36000000     -0.00501002      8.29864224      
0.27000000     0.36000000     0.00501002      8.29864224      
0.27000000     0.36000000     0.01503006      8.29864224      
0.27000000     0.36000000     0.02505010      8.29864224      
0.27000000     0.36000000     0.03507014      8.29864224      
0.27000000     0.36000000     0.04509018      8.29864224      
0.27000000     0.36000000     0.05511022      8.29864224      
0.27000000     0.36000000     0.06513026      8.29864224      
0.27000000     0.36000000     0.07515030      8.29864224      
0.27000000     0.36000000     0.08517034      8.29864224      
0.27000000     0.36000000     0.09519038      8.29864224      
0.27000000     0.36000000     0.10521042      8.29864224      
0.27000000     0.36000000     0.11523046      8.29864224      
0.27000000     0.36000000     0.12525050      8.22129641      
0.27000000     0.36000000     0.13527054      5.98865436      
0.27000000     0.36000000     0.14529058      4.70966064      
0.27000000     0.36000000     0.15531062      4.12747888      
0.27000000     0.36000000     0.16533066      3.76240962      
0.27000000     0.36000000     0.17535070      3.45667220      
0.27000000     0.36000000     0.18537074      3.19688954      
0.27000000     0.36000000     0.19539078      2.97342484      
0.27000000     0.36000000     0.20541082      2.77915974      
0.27000000     0.36000000     0.21543086      2.60872204      
0.27000000     0.36000000     0.22545090      2.45798128      
0.27000000     0.36000000     0.23547094      2.32370951      
0.27000000     0.36000000     0.24549098      2.20334757      
0.27000000     0.36000000     0.25551102      2.04898797      
0.27000000     0.36000000     0.26553106      1.88332081      
0.27000000     0.36000000     0.27555110      1.74243910      
0.27000000     0.36000000     0.28557114      1.62116773      
0.27000000     0.36000000     0.29559118      1.51567859      
0.27000000     0.36000000     0.30561122      1.42307904      
0.27000000     0.36000000     0.31563126      1.34114267      
0.27000000     0.36000000     0.32565130      1.26812790      
0.27000000     0.36000000     0.33567134      1.20265282      
0.27000000     0.36000000     0.34569138      1.14360692      
0.27000000     0.36000000     0.35571142      1.09008756      
0.27000000     0.36000000     0.36573146      1.04135354      
0.27000000     0.36000000     0.37575150      1.00000000      
0.27000000     0.36000000     0.38577154      1.00000000      
0.27000000     0.36000000     0.39579158      1.00000000      
0.27000000     0.36000000     0.40581162      1.00000000      
0.27000000     0.36000000     0.41583166      1.00000000      
0.27000000     0.36000000     0.42585170      1.00000000      
0.27000000     0.36000000     0.43587174      1.00000000      
0.27000000     0.36000000     0.44589178      1.00000000      
0.27000000     0.36000000     0.45591182      1.00000000      
0.27000000     0.36000000     0.46593186      1.00000000      
0.27000000     0.36000000     0.47595190      1.00000000      
0.27000000     0.36000000     0.48597194      1.00000000      
0.27000000     0.36000000     0.49599198      1.00000000      
0.27000000     0.36000000     0.50601202      1.00000000      
0.27000000     0.36000000     0.51603206      1.00000000      
0.27000000     0.36000000     0.52605210      1.00000000      
0.27000000     0.36000000     0.53607214      1.00000000      
0.27000000     0.36000000     0.54609218      1.00000000      
0.27000000     0.36000000     0.55611222      1.00000000      
0.27000000     0.36000000     0.56613226      1.00000000      
0.27000000     0.36000000     0.57615230      1.00000000      
0.27000000     0.36000000     0.58617234      1.00000000      
0.27000000     0.36000000     0.59619238      1.00000000      
0.27000000     0.36000000     0.60621242      1.00000000      
0.27000000     0.36000000     0.61623246      1.00000000      
0.27000000     0.36000000     0.62625251      1.00000000      
0.27000000     0.36000000     0.63627255      1.00000000      
0.27000000     0.36000000     0.64629259      1.00000000      
0.27000000     0.36000000     0.65631263      1.00000000      
0.27000000     0.36000000     0.66633267      1.00000000      
0.27000000     0.36000000     0.67635271      1.00000000      
0.27000000     0.36000000     0.68637275      1.00000000      
0.27000000     0.36000000     0.69639279      1.00000000      
0.27000000     0.36000000     0.70641283      1.00000000      
0.27000000     0.36000000     0.71643287      1.00000000      
0.27000000     0.36000000     0.72645291      1.00000000      
0.27000000     0.36000000     0.73647295      1.00000000      
0.27000000     0.36000000     0.74649299      1.00000000      
0.27000000     0.36000000     0.75651303      1.00000000      
0.27000000     0.36000000     0.76653307      1.00000000      
0.27000000     0.36000000     0.77655311      1.00000000      
0.27000000     0.36000000     0.78657315      1.00000000      
0.27000000     0.36000000     0.79659319      1.00000000      
0.27000000     0.36000000     0.80661323      1.00000000      
0.27000000     0.36000000     0.81663327      1.00000000      
0.27000000     0.36000000     0.82665331      1.00000000      
0.27000000     0.36000000     0.83667335      1.00000000      
0.27000000     0.36000000     0.84669339      1.00000000      
0.27000000     0.36000000     0.85671343      1.00000000      
0.27000000     0.36000000     0.86673347      1.00000000      
0.27000000     0.36000000     0.87675351      1.00000000      
0.27000000     0.36000000     0.88677355      1.00000000      
0.27000000     0.36000000     0.89679359      1.00000000      
0.27000000     0.36000000     0.90681363      1.00000000      
0.27000000     0.36000000     0.91683367      1.00000000      
0.27000000     0.36000000     0.92685371      1.00000000      
0.27000000     0.36000000     0.93687375      1.00000000      
0.27000000     0.36000000     0.94689379      1.00000000      
0.27000000     0.36000000     0.95691383      1.00000000      
0.27000000     0.36000000     0.96693387      1.00000000      
0.27000000     0.36000000     0.97695391      1.00000000      
0.27000000     0.36000000     0.98697395      1.00000000      
0.27000000     0.36000000     0.99699399      1.00000000      
0.27000000     0.36000000     1.00701403      1.00000000      
0.27000000     0.36000000     1.01703407      1.00000000      
0.27000000     0.36000000     1.02705411      1.00000000      
0.27000000     0.36000000     1.03707415      1.00000000      
0.27000000     0.36000000     1.04709419      1.00000000      
0.27000000     0.36000000     1.05711423      1.00000000      
0.27000000     0.36000000     1.06713427      1.00000000      
0.27000000     0.36000000     1.07715431      1.00000000      
0.27000000     0.36000000     1.08717435      1.00000000      
0.27000000     0.36000000     1.09719439      1.00000000      
0.27000000     0.36000000     1.10721443      1.00000000      
0.27000000     0.36000000     1.11723447      1.00000000      
0.27000000     0.36000000     1.12725451      1.00000000      
0.27000000     0.36000000     1.13727455      1.00000000      
0.27000000     0.36000000     1.14729459      1.00000000      
0.27000000     0.36000000     1.15731463      1.00000000      
0.27000000     0.36000000     1.16733467      1.00000000      
0.27000000     0.36000000     1.17735471      1.00000000      
0.27000000     0.36000000     1.18737475      1.00000000      
0.27000000     0.36000000     1.19739479      1.00000000      
0.27000000     0.36000000     1.20741483      1.00000000      
0.27000000     0.36000000     1.21743487      1.00000000      
0.27000000     0.36000000     1.22745491      1.00000000      
0.27000000     0.36000000     1.23747495      1.00000000      
0.27000000     0.36000000     1.24749499      1.00000000      
0.27000000     0.36000000     1.25751503      1.00000000      
0.27000000     0.36000000     1.26753507      1.00000000      
0.27000000     0.36000000     1.27755511      1.00000000      
0.27000000     0.36000000     1.28757515      1.00000000      
0.27000000     0.36000000     1.29759519      1.00000000      
0.27000000     0.36000000     1.30761523      1.00000000      
0.27000000     0.36000000     1.31763527      1.00000000      
0.27000000     0.36000000     1.32765531      1.00000000      
0.27000000     0.36000000     1.33767535      1.00000000      
0.27000000     0.36000000     1.34769539      1.00000000      
0.27000000     0.36000000     1.35771543      1.00000000      
0.27000000     0.36000000     1.36773547      1.00000000      
0.27000000     0.36000000     1.37775551      1.00000000      
0.27000000     0.36000000     1.38777555      1.00000000      
0.27000000     0.36000000     1.39779559      1.00000000      
0.27000000     0.36000000     1.40781563      1.00000000      
0.27000000     0.36000000     1.41783567      1.00000000      
0.27000000     0.36000000     1.42785571      1.00000000      
0.27000000     0.36000000     1.43787575      1.00000000      
0.27000000     0.36000000     1.44789579      1.00000000      
0.27000000     0.36000000     1.45791583      1.00000000      
0.27000000     0.36000000     1.46793587      1.00000000      
0.27000000     0.36000000     1.47795591      1.00000000      
0.27000000     0.36000000     1.48797595      1.00000000      
0.27000000     0.36000000     1.49799599      1.00000000      
0.27000000     0.36000000     1.50801603      1.00000000      
0.27000000     0.36000000     1.51803607      1.00000000      
0.27000000     0.36000000     1.52805611      1.00000000      
0.27000000     0.36000000     1.53807615      1.00000000      
0.27000000     0.36000000     1.54809619      1.00000000      
0.27000000     0.36000000     1.55811623      1.00000000      
0.27000000     0.36000000     1.56813627      1.00000000      
0.27000000     0.36000000     1.57815631      1.00000000      
0.27000000     0.36000000     1.58817635      1.00000000      
0.27000000     0.36000000     1.59819639      1.00000000      
0.27000000     0.36000000     1.60821643      1.00000000      
0.27000000     0.36000000     1.61823647      1.00000000      
0.27000000     0.36000000     1.62825651      1.00000000      
0.27000000     0.36000000     1.63827655      1.00000000      
0.27000000     0.36000000     1.64829659      1.00000000      
0.27000000     0.36000000     1.65831663      1.00000000      
0.27000000     0.36000000     1.66833667      1.00000000      
0.27000000     0.36000000     1.67835671      1.00000000      
0.27000000     0.36000000     1.68837675      1.00000000      
0.27000000     0.36000000     1.69839679      1.00000000      
0.27000000     0.36000000     1.70841683      1.00000000      
0.27000000     0.36000000     1.71843687      1.00000000      
0.27000000     0.36000000     1.72845691      1.00000000      
0.27000000     0.36000000     1.73847695      1.00000000      
0.27000000     0.36000000     1.74849699      1.00000000      
0.27000000     0.36000000     1.75851703      1.00000000      
0.27000000     0.36000000     1.76853707      1.00000000      
0.27000000     0.36000000     1.77855711      1.00000000      
0.27000000     0.36000000     1.78857715      1.00000000      
0.27000000     0.36000000     1.79859719      1.00000000      
0.27000000     0.36000000     1.80861723      1.00000000      
0.27000000     0.36000000     1.81863727      1.00000000      
0.27000000     0.36000000     1.82865731      1.00000000      
0.27000000     0.36000000     1.83867735      1.00000000      
0.27000000     0.36000000     1.84869739      1.00000000      
0.27000000     0.36000000     1.85871743      1.00000000      
0.27000000     0.36000000     1.86873747      1.00000000      
0.27000000     0.36000000     1.87875752      1.00000000      
0.27000000     0.36000000     1.88877756      1.00000000      
0.27000000     0.36000000     1.89879760      1.00000000      
0.27000000     0.36000000     1.90881764      1.00000000      
0.27000000     0.36000000     1.91883768      1.00000000      
0.27000000     0.36000000     1.92885772      1.00000000      
0.27000000     0.36000000     1.93887776      1.00000000      
0.27000000     0.36000000     1.94889780      1.00000000      
0.27000000     0.36000000     1.95891784      1.00000000      
0.27000000     0.36000000     1.96893788      1.00000000      
0.27000000     0.36000000     1.97895792      1.00000000      
0.27000000     0.36000000     1.98897796      1.00000000      
0.27000000     0.36000000     1.99899800      1.00000000      
0.27000000     0.36000000     2.00901804      1.00000000      
0.27000000     0.36000000     2.01903808      1.00000000      
0.27000000     0.36000000     2.02905812      1.00000000      
0.27000000     0.36000000     2.03907816      1.00000000      
0.27000000     0.36000000     2.04909820      1.00000000      
0.27000000     0.36000000     2.05911824      1.00000000      
0.27000000     0.36000000     2.06913828      1.00000000      
0.27000000     0.36000000     2.07915832      1.00000000      
0.27000000     0.36000000     2.08917836      1.00000000      
0.27000000     0.36000000     2.09919840      1.00000000      
0.27000000     0.36000000     2.10921844      1.00000000      
0.27000000     0.36000000     2.11923848      1.00000000      
0.27000000     0.36000000     2.12925852      1.00000000      
0.27000000     0.36000000     2.13927856      1.00000000      
0.27000000     0.36000000     2.14929860      1.00000000      
0.27000000     0.36000000     2.15931864      1.00000000      
0.27000000     0.36000000     2.16933868      1.00000000      
0.27000000     0.36000000     2.17935872      1.00000000      
0.27000000     0.36000000     2.18937876      1.00000000      
0.27000000     0.36000000     2.19939880      1.00000000      
0.27000000     0.36000000     2.20941884      1.00000000      
0.27000000     0.36000000     2.21943888      1.00000000      
0.27000000     0.36000000     2.22945892      1.00000000      
0.27000000     0.36000000     2.23947896      1.00000000      
0.27000000     0.36000000     2.24949900      1.00000000      
0.27000000     0.36000000     2.25951904      1.00000000      
0.27000000     0.36000000     2.26953908      1.00000000      
0.27000000     0.36000000     2.27955912      1.00000000      
0.27000000     0.36000000     2.28957916      1.00000000      
0.27000000     0.36000000     2.29959920      1.00000000      
0.27000000     0.36000000     2.30961924      1.00000000      
0.27000000     0.36000000     2.31963928      1.00000000      
0.27000000     0.36000000     2.32965932      1.00000000      
0.27000000     0.36000000     2.33967936      1.00000000      
0.27000000     0.36000000     2.34969940      1.00000000      
0.27000000     0.36000000     2.35971944      1.00000000      
0.27000000     0.36000000     2.36973948      1.00000000      
0.27000000     0.36000000     2.37975952      1.00000000      
0.27000000     0.36000000     2.38977956      1.00000000      
0.27000000     0.36000000     2.39979960      1.00000000      
0.27000000     0.36000000     2.40981964      1.00000000      
0.27000000     0.36000000     2.41983968      1.00000000      
0.27000000     0.36000000     2.42985972      1.00000000      
0.27000000     0.36000000     2.43987976      1.00000000      
0.27000000     0.36000000     2.44989980      1.00000000      
0.27000000     0.36000000     2.45991984      1.00000000      
0.27000000     0.36000000     2.46993988      1.00000000      
0.27000000     0.36000000     2.47995992      1.00000000      
0.27000000     0.36000000     2.48997996      1.00000000      
0.27000000     0.36000000     2.50000000      1.00000000      
