0.00000000    0.26807492    0.27710016    0.29122335    0.29143466    0.36759208    0.38124595    0.38150773    0.40863651    0.44121182    0.47761224    0.47782987    0.48484202    0.48590469    0.48593811    0.48594379    0.48758336    0.48932976    0.48996110    0.49159941    0.49160436    
0.01000000    0.26812784    0.27717733    0.29119688    0.29157560    0.36771921    0.38140618    0.38162117    0.40878340    0.44144035    0.47770852    0.47789823    0.48487949    0.48590535    0.48594196    0.48594434    0.48760509    0.48944142    0.48996568    0.49159621    0.49161699    
0.02000000    0.26813681    0.27716775    0.29121158    0.29156204    0.36773191    0.38140839    0.38162640    0.40878103    0.44148547    0.47769272    0.47789112    0.48488611    0.48590551    0.48594223    0.48594455    0.48760893    0.48945179    0.48996607    0.49160210    0.49161276    
0.03000000    0.26809868    0.27706571    0.29121793    0.29142765    0.36762094    0.38134433    0.38138788    0.40861457    0.44128108    0.47760338    0.47771625    0.48485793    0.48590498    0.48594060    0.48594126    0.48759001    0.48934937    0.48996124    0.49159696    0.49160617    
0.04000000    0.26817400    0.27710961    0.29128258    0.29146896    0.36776686    0.38144082    0.38156068    0.40873796    0.44155210    0.47779833    0.47759218    0.48490512    0.48590578    0.48594235    0.48594398    0.48761462    0.48946600    0.48996623    0.49159256    0.49162752    
0.05000000    0.26820092    0.27708192    0.29132441    0.29142911    0.36780500    0.38145149    0.38157660    0.40873212    0.44168551    0.47754795    0.47777412    0.48492386    0.48590626    0.48594313    0.48594462    0.48762575    0.48949543    0.48996774    0.49157998    0.49164567    
0.06000000    0.26817555    0.27696099    0.29126519    0.29134718    0.36770901    0.38133366    0.38137399    0.40855356    0.44150066    0.47738872    0.47758044    0.48490498    0.48590582    0.48594093    0.48594158    0.48760893    0.48940666    0.48996203    0.49155770    0.49165142    
0.07000000    0.26823241    0.27691463    0.29120637    0.29142455    0.36778783    0.38138774    0.38141007    0.40855837    0.44176518    0.47730682    0.47757788    0.48494199    0.48590668    0.48594241    0.48594339    0.48763025    0.48946522    0.48996422    0.49153970    0.49169279    
0.08000000    0.26827761    0.27687452    0.29114483    0.29149246    0.36786151    0.38142661    0.38144319    0.40855895    0.44198332    0.47724904    0.47753868    0.48497170    0.48590738    0.48594384    0.48594442    0.48764903    0.48951612    0.48996747    0.49151982    0.49172481    
0.09000000    0.26831245    0.27679204    0.29099818    0.29159180    0.36788036    0.38125236    0.38156427    0.40849236    0.44191102    0.47715322    0.47733103    0.48498438    0.48590719    0.48594170    0.48594407    0.48764301    0.48951483    0.48996677    0.49149179    0.49175085    
0.10000000    0.26839717    0.27672387    0.29086518    0.29175070    0.36797594    0.38119888    0.38181442    0.40844831    0.44223327    0.47720553    0.47720685    0.48502371    0.48590810    0.48594163    0.48594954    0.48766320    0.48956312    0.48996979    0.49146002    0.49182734    
0.11000000    0.26845056    0.27666492    0.29079460    0.29176947    0.36805933    0.38129853    0.38158228    0.40843621    0.44244713    0.47689351    0.47721729    0.48505022    0.48590874    0.48594422    0.48594587    0.48768509    0.48961025    0.48997671    0.49143766    0.49184674    
0.12000000    0.26850580    0.27658400    0.29062174    0.29189759    0.36809374    0.38109942    0.38182739    0.40836377    0.44247768    0.47694795    0.47691286    0.48506802    0.48590884    0.48594153    0.48594853    0.48768310    0.48962470    0.48997758    0.49140251    0.49188537    
0.13000000    0.26859958    0.27647643    0.29044203    0.29203892    0.36819527    0.38101035    0.38191574    0.40828061    0.44269448    0.47669887    0.47681511    0.48510116    0.48590932    0.48594135    0.48594933    0.48769752    0.48964947    0.48998149    0.49136562    0.49196304    
0.14000000    0.26867510    0.27640579    0.29034701    0.29209832    0.36830031    0.38110695    0.38178073    0.40826838    0.44299630    0.47645103    0.47680003    0.48513102    0.48591011    0.48594389    0.48594777    0.48772301    0.48969617    0.48999650    0.49133666    0.49201027    
0.15000000    0.26874821    0.27633627    0.29015560    0.29223975    0.36835542    0.38090698    0.38212417    0.40820028    0.44311161    0.47652417    0.47652733    0.48515111    0.48591039    0.48594126    0.48595245    0.48772442    0.48971883    0.49000329    0.49129640    0.49206071    
0.16000000    0.26885077    0.27619521    0.28993465    0.29235889    0.36845921    0.38078734    0.38204764    0.40808665    0.44321235    0.47611022    0.47633453    0.48517707    0.48591042    0.48594101    0.48594862    0.48773169    0.48972635    0.49000752    0.49125534    0.49213294    
0.17000000    0.26894858    0.27611627    0.28981938    0.29245640    0.36858233    0.38087986    0.38203671    0.40807115    0.44360036    0.47594859    0.47629705    0.48520836    0.48591130    0.48594350    0.48594947    0.48775947    0.48976069    0.49003439    0.49122161    0.49221381    
0.18000000    0.26902884    0.27601352    0.28962926    0.29256670    0.36865396    0.38075151    0.38213046    0.40800108    0.44369192    0.47575161    0.47607652    0.48522907    0.48591139    0.48594242    0.48594915    0.48776213    0.48977458    0.49004824    0.49118150    0.49227480    
0.19000000    0.26910677    0.27583323    0.28931463    0.29267190    0.36866871    0.38049149    0.38214479    0.40779251    0.44376412    0.47546991    0.47575217    0.48524096    0.48591134    0.48594035    0.48594798    0.48775777    0.48976268    0.49003745    0.49113222    0.49232260    
0.20000000    0.26926701    0.27580884    0.28922687    0.29281750    0.36890057    0.38062252    0.38236910    0.40784910    0.44423067    0.47539977    0.47571748    0.48527789    0.48591219    0.48594302    0.48595081    0.48779118    0.48979679    0.49008863    0.49109658    0.49245180    
0.21000000    0.26936219    0.27570787    0.28902961    0.29292226    0.36898849    0.38051529    0.38248354    0.40778195    0.44436623    0.47520530    0.47549541    0.48529726    0.48591230    0.48594240    0.48595072    0.48779492    0.48980468    0.49010873    0.49105484    0.49252590    
0.22000000    0.26944573    0.27553723    0.28869666    0.29301583    0.36900904    0.38021058    0.38255818    0.40757610    0.44441738    0.47495314    0.47510040    0.48530794    0.48591207    0.48593968    0.48594981    0.48778635    0.48979862    0.49009940    0.49100393    0.49257407    
0.23000000    0.26962493    0.27549819    0.28858719    0.29315639    0.36924782    0.38034367    0.38278943    0.40761174    0.44486453    0.47482546    0.47507195    0.48533848    0.48591276    0.48594251    0.48595173    0.48781593    0.48981284    0.49014824    0.49096617    0.49271608    
0.24000000    0.26973392    0.27539995    0.28838662    0.29324898    0.36934862    0.38025809    0.38292700    0.40754577    0.44503884    0.47463795    0.47485149    0.48535574    0.48591285    0.48594227    0.48595183    0.48782012    0.48981621    0.49016954    0.49092411    0.49280061    
0.25000000    0.26979225    0.27527647    0.28803492    0.29332188    0.36936437    0.37978040    0.38321812    0.40734966    0.44504290    0.47428281    0.47456142    0.48536377    0.48591246    0.48593673    0.48595392    0.48780658    0.48981448    0.49016564    0.49087038    0.49284048    
0.26000000    0.27001467    0.27519424    0.28791654    0.29344396    0.36961622    0.38004934    0.38332243    0.40735984    0.44548557    0.47424910    0.47436182    0.48538939    0.48591295    0.48594197    0.48595231    0.48783219    0.48981794    0.49020198    0.49083482    0.49299143    
0.27000000    0.27013582    0.27510194    0.28771719    0.29351586    0.36972806    0.37998739    0.38349471    0.40729434    0.44569629    0.47413619    0.47408699    0.48540412    0.48591303    0.48594211    0.48595262    0.48783680    0.48981864    0.49022110    0.49079361    0.49308015    
0.28000000    0.27018977    0.27497596    0.28741279    0.29352159    0.36973947    0.37966805    0.38363819    0.40711199    0.44563744    0.47381677    0.47377587    0.48540908    0.48591253    0.48593930    0.48595128    0.48781765    0.48981777    0.49022285    0.49074850    0.49310111    
0.29000000    0.27042587    0.27490836    0.28723101    0.29364825    0.36999626    0.37974768    0.38399397    0.40709789    0.44608331    0.47365367    0.47364143    0.48543103    0.48591284    0.48594142    0.48595280    0.48783960    0.48981784    0.49024613    0.49070684    0.49326151    
0.30000000    0.27055686    0.27482276    0.28703638    0.29369018    0.37011484    0.37971095    0.38420734    0.40702812    0.44632993    0.47344545    0.47349511    0.48544298    0.48591293    0.48594193    0.48595344    0.48784492    0.48981690    0.49026105    0.49066761    0.49334702    
0.31000000    0.27061117    0.27471285    0.28677584    0.29365239    0.37013305    0.37941292    0.38440983    0.40685927    0.44623846    0.47306100    0.47324905    0.48544647    0.48591228    0.48593943    0.48595170    0.48782058    0.48981652    0.49026533    0.49062758    0.49336296    
0.32000000    0.27085199    0.27465956    0.28657869    0.29373669    0.37039068    0.37944750    0.38491515    0.40680270    0.44666721    0.47288824    0.47311056    0.48546252    0.48591247    0.48594088    0.48595386    0.48783892    0.48981514    0.49027899    0.49058665    0.49349552    
0.33000000    0.27098886    0.27458563    0.28638980    0.29372474    0.37051225    0.37943715    0.38521900    0.40672273    0.44694926    0.47271728    0.47298435    0.48547119    0.48591259    0.48594173    0.48595520    0.48784570    0.48981311    0.49028970    0.49055038    0.49356587    
0.34000000    0.27107412    0.27453477    0.28616516    0.29367830    0.37058456    0.37921421    0.38562665    0.40659730    0.44689491    0.47235860    0.47285013    0.48547551    0.48591199    0.48593952    0.48595554    0.48782440    0.48981398    0.49029728    0.49051567    0.49359386    
0.35000000    0.27127758    0.27447888    0.28597898    0.29368634    0.37078858    0.37915368    0.38612910    0.40642627    0.44723270    0.47214920    0.47264195    0.48548311    0.48591194    0.48594037    0.48595612    0.48783183    0.48981136    0.49030003    0.49047778    0.49366044    
0.36000000    0.27141636    0.27443083    0.28579954    0.29365803    0.37090666    0.37917071    0.38649848    0.40630981    0.44754881    0.47201089    0.47255479    0.48548860    0.48591214    0.48594155    0.48595792    0.48784110    0.48980886    0.49030558    0.49044558    0.49370632    
0.37000000    0.27149556    0.27443429    0.28559332    0.29357755    0.37097433    0.37896165    0.38709113    0.40616977    0.44755273    0.47166144    0.47259255    0.48549060    0.48591167    0.48593941    0.48596107    0.48782180    0.48980966    0.49031207    0.49041556    0.49371674    
0.38000000    0.27165762    0.27440088    0.28537610    0.29354676    0.37113663    0.37884015    0.38770789    0.40596848    0.44776524    0.47140920    0.47245175    0.48549577    0.48591144    0.48593928    0.48596253    0.48782053    0.48980774    0.49031117    0.49038322    0.49376413    
0.39000000    0.27180289    0.27436034    0.28521338    0.29353463    0.37124737    0.37892431    0.38794709    0.40585497    0.44805553    0.47135639    0.47225222    0.48549952    0.48591159    0.48594137    0.48596177    0.48783263    0.48980501    0.49031420    0.49035651    0.49379791    
0.40000000    0.27187065    0.27442490    0.28504033    0.29347927    0.37130876    0.37873149    0.38867825    0.40573377    0.44810561    0.47103249    0.47245321    0.48550141    0.48591128    0.48593927    0.48596741    0.48781656    0.48980607    0.49032049    0.49033222    0.49381071    
0.41000000    0.27199382    0.27437407    0.28481417    0.29341399    0.37141952    0.37861443    0.38905547    0.40553647    0.44810162    0.47081955    0.47212751    0.48550362    0.48591064    0.48593913    0.48596459    0.48780578    0.48980462    0.49030774    0.49031793    0.49383002    
0.42000000    0.27213032    0.27436510    0.28468840    0.29345413    0.37151852    0.37871579    0.38931086    0.40546132    0.44844989    0.47080070    0.47206946    0.48550816    0.48591104    0.48594121    0.48596575    0.48782261    0.48980222    0.49028655    0.49031979    0.49387596    
0.43000000    0.27219643    0.27441343    0.28455313    0.29349356    0.37157297    0.37861400    0.38975926    0.40540886    0.44843392    0.47060480    0.47206676    0.48551169    0.48591060    0.48594037    0.48596726    0.48780991    0.48980249    0.49026928    0.49032290    0.49391162    
0.44000000    0.27223239    0.27440745    0.28435583    0.29341895    0.37156977    0.37840120    0.39005774    0.40525751    0.44835604    0.47033462    0.47197958    0.48551165    0.48591002    0.48593880    0.48596717    0.48778821    0.48980212    0.49025196    0.49032295    0.49390750    
0.45000000    0.27238378    0.27444261    0.28431177    0.29355297    0.37172105    0.37856198    0.39035493    0.40526691    0.44874001    0.47038521    0.47202625    0.48551794    0.48591059    0.48594102    0.48596953    0.48781368    0.48980058    0.49023755    0.49032452    0.49397711    
0.46000000    0.27242824    0.27445528    0.28422393    0.29354698    0.37175419    0.37849793    0.39053751    0.40521778    0.44873221    0.47026208    0.47199332    0.48551940    0.48591034    0.48594054    0.48596976    0.48780531    0.48980074    0.49022706    0.49032640    0.49399109    
0.47000000    0.27240546    0.27445101    0.28409645    0.29345076    0.37171370    0.37827534    0.39066539    0.40510295    0.44857636    0.47002295    0.47194501    0.48551773    0.48590973    0.48593843    0.48596941    0.48778229    0.48980098    0.49021817    0.49032703    0.49396960    
0.48000000    0.27252790    0.27446443    0.28409752    0.29357193    0.37183212    0.37846881    0.39079530    0.40514165    0.44889093    0.47014547    0.47196181    0.48552240    0.48591030    0.48594086    0.48597060    0.48780689    0.48979978    0.49021098    0.49032709    0.49402266    
0.49000000    0.27254363    0.27446816    0.28406789    0.29356846    0.37184347    0.37844788    0.39084888    0.40512497    0.44888905    0.47010336    0.47194976    0.48552289    0.48591021    0.48594071    0.48597061    0.48780400    0.48979977    0.49020742    0.49032773    0.49402751    
0.50000000    0.27242313    0.27450331    0.28401326    0.29345507    0.37176010    0.37808604    0.39101939    0.40505188    0.44865798    0.46974115    0.47211744    0.48551959    0.48590964    0.48593605    0.48597324    0.48778053    0.48980101    0.49020570    0.49032964    0.49398833    
