0.00000000    0.00000000   0.00000000   0.15957318   0.15957613   0.19848889   0.19848909   0.33805444   0.33806422   
1.00000000    0.04348671   0.04852585   0.16488473   0.16699671   0.20384310   0.20458299   0.34102794   0.34142143   
2.00000000    0.08543721   0.09690705   0.18036204   0.18749336   0.21907215   0.22185014   0.34978016   0.35129548   
3.00000000    0.12402513   0.14495380   0.20514971   0.21735380   0.24218483   0.24793113   0.36382074   0.36709147   
4.00000000    0.15767799   0.19236043   0.23820293   0.25321684   0.27099599   0.28030941   0.38181059   0.38797117   
5.00000000    0.18621300   0.23857106   0.27758401   0.29277993   0.30377248   0.31693978   0.39765160   0.41297921   
6.00000000    0.21041681   0.28254535   0.32081024   0.33457436   0.33952794   0.35627330   0.39803241   0.44111902   
7.00000000    0.23073950   0.32258041   0.36503760   0.37760594   0.37809629   0.39229983   0.39692898   0.44984462   
8.00000000    0.24683818   0.35684776   0.38040250   0.41611381   0.41925255   0.42105895   0.43657156   0.44074569   
9.00000000    0.25758952   0.37538139   0.38454430   0.42572549   0.46284273   0.46389931   0.46500839   0.46650370   
10.00000000    0.26146301   0.37327233   0.40277229   0.41225819   0.47501835   0.50061292   0.50875457   0.50966940   
11.00000000    0.26315478   0.37359862   0.40383439   0.41290044   0.47579077   0.50191000   0.50841334   0.51200088   
12.00000000    0.26811430   0.37450221   0.40692947   0.41469409   0.47773538   0.50525622   0.50771453   0.51891816   
13.00000000    0.27595677   0.37595208   0.41176874   0.41746677   0.47949675   0.50464370   0.50898680   0.52601112   
14.00000000    0.28609632   0.37788214   0.41790453   0.42101715   0.47942171   0.49944401   0.51012647   0.53019241   
15.00000000    0.29779617   0.38017766   0.42460963   0.42533925   0.47695420   0.49338972   0.50665794   0.53758101   
16.00000000    0.31018778   0.38266484   0.42958917   0.43197437   0.47274584   0.48740109   0.49950446   0.54686671   
17.00000000    0.32224018   0.38510709   0.43450543   0.43851044   0.46759683   0.48206517   0.49079881   0.55608247   
18.00000000    0.33268846   0.38721489   0.43967145   0.44389511   0.46203683   0.47783380   0.48249663   0.56366253   
19.00000000    0.34001723   0.38868275   0.44497896   0.44749741   0.45642967   0.47508627   0.47640803   0.56861957   
20.00000000    0.34275718   0.38926315   0.44873920   0.44894862   0.45248005   0.47397188   0.47424041   0.57045635   
21.00000000    0.33717670   0.38845928   0.44037544   0.44961092   0.45760491   0.47371449   0.48071690   0.56668492   
22.00000000    0.32174309   0.38869928   0.42530855   0.45120748   0.46350051   0.47143319   0.49684525   0.55471715   
23.00000000    0.29916631   0.39165702   0.40300773   0.45273750   0.46257756   0.46931449   0.50466731   0.50562534   
24.00000000    0.27192255   0.37049139   0.39661943   0.43124516   0.43835765   0.44090357   0.44647464   0.47538903   
25.00000000    0.24105135   0.32505328   0.37027268   0.37730934   0.38091849   0.39959987   0.40443717   0.46096566   
26.00000000    0.20637487   0.26777175   0.30638400   0.31863871   0.32691198   0.34254621   0.40859849   0.42617600   
27.00000000    0.16631554   0.20370847   0.24777795   0.26188776   0.27862421   0.28887453   0.38903564   0.39166078   
28.00000000    0.11798397   0.13674472   0.20057061   0.21144423   0.23775439   0.24294426   0.36185465   0.36324934   
29.00000000    0.06116896   0.06859277   0.17018707   0.17403008   0.20905140   0.21049818   0.34413544   0.34458550   
30.00000000    0.00000000   0.00000000   0.15957317   0.15957613   0.19848889   0.19848909   0.33805444   0.33806421   
