0.00000000    0.00000000   0.11180677   0.11186519   0.23801397   0.23806891   0.36780986   0.36979357   0.36981028   0.37063435   0.39593445   
1.00000000    0.01513387   0.11273770   0.11314603   0.23854453   0.23865927   0.36556688   0.36978043   0.37015372   0.37177192   0.39606750   
2.00000000    0.03016985   0.11550333   0.11690410   0.24013144   0.24042139   0.36098916   0.37005648   0.37117624   0.37341273   0.39631894   
3.00000000    0.04500382   0.12003069   0.12291182   0.24276045   0.24332929   0.35533213   0.37054838   0.37286123   0.37546510   0.39674741   
4.00000000    0.05952129   0.12622153   0.13085880   0.24640810   0.24734167   0.34909074   0.37124213   0.37517467   0.37810244   0.39737117   
5.00000000    0.07359911   0.13397302   0.14041494   0.25104200   0.25240458   0.34251419   0.37213401   0.37805959   0.38138536   0.39822548   
6.00000000    0.08711695   0.14318605   0.15127410   0.25662072   0.25845467   0.33573244   0.37322130   0.38142016   0.38532718   0.39937848   
7.00000000    0.09997993   0.15375605   0.16317454   0.26309221   0.26542238   0.32882203   0.37450118   0.38509125   0.38992213   0.40096156   
8.00000000    0.11214383   0.16555424   0.17590299   0.27038759   0.27323502   0.32184304   0.37597058   0.38879627   0.39515512   0.40321111   
9.00000000    0.12362590   0.17841825   0.18929015   0.27839550   0.28181933   0.31487969   0.37762604   0.39216048   0.40100498   0.40645429   
10.00000000    0.13449155   0.19216336   0.20320318   0.28681466   0.29110344   0.30819604   0.37946372   0.39490744   0.40744443   0.41091030   
11.00000000    0.14482686   0.20660604   0.21753815   0.29351123   0.30101818   0.30388440   0.38147932   0.39705466   0.41443452   0.41648959   
12.00000000    0.15471378   0.22158266   0.23221347   0.29072836   0.30966029   0.31149851   0.38366801   0.39878123   0.42188846   0.42291327   
13.00000000    0.16421635   0.23695245   0.24716449   0.28410501   0.31985456   0.32248218   0.38602433   0.40023660   0.42910313   0.42986288   
14.00000000    0.17337494   0.25255906   0.26233941   0.27704542   0.33108385   0.33391158   0.38854181   0.40149962   0.42891346   0.43674018   
15.00000000    0.18220191   0.26667426   0.27159711   0.27769617   0.34293212   0.34573147   0.39121215   0.40259878   0.42536687   0.43341312   
16.00000000    0.19067020   0.26195981   0.28517988   0.29319935   0.35526779   0.35788773   0.39402142   0.40352889   0.41754026   0.41883365   
17.00000000    0.19867922   0.25496900   0.30134807   0.30881892   0.36800658   0.37032295   0.39685880   0.40096937   0.40308455   0.40463424   
18.00000000    0.20595136   0.24835766   0.31771887   0.32452779   0.38104702   0.38295007   0.38407889   0.38771608   0.40009412   0.40492874   
19.00000000    0.21171696   0.24297549   0.33420352   0.34029992   0.36740229   0.37192096   0.39411005   0.39566933   0.40324958   0.40534212   
20.00000000    0.21414652   0.24067203   0.35064328   0.35090006   0.35598243   0.35623563   0.40233917   0.40438263   0.40785398   0.40811675   
21.00000000    0.21439780   0.24082722   0.35105931   0.35131219   0.35638325   0.35660933   0.39804029   0.40635698   0.40754642   0.40848396   
22.00000000    0.21514858   0.24129216   0.35230444   0.35254553   0.35758011   0.35772352   0.39257925   0.40351481   0.40953785   0.40987373   
23.00000000    0.21639000   0.24206329   0.35436997   0.35459074   0.35953868   0.35957015   0.38703039   0.39978690   0.41128728   0.41194180   
24.00000000    0.21810774   0.24313479   0.35724159   0.35743063   0.36204101   0.36227022   0.38152061   0.39541673   0.41372322   0.41444424   
25.00000000    0.22028254   0.24449868   0.36089963   0.36103084   0.36506983   0.36556461   0.37623145   0.39071302   0.41683564   0.41753649   
26.00000000    0.22289077   0.24614493   0.36517557   0.36531740   0.36799388   0.36827493   0.37279428   0.38618161   0.42060742   0.42125278   
27.00000000    0.22590525   0.24806161   0.36372352   0.37011321   0.37064802   0.37083138   0.37604361   0.38326687   0.42502349   0.42559590   
28.00000000    0.22929579   0.25023492   0.35860965   0.36848083   0.37637010   0.37657728   0.38148424   0.38462776   0.43006041   0.43055574   
29.00000000    0.23302987   0.25264928   0.35331645   0.36385332   0.38290693   0.38307085   0.38774177   0.38936003   0.43569741   0.43611680   
30.00000000    0.23707275   0.25528706   0.34803503   0.35828584   0.39008829   0.39022093   0.39465824   0.39555907   0.44190648   0.44225898   
31.00000000    0.24138747   0.25812819   0.34281405   0.35239337   0.39787691   0.39798443   0.40217010   0.40261743   0.44865241   0.44895923   
32.00000000    0.24593397   0.26114924   0.33768102   0.34637745   0.40623746   0.40632419   0.41022975   0.41033658   0.45587864   0.45619172   
33.00000000    0.25066727   0.26432164   0.33266182   0.34033591   0.41513522   0.41520481   0.41861117   0.41880610   0.46349256   0.46392641   
34.00000000    0.25553363   0.26760840   0.32778858   0.33433984   0.42453612   0.42459203   0.42739198   0.42784783   0.47143881   0.47212500   
35.00000000    0.26046260   0.27095772   0.32310773   0.32846333   0.43440677   0.43445275   0.43662357   0.43732441   0.47974498   0.48073979   
36.00000000    0.26535110   0.27429048   0.31869322   0.32280764   0.44471361   0.44475514   0.44626485   0.44719879   0.48842604   0.48970002   
37.00000000    0.27002893   0.27747541   0.31467179   0.31753909   0.45541676   0.45546855   0.45628433   0.45743442   0.49746556   0.49893010   
38.00000000    0.27418753   0.28028281   0.31126953   0.31296210   0.46636920   0.46656292   0.46675854   0.46799387   0.50675801   0.50812058   
39.00000000    0.27726346   0.28232481   0.30887214   0.30963617   0.47710912   0.47800382   0.47807027   0.47883605   0.49913042   0.50117819   
40.00000000    0.27844485   0.28309717   0.30798217   0.30837092   0.48704018   0.48892021   0.48893830   0.48981639   0.48982056   0.48995798   
41.00000000    0.27558398   0.28241964   0.30836381   0.31192947   0.46595584   0.46663519   0.48941036   0.48955451   0.49040980   0.49044914   
42.00000000    0.26766244   0.28287135   0.30895109   0.32000734   0.44212566   0.44421583   0.48674308   0.48793037   0.49120851   0.49146413   
43.00000000    0.25776132   0.28430151   0.30990713   0.32947852   0.41834833   0.42168596   0.46693353   0.46703107   0.49364065   0.49394260   
44.00000000    0.24707883   0.28641096   0.31121238   0.33940049   0.39464130   0.39914322   0.44620061   0.44729920   0.49296841   0.49694091   
45.00000000    0.23595185   0.28912013   0.31281404   0.34942971   0.37105306   0.37668009   0.42587158   0.42784314   0.48590227   0.49941366   
46.00000000    0.22449067   0.29238242   0.31455624   0.34728948   0.35447249   0.35972866   0.40605136   0.40875171   0.47866727   0.49295194   
47.00000000    0.21272684   0.29614631   0.31553263   0.32400639   0.33343544   0.36935923   0.38707025   0.39012849   0.47119186   0.48020414   
48.00000000    0.20065503   0.29947115   0.30171592   0.30616974   0.32309681   0.36691407   0.37212733   0.38081122   0.46278052   0.46613220   
49.00000000    0.18824551   0.27769805   0.28564421   0.30515754   0.32405712   0.34949467   0.35510806   0.39014637   0.45173263   0.45246017   
50.00000000    0.17544489   0.25504856   0.26419038   0.31005132   0.32460397   0.33263432   0.34070243   0.39965651   0.43953217   0.43956682   
51.00000000    0.16216922   0.23285050   0.24288416   0.31277239   0.31685646   0.31924468   0.33590398   0.40867729   0.42760146   0.42781485   
52.00000000    0.14829024   0.21133038   0.22198665   0.30041214   0.30329403   0.32236006   0.33820855   0.41449759   0.41688940   0.41888489   
53.00000000    0.13361958   0.19081009   0.20169996   0.28683065   0.28966735   0.32823749   0.34194953   0.40598250   0.40694691   0.42319830   
54.00000000    0.11791206   0.17172955   0.18226524   0.27452078   0.27704314   0.33448757   0.34618432   0.39722250   0.39808909   0.42395246   
55.00000000    0.10093092   0.15460316   0.16400826   0.26375327   0.26579314   0.34092673   0.35067341   0.38960125   0.39040676   0.41761532   
56.00000000    0.08258140   0.13990575   0.14738287   0.25469948   0.25617686   0.34743371   0.35527465   0.38322810   0.38397444   0.41149501   
57.00000000    0.06299898   0.12799460   0.13301362   0.24749995   0.24841930   0.35384328   0.35982638   0.37814391   0.37884377   0.40582721   
58.00000000    0.04248587   0.11915823   0.12171052   0.24226950   0.24271724   0.35986408   0.36407505   0.37432276   0.37501669   0.40090889   
59.00000000    0.02138283   0.11368501   0.11439205   0.23909362   0.23922885   0.36494588   0.36761777   0.37156980   0.37235547   0.39731830   
60.00000000    0.00000000   0.11180677   0.11186519   0.23801397   0.23806891   0.36780987   0.36979358   0.36981029   0.37063435   0.39595211   
61.00000000    0.02138291   0.11368559   0.11439140   0.23909390   0.23922852   0.36494899   0.36761443   0.37156985   0.37235545   0.39732619   
62.00000000    0.04248611   0.11915881   0.12170984   0.24226977   0.24271685   0.35986876   0.36406948   0.37432293   0.37501664   0.40091766   
63.00000000    0.06299936   0.12799516   0.13301293   0.24750019   0.24841887   0.35384837   0.35981975   0.37814407   0.37884387   0.40583516   
64.00000000    0.08258197   0.13990625   0.14738219   0.25469969   0.25617639   0.34743875   0.35526750   0.38322821   0.38397470   0.41150190   
65.00000000    0.10093172   0.15460358   0.16400761   0.26375344   0.26579265   0.34093156   0.35066594   0.38960129   0.39040716   0.41762188   
66.00000000    0.11791314   0.17172987   0.18226460   0.27452089   0.27704259   0.33449210   0.34617660   0.39722247   0.39808967   0.42394717   
67.00000000    0.13362094   0.19081031   0.20169934   0.28683069   0.28966673   0.32824171   0.34194163   0.40598236   0.40694778   0.42319221   
68.00000000    0.14829184   0.21133052   0.22198603   0.30041207   0.30329319   0.32236395   0.33820065   0.41449612   0.41689129   0.41887997   
69.00000000    0.16217103   0.23285058   0.24288355   0.31277300   0.31685559   0.31924628   0.33589705   0.40867300   0.42760214   0.42781464   
70.00000000    0.17544691   0.25504860   0.26418976   0.31005397   0.32459728   0.33263424   0.34070034   0.39965247   0.43953019   0.43956990   
71.00000000    0.18824769   0.27769806   0.28564342   0.30515994   0.32404845   0.34949453   0.35510780   0.39014255   0.45173405   0.45246076   
72.00000000    0.20065735   0.29947183   0.30171751   0.30616733   0.32308899   0.36691352   0.37212812   0.38080728   0.46278457   0.46613265   
73.00000000    0.21272925   0.29614789   0.31552359   0.32400633   0.33343430   0.36935629   0.38707067   0.39012763   0.47119621   0.48020470   
74.00000000    0.22449315   0.29238358   0.31454601   0.34728937   0.35447343   0.35972479   0.40605150   0.40875134   0.47867132   0.49295239   
75.00000000    0.23595433   0.28912086   0.31280346   0.34942767   0.37105311   0.37667945   0.42587165   0.42784292   0.48590569   0.49941470   
76.00000000    0.24708122   0.28641132   0.31120156   0.33939869   0.39464131   0.39914279   0.44620068   0.44729909   0.49297096   0.49694153   
77.00000000    0.25776345   0.28430152   0.30989610   0.32947719   0.41834834   0.42168565   0.46693425   0.46703056   0.49363621   0.49394414   
78.00000000    0.26766390   0.28287111   0.30893990   0.32000674   0.44212566   0.44421561   0.48674336   0.48793021   0.49120360   0.49146564   
79.00000000    0.27558403   0.28241920   0.30835269   0.31193021   0.46595588   0.46663509   0.48940030   0.48956214   0.49040981   0.49044918   
80.00000000    0.27844413   0.28309465   0.30798155   0.30836384   0.48703982   0.48892107   0.48893851   0.48980735   0.48981738   0.48996200   
